참가수,공고번호,공고차수,판단번호,항목번호,입찰명,업무구분,발주기관코드,발주기관,개찰일시,낙찰자(업체코드),낙찰자(상호),낙찰자(영문상호),낙찰자(대표자),낙찰자(연락처),낙찰자(주소),낙찰률,낙찰금액
2,UAB0105,1,65201,***,'25년 대천콘도 전기안전관리 대행 용역(긴급 재공고),용역,UAB,국군복지단,202412311700,G2D69,(주)중부전기안전관리,joonghujungi annejuan,신순식,0416313395,충청남도 홍성군 홍성읍 의사로72번길30-14,98.961,8743680
283,SDQ0127,1,61399,***,"제한기, 유체유동형 등 52종 구매",물품,SDQ,해군제2수리창,202412311330,I293B,영란 주식회사,Young Ran Corportion,김영란,07046491151,경기도 고양시 일산서구 주엽로150-0 (주엽동),88.032,77491280
75,HDQ0087,1,63865,***,20비 24-통합간부식당 식자재(가공품),물품,HDQ,제20전투비행단,202412311100,L808E,정연,,이정숙,01026170850,"경기도 부천시 송내대로73번길46, 7층 H14호(상동, 대양훼미리코아)",83.042,307369716
298,LHM0122,1,64183,***,군-위-293 공병대대 탄약고 지붕보수 등 2건(자재구매,물품,LHM,제15보병사단,202412311100,MF511,시너지원주,,노미애,01048375254,"강원특별자치도 원주시 오성마을길63-25 (단구동, 원주단구 내안애카운티 에듀파크 1단지) 상가동 2층 201-p427호",88.026,26388089
5,LHG0064,1,63941,***,'24년 임차사업(식기세척기) 계약,용역,LHG,제1862부대,202412311100,C7B7E,주식회사 누마스타,NUMASTER,정순금,0317678237,경기도 광주시 초월읍 장담길 21-80( ),86.165,385579633
23,SCN0211,1,63774,***,가지 등 69종 구매,물품,SCN,제7001부대,202412311030,LB1CA,진해식자재마트,,박종열,0555527091,경상남도 창원시 진해구 조천북로76-0 (경화동),88.062,96926600
3,HDC0049,1,64678,***,25-용-3 생활폐기물 위탁처리용역,용역,HDC,공군제1전투비행단,202412311030,GB088,(주)조선우드,chosunwood,선연담,0622626777,광주광역시 광산구 하남산단5번로99-11 (장덕동),88.813,74930820
3,SDF0190,2,62452,***,25-항-03 00병원 의료폐기물처리용역,용역,SDF,제5738부대,202412311030,L0004,주식회사 엘에스메디,,이우혁,0326763006,경기도 부천시 원미구 평천로797-14 (도당동),88.281,25212000
3,SFL0068,1,63379,***,25-교-생활폐기물 처리용역,용역,SFL,제3283부대,202412311030,G823E,주식회사유공개발,YO GONG GAE BAL,안도영,0542448628,경상북도 포항시 남구 송도로35-1 (송도동),88.141,47632400
4,SFL0067,1,63373,***,25-교-음식물류 폐기물 처리용역,용역,SFL,제3283부대,202412311030,LB1AE,이강주 농장,,이강주,010-3533-8277,경상북도 영천시 임고면 감나무골길21-26,88.197,34480420
23,LHD0061,1,64004,***,역사관 파고라어닝 제조 설치(X164),물품,LHD,제21보병사단,202412311030,E0464,주식회사 플레이공간,"PLAYSPACE Co.,Ltd",김혜경,0319447047,경기도 파주시 웅지로76-43 (탄현면),88.09,44961920
308,LMH0085,1,64239,***,[B294] 상승 5동 5세대 도배장판 설치납품,물품,LMH,제7군단,202412311030,IDF65,리네,,배하영,0314393583,경기도 시흥시 배미골길10-13 (목감동),88.005,40674980
10,SCN0209,1,63773,***,가스오부시 등 99종 구매,물품,SCN,제7001부대,202412311030,MFFA1,에이스유통,,양영호,010-8254-2550,"경상남도 창원시 진해구 충무로23, 상가1동 지하1층 비105호(신흥동, 블루빌)",88.288,91799380
17,SFG0155,1,64217,***,"25-K-전기안전관리대행(인천,강화)",용역,SFG,제9181부대,202412311030,I45C2,경인전기주식회사,kyunginjeongicompany,한상엽,0324338448,인천광역시 남동구 성말로53번길9-5 (구월동),88.124,78015000
10,SCN0208,1,63772,***,가자미 등 28종 구매,물품,SCN,제7001부대,202412311030,L7026,영진식자재,,권영희,010-9331-7380,경상남도 창원시 진해구 조천북로62-0 (경화동) 101호,88.242,30445000
10,SCN0210,1,63769,***,배추김치 등 3종 구매,물품,SCN,제7001부대,202412311030,G1EEC,지(g)-마트,G-mart,송낙천,0555523355,"경상남도 창원시 진해구 조천북로62 105(경화동,하이존상가 105~107)",89.311,34656000
46,SFG0154,1,64216,***,25-K-전기안전관리대행(김포),용역,SFG,제9181부대,202412311030,HA6B3,주식회사 우경이엠씨,wookyungemc,이동현,0312631533,"경기도 화성시 삼성1로5길6,  비401호 (석우동, 원희캐슬동탄)",87.786,161981301
5,MDG0234,3,49113,***,25년 상병건강검진결과 모바일 서비스 용역,용역,MDG,국군의무사령부,202412301100,K1E91,주식회사 피어나인,,안광수,02-780-8003,"경상북도 포항시 남구 청암로87, 6060호(지곡동, 체인지업 그라운드)",96.924,47300000
1572,LPM0077,1,63729,***,"더 좋은 병영식당 자산취득비, 취사기구유지비 구매 2",물품,LPM,제9보병사단사령부,202412301100,N0BCD,고스페이스,,고산,01090578107,"경기도 평택시 고덕국제8로100, 1325동 2301호(고덕동, 고덕국제신도시제일풍경채2차에듀)",88,36406770
3,SFL0065,1,63375,***,25-교-오/폐수처리시설 위탁관리용역,용역,SFL,제3283부대,202412301030,F066B,주식회사 씨엔지환경,Clean and Green Environment Co.Ltd,이동영,054-471-3861,"경상북도 구미시 산호대로187-0 (공단동, 낙동상가)606호",88.104,24809000
49,UAB0103,1,64590,***,면세보급차량 리프트 제조구매 재공고,물품,UAB,국군복지단,202412301030,K080E,주식회사 대덕아이엠티,,오한웅,0429362390,대전광역시 유성구 테크노1로11-7 (관평동),91.777,49610000
19,LGT0120,1,63195,***,주거시설 설비자재 설치납품(GA-245),물품,LGT,제2307부대,202412301030,KC414,바른사람들,,이춘희,01066808456,"강원특별자치도 강릉시 남부로125번길7, 105동 1003호(노암동, 노암3차한라아파트)",88.02,30416300
41,SCL0058,1,63464,***,냉온정수기 등 2종 21대 임차 용역,용역,SCL,해군사관학교,202412301030,J5B38,제이유텍,,강쥴리,01098075579,경상남도 창원시 마산회원구 합포로274 (양덕동) 4층 401-D6호,88.002,24912260
1430,MHD0001,1,00119,***,2025년 방위사업교육원 환경미화(청소) 용역,용역,MHD,방위사업청(운영지원과),202412301030,B3B22,(주)비엠서비스,"BM SERVICE CO., LTD",우남숙,032-472-4605,"인천광역시 남동구 인주대로670, 906-2호 (구월동,인향콤비타워)",90.005,59772240
5,SEE0060,1,63470,***,25-J-승강기 운행관리 위탁용역,용역,SEE,제9해병여단,202412301030,I3CEA,주식회사 삼일승강기,Samil  Industrial Electricity,양인실,0647521900,제주특별자치도 제주시 조천읍 신조로164,88.436,3622000
20,SEE0059,1,63465,***,25-J-전기안전관리대행 용역,용역,SEE,제9해병여단,202412301030,D1CAD,(주) 아성기술단,"A-SUNG TECHNIQUE Co., Ltd",현봉식,0647630072,"제주특별자치도 서귀포시 동홍로162번길3, 5층(동홍동)",88.01,32413920
2,LGT0119,1,63880,***,주거시설 도배 설치납품(GA-244),물품,LGT,제2307부대,202412301030,B4851,주식회사 새론씨앤씨,Saeron C&C,김명기,0334812731,강원특별자치도 양구군 양구읍 택지길98-4,89.178,16916237
4,LGT0118,1,63193,***,주거시설 도배 설치납품(GA-242),물품,LGT,제2307부대,202412301030,A464C,(주)고려개발,"Corea.Co,Ltd",김광수,0334622076,"강원특별자치도 인제군 인제읍 인제로193번길4, 4층 401호",88.6,83760000
14,MCX0085,1,63761,***,25-1차 생도증식(숙주나물 등 371종) 구매,물품,MCX,자운대근무지원연대,202412301030,MAFD1,제일유통,,이기현,01089447642,대전광역시 서구 가수원로38-0 (가수원동),88.075,65098430
7,SCL0059,1,63722,***,25-00학교 승강기 유지관리 용역,용역,SCL,해군사관학교,202412301030,J843F,주식회사 한림엘리베이터,,서정훈,0552762776,"경상남도 창원시 의창구 소계로12-0, 테크동 301-3호(팔용동, 창원테크노밸리)",88.143,29924400
46,SFG0153,1,63686,***,25-K-청룡회관 전기안전관리대행,용역,SFG,제9181부대,202412301030,A5F5D,(주)한국전기,hankook,김소희,0312620471,"경기도 용인시 수지구 고기로203-0 (동천동, 한국빌딩)",88.014,4916740
10,LCP0057,1,62959,***,'25년 헬기위치추적체계(HAPS) SW 유지보수 용역,용역,LCP,육군항공사령부,202412271130,C3EBC,주식회사 아이티코리아,"Information Technology Korea co.,Ltd",김정일,07075258077,충청남도 공주시 번영1로52-0 (신관동),87.955,44920000
62,UMM1375,1,52764,***,25-D-계룡대 출입통제체계 유지보수,용역,UMM,국군재정관리단,202412271100,JF5CF,주식회사 혜성정보시스템,,허정성,01029330838,인천광역시 서구 파랑로495-0 (청라동) 에이스하이테크시티청라 1동 725호,87.758,119967800
1006,LPM0076,1,63177,***,취사기구 자산취득비 / 취사기구 유지비 구매 계약,물품,LPM,제9보병사단사령부,202412271100,K4572,녹양코리아,,김지영,01028881825,경기도 의정부시 경의로70 (의정부동)5층 5329호,88.001,18015591
25,LPM0075,1,63174,***,"더 좋은 병영식당 자산취득비, 취사기구유지비 구매 8",물품,LPM,제9보병사단사령부,202412271100,K62E3,충이네트워크,,이정배,01023347671,경기도 포천시 소흘읍 호국로287번길17-17 8동102-18호,88.123,2156120
161,LPM0074,1,63173,***,"더 좋은 병영식당 자산취득비, 취사기구유지비 구매 7",물품,LPM,제9보병사단사령부,202412271100,K4990,베야비스타,,임호,01051730277,"경기도 수원시 장안구 정자천로189번길40-0 (정자동, 연꽃마을벽산아파트) 423동 2004호",88.012,3236610
1648,LPM0073,1,63172,***,"더 좋은 병영식당 자산취득비, 취사기구유지비 구매 6",물품,LPM,제9보병사단사령부,202412271100,K4479,주식회사 초이,,안준혁,0317864395,"경기도 군포시 용호2로61, 203-101호(당동, 무광프라자)",88,15049870
1704,LPM0072,1,63171,***,"더 좋은 병영식당 자산취득비, 취사기구유지비 구매 5",물품,LPM,제9보병사단사령부,202412271100,E08C8,세종기업 주식회사,세종기업(주),신동선,0313220523,경기도 용인시 처인구 포곡읍 곡현로117번길34-1,88.001,24460930
3,UMM1380,1,63043,***,(24G322-A)무인고정형 스펙트럼 탐지체계 금융리스,물품,UMM,국군재정관리단,202412271100,M501B,미래에셋캐피탈(주),,이만희,027879295,"서울특별시 중구 을지로5길26, 6층 (수하동, 미래에셋센터원 웨스트타워)",95.526,4066613600
2,UMM1379,1,62603,***,24-M-브리핑체계 교체 등 10건 통합 금융리스,물품,UMM,국군재정관리단,202412271100,M501B,미래에셋캐피탈(주),,이만희,027879295,"서울특별시 중구 을지로5길26, 6층 (수하동, 미래에셋센터원 웨스트타워)",96.212,8500427280
197,HDM0060,1,58514,***,17비 항공관제레이더 3차전력화기지 수배전반,물품,HDM,공군제17전투비행단,202412271030,F1B8D,주식회사 대일하이텍,DEAIL HIGH TECH,박상규,0635633481,전북특별자치도 고창군 아산면 아산농공단지길25-14,83.01,185600410
668,HDT0032,1,64166,***,오산 간부숙소 전자레인지 구매,물품,HDT,공군작사근무지원단,202412271030,M9F5E,만수르주주컴퍼니,,고현정,07076129238,"경기도 하남시 미사강변중앙로11, 7층 708호(풍산동, 두산 더프론트 미사)",88,62396600
55,SDQ0126,1,63120,***,튜브 조립체 등 2종 구매,물품,SDQ,해군제2수리창,202412271030,K9A22,오공상사,,김도연,01052181431,"경기도 평택시 안중읍 안현로서6길10, 305동 B08호",88.002,14626450
484,LGT0115,1,63075,***,'24년 AA 리튬 건전지 세트 구매(24-GP-121),물품,LGT,제2307부대,202412271030,H39F7,주식회사 천광,chenguang,홍성표,0334411888,강원특별자치도 인제군 인제읍 광치령로1170,88.002,42856620
1032,HDM0062,1,63662,***,[24-1160] 급수가압 입형다단펌프,물품,HDM,공군제17전투비행단,202412271030,JFC80,엠에스토탈,,문숙,01089783235,"경기도 안산시 단원구 석수로138 (선부동), 201동 1115호 (선부동, 안산 메트로타운 푸르지오 힐스테이트 오피스텔)",88.012,28663500
43,SFD0131,1,63175,***,25년 전관방송 및 광전송장비 외주정비 용역,용역,SFD,제9227부대,202412271030,A126E,(주)산들정보통신,sandeul Information Communication Co. Ltd,김현주,0533261640,경상북도 경산시 경안로39길31(중방동) 2층,87.897,104662240
115,SCP0127,1,61352,***,오렌지 등 14종 구매,물품,SCP,제8385부대,202412271030,MA7F3,마리푸드,,김대현,01092823987,인천광역시 서구 염곡로15번길7-0 (가좌동) 2층 203호,88.018,109773400
201,SCP0128,1,61318,***,수육용 돼지고기 등 9종 구매,물품,SCP,제8385부대,202412271030,H58AB,주식회사 엔미디어솔루션,N-media solution,이근식,01042405887,"인천광역시 계양구 계산새로71, 비동 310호(계산동, 하이베라스)",82.999,208872322
5,SCP0126,1,61302,***,25-동 음식물류폐기물 처리 용역,용역,SCP,제8385부대,202412271030,LB3AD,강릉청소용역,,홍현기,01020024578,"강원특별자치도 강릉시 강변로670번길16-0, 가동 1호(두산동)",84.436,114318500
40,SCF1127,1,60919,001,팥빙수(빙과류) 구매,물품,SCF,해군군수사령부,202412271030,H3C83,주식회사 프라임푸드시스템,primefood,허두임,0555523375,경상남도 창원시 진해구 안골로285번길12-1 (안골동),88.022,1676
12,SCF1128,1,59534,***,'25년 국외항공 특송 수송용역,용역,SCF,해군군수사령부,202412271030,C8440,주식회사 천일로직스,chunil logics,김규달,0426321001,"대전광역시 동구 한밭대로1301, 엔에스빌딩 제1동, 301호(용전동)",87.807,42820600
125,HDM0061,1,58520,***,17비 항공관제레이더 3차전력화기지 자동제어,물품,HDM,공군제17전투비행단,202412271030,D867A,유한회사 지에이시스템,gasystem,원승연,0632749000,전북특별자치도 전주시 완산구 백제대로305-0 (중화산동2가),88.029,179995231
4,UAB0101,1,63162,***,"'25년 휴양시설(송정,화진포,청간정)전기안전대행용역",용역,UAB,국군복지단,202412261700,F9940,(주) 현대전기안전관리,hyundai,박준범,0336510133,강원특별자치도 강릉시 성덕포남로182번길3-0 (포남동),88.12,20949960
2,UAB0095,1,62843,***,'25년 서귀포호텔 세탁물 처리 용역,용역,UAB,국군복지단,202412261500,M6995,주식회사살림과드림,,조윤재,0647441297,제주특별자치도 제주시 통물길48-0 (외도일동),88.994,119980000
2,UAB0100,1,62975,***,'25년 청간정콘도 세탁물처리 용역,용역,UAB,국군복지단,202412261500,LA5FB,퓨어클린,,이찬형,0336538953,강원특별자치도 강릉시 강변로648번길40(두산동),88.712,149244977
2,UAB0099,1,62965,***,'25년 화진포콘도 세탁물처리 위탁용역(긴급),용역,UAB,국군복지단,202412261500,N0545,주식회사아이엘,,박애자,01072165238,강원특별자치도 원주시 현충로157-0 (태장동)302,88.322,172280000
122,MCS0141,1,62736,***,'25년 간부식당 식자재 및 소모품 구매,물품,MCS,국방부계룡대근무지원단,202412261100,H12E0,주식회사 세운축산,sewoon,구태우,0537429245,대구광역시 동구 반야월북로12길14-18(율암동),83.003,2466334905
3,HDT0030,1,62794,***,작근단 유휴시설 철거 소각폐기물처리용역,용역,HDT,공군작사근무지원단,202412261100,EF7E6,이도에코오산 주식회사,"DS E&E Co.,Ltd",박성진,0313744859,경기도 오산시 황새로149번길55-0 (누읍동),88,19425000
38,LKF0087,1,61299,***,00부대 모듈러 간부숙소 신축(37실) 건설폐기물용역,용역,LKF,제6755부대,202412261100,AA4BE,대림산업(주),DAE RIM SANAUP,이경호,0547765867,경상북도 경주시 천북면 화산공단길52-52,88.022,33422700
2,HCR0007,1,00108,***,25년 국지공역감시체계(PSE) 유지보수,용역,HCR,공군제15특수임무비행단,202412261100,G6E56,주식회사 씨엔테크,CNTech,김훈석,07077208157,"경기도 김포시 양촌읍 황금로117, 이젠테크노존 가동 411호",88.274,39650000
3,HCR0005,1,00107,***,25년 항행안전시설 유지보수,용역,HCR,공군제15특수임무비행단,202412261100,G6E56,주식회사 씨엔테크,CNTech,김훈석,07077208157,"경기도 김포시 양촌읍 황금로117, 이젠테크노존 가동 411호",88.188,68400000
8,UMM1371,1,60171,***,25-M-상병건강검진 부분 및 영상판독 위탁 용역,용역,UMM,국군재정관리단,202412261100,J95FE,중앙기업의원,,김주호,0537417300,"대구광역시 수성구 달구벌대로527길2-0 (만촌동) 2층,3층",87.967,130121277
4,HDE0016,1,62894,***,공군호텔 객실등 2개소 세탁물 처리 용역,용역,HDE,공군항공안전단,202412261030,H146C,그린태크 주식회사,Greentech,홍인근,01035874854,경기도 안성시 고삼면 개울말길33-39,88.238,167079000
13,MCS0003,1,00112,***,25-계룡대 승강기 유지보수 관리용역,용역,MCS,국방부계룡대근무지원단,202412261030,IDA1A,주식회사 동양엘리베이터,,정선태,0415871562,충청남도 천안시 서북구 성환읍 신방로142-15,88.268,67115570
2,SFG0152,1,62628,***,25-K-청룡회관 정화조 청소용역,용역,SFG,제9181부대,202412261030,C0EF0,(주)김포정화조,,박미정,0319889980,"경기도 김포시 하성면 하성로428번길11, 2층",99.323,1790000
28,SFL0062,1,62567,***,25-교-하수관로 준설 및 청소용역,용역,SFL,제3283부대,202412261030,GBC69,서진건설 주식회사,seojin,박효순,0543316615,경상북도 영천시 최무선로204(성내동),88.158,7996362
16,SFM0102,1,62481,***,25-S-전기안전관리 대행 용역,용역,SFM,제3170부대,202412261030,FA5FD,주식회사 한동씨앤이,HANDONG C&E,김진국,0542834572,경상북도 포항시 북구 해안로221번길7-0 (두호동),88.055,20635460
4,HFG0007,1,62914,***,25년 무기체계 사이버취약점 점검도구 유지보수용역,용역,HFG,공군제7항공통신전대,202412261030,JCD34,다알시스 주식회사,,최윤호,07086571692,"경기도 수원시 권선구 일월천로4번길2, 4층(구운동, 씨지에스빌딩)",98.846,38190000
7,MCN0013,1,00104,***,'25년 의약품 구매,물품,MCN,국방부근무지원단,202412261030,MB54B,(주)한아름바이오팜,,이철구,0263382454,"서울특별시 강동구 양재대로124길39-0 (길동, 진명빌딩),201-B호",88.037,88153036
5,SCR0138,1,62718,***,25-0함대 전기안전관리 대행 용역,용역,SCR,해군제3함대사령부,202412261030,L4535,대광전기시스템,,전해석,01036385470,전라남도 화순군 한천면 학포로1741-8,95.924,52373200
24,SFH0003,1,00111,***,25-B-소형 M/W 유지보수 용역(도서지역),용역,SFH,제9196부대,202412261030,DF9F3,주식회사 세븐전자코리아,SEVEN ELECTRONICS KOREA,김규근,0327776958,"인천광역시 중구 참외전로110-6, 1층 (인현동)",88.003,30908100
11,MCX0084,1,62699,***,25-자운대지역 승강기 관리용역,용역,MCX,자운대근무지원연대,202412261030,A3D68,제일엘리베이터,jeil elevator,안중업,0426367676,대전광역시 대덕구 한밭대로1036번길 27(오정동),88.061,47308800
2,LCG0108,1,62586,***,[24-육-330] '25년 육군지 우편물 포장 및 발송 용역,용역,LCG,육군본부,202412261030,N0C32,더존데이터,,구민경,010-5158-4266,충청남도 금산군 금산읍 뒷담말길16-1,95.651,22800000
40,SFH0004,1,00113,***,25-B-프린터 렌탈 용역(도서지역),용역,SFH,제9196부대,202412261030,L45C1,미라클소프트,,김상진,01032733736,"인천광역시 서구 원당대로840번길21-0 (당하동, 풍림아이원아파트) 820동 1001호",87.753,103704940
52,SFD0130,1,62572,***,24-P-해안복합감시체계 외주정비 용역,용역,SFD,제9227부대,202412261030,D2AB0,(주)동해정보통신,DH,강석,0547764500,경상북도 경주시 재동길52-0 (충효동),87.748,172135120
11,SDG0071,1,61730,***,배추 등 100종 구매,물품,SDG,제2002부대,202412261030,I1C95,주식회사상아에프에스,sangafs,이진숙,0327155635,"인천광역시 남동구 찬우물로33, 2층 (수산동)",97.464,146704900
5,SCN0205,1,62160,***,25-진-01 음식물류 폐기물 처리용역,용역,SCN,제7001부대,202412261030,K555F,(유)창성상사,,하창섭,0552523182,"경상남도 창원시 마산합포구 창동거리길51-2, 3층(창동)",84.342,66885253
381,SCF1126,1,54317,***,프레임 등 16종 구매,물품,SCF,해군군수사령부,202412261030,ECF32,세종상사,,노정래,010-9384-8831,경상남도 창원시 진해구 여명로52 (여좌동),91.387,79550000
21,UAB0092,1,62721,***,서귀포호텔 전기안전관리 대행 위탁용역,용역,UAB,국군복지단,202412241700,M728D,보호전기안전주식회사,,김대호,34097265115,제주특별자치도 제주시 서광로229-1 (삼도일동),88.064,13412140
3,LDH0922,1,61641,***,"(자재) 희석제,페인트제품용 구매",물품,LDH,육군종합정비창,202412241300,1148F,주식회사 카보라인코리아,Carboline Korea Ltd,이동현,0553436441,경상남도 김해시 진영읍 본산로81-0,88.563,9470000
4,LDH0924,1,61673,***,(자재) 제재목 등 9종 구매,물품,LDH,육군종합정비창,202412241300,E8ED7,주식회사 유퍼니,YOUFUNI,김정기,01099327978,경기도 포천시 호국로929번길71 (설운동),88.602,47305700
4,LNR0039,1,61908,***,'25년 생활폐기물 처리 용역,용역,LNR,수도기계화보병사단,202412241100,K3F77,케이에스에코그린 주식회사,,김식,0316841005,경기도 평택시 청북읍 청오로439-39,84.751,161476375
4,HCM0077,1,62352,***,24-11-398 냉장고 1품목,물품,HCM,공군교육사령부,202412241100,I86DF,이룸상사,EROOM company,이계현,01054448496,경상남도 진주시 대신로283번길15-4 (상대동),97.638,24407077
14,MCS0140,1,59807,***,방향제 등 64종 구매,물품,MCS,국방부계룡대근무지원단,202412241100,IEA63,(주)우리디자인,,조정선,0428416668,충청남도 계룡시 금암로26-0 (금암동) 105호,88.009,34953513
10,HDF0066,1,62016,***,'25년 오수처리시설 관리용역,용역,HDF,공군 제8전투비행단,202412241100,BB989,(주)녹색,green,이주철,0337664607,강원특별자치도 원주시 반곡길168-2 (반곡동) (2층),88.149,31822190
14,SFC0176,1,62329,***,25-덕-음식물 폐기물 처리 용역,용역,SFC,제9691부대,202412241100,K4243,주식회사 혜인이엔씨,,손범석,0313661548,경기도 화성시 팔탄면 노하길472-11,88.097,35614275
15,SFC0175,1,62319,***,25-덕-오폐수처리시설 위탁관리 용역,용역,SFC,제9691부대,202412241100,A6DA1,대명엔텍 주식회사,DAEMYUNGENTEC CORP.,김용환,0313558101,"경기도 화성시 남양읍 현대기아로494, 1동A호",88.022,12438000
6,HDL0028,1,62155,***,25년 컬러프린터 임차용역,용역,HDL,공군제16전투비행단,202412241100,J7C88,베스트 사무기,,오선희,0542757977,"경상북도 포항시 북구 창흥로67 (창포동, 주공두호아파트2차)",88.256,25551217
1864,UMM1378,1,62144,***,(246404-C) 25년 계룡스파텔 호텔용품 구매,물품,UMM,국군재정관리단,202412241100,J97FA,휴앤케어,,박진형,0533272208,대구광역시 북구 학남로60 (학정동),87.995,127770810
2,UMM1374,1,61710,***,2(24F317-A) 24-3차 정보화사업 통합금융리스,물품,UMM,국군재정관리단,202412241100,B179B,롯데캐피탈(주),LOTTE CAPITAL,추광식,0234510099,"서울특별시 강남구 테헤란로 142(역삼동, ARC PLACE) 7층",99.166,16305609190
4,UMM1364,1,61194,***,(24G304-I) 출입통제시스템 노후 교체사업(금융리스),물품,UMM,국군재정관리단,202412241100,B179B,롯데캐피탈(주),LOTTE CAPITAL,추광식,0234510099,"서울특별시 강남구 테헤란로 142(역삼동, ARC PLACE) 7층",97.918,589475790
5,UMM1365,1,61109,***,(24F315-A) 25년 음식물류 폐기물 위탁처리용역,용역,UMM,국군재정관리단,202412241100,H229C,중원산업,JUNGWON Industry,김경민,01062460327,충청북도 충주시 주덕읍 화개1길16 (서충주신도시 삼일파라뷰 그랜드센트럴) 220동 212호,81.166,206903827
4,UMM1363,1,60272,***,(24G314-I) VoIP 교환기 도입사업 금융리스,물품,UMM,국군재정관리단,202412241100,B179B,롯데캐피탈(주),LOTTE CAPITAL,추광식,0234510099,"서울특별시 강남구 테헤란로 142(역삼동, ARC PLACE) 7층",95.184,1398424000
6,UMM1367,1,59138,***,(24F321-A)25년 수료신병 수송용역,용역,UMM,국군재정관리단,202412241100,C6CD1,(주)대원고속관광,daewon tour.co,김동현,0422425050,"대전광역시 중구 태평로44번길27, 309호(유천동, 현암에버드림)",88.141,184999770
25,UMM1359,1,58537,***,25-F-M000 H/W 유지보수,용역,UMM,국군재정관리단,202412241100,CBB15,(주)젤루텍,zellootec,이두규,0263091150,"서울특별시 영등포구 경인로775-0 (문래동3가), 1동 722호",83.002,705500000
20,UMM1342,1,55399,***,25-N-육로화물 수송용역,용역,UMM,국군재정관리단,202412241100,2369F,씨제이대한통운 주식회사,CJ Logistics Corporation,신영수,027001085,"서울특별시 종로구 종로5길7, Tower 8",85.576,251582000
72,UMM1376,1,55116,***,(24G071-H)25년 MW EMS 유지보수 용역,용역,UMM,국군재정관리단,202412241100,IF172,주식회사 코테스,,고기종,0432357292,충청북도 청주시 흥덕구 비하로59-2 (비하동),87.783,145049900
63,LHD0059,1,62349,***,성공대아파트 싱크대 교체 제조설치(Z296)v3,물품,LHD,제21보병사단,202412241030,I291E,주식회사 청호퍼니쳐,CHUNGHO FURNITURE CO.LTD,김태군,0537676514,경상북도 경산시 진량읍 대구대로619-45,88.024,195785000
38,MFL0011,1,61680,***,인쇄재료 구매,물품,MFL,합동참모본부,202412241030,F0119,주식회사 에이원,Aone,김운회,0425515599,충청남도 계룡시 평리길34-0 (엄사면),88.9,22947000
3,SDF0191,1,62453,***,25-항-04 컬러프린터 임차용역,용역,SDF,제5738부대,202412241030,HEE9D,월드정보프라자,World Information Plaza,박중민,0542757988,경상북도 포항시 북구 장량로61번길5-2 (장성동),89.481,10187921
4,SDF0189,1,62451,***,25-항-02 승강기 유지보수용역,용역,SDF,제5738부대,202412241030,E43B9,태경엘리베이터(주),Tae Kyung Elevator,최태광,054-246-1350,"경상북도 포항시 북구 새마을로26-0 (용흥동, 용흥 현대타워2차아파트) 2F",88.338,30454920
16,SDF0188,1,62450,***,25-항-01 전기안전관리대행 용역,용역,SDF,제5738부대,202412241030,F2579,플러스전기안전관리(주),pesco,김진용,0547889600,경상북도 울진군 평해읍평해로 56-8,88.693,12199176
2,SFN0103,1,62079,***,24-Y-4 우도000 발전기 유지관리 용역,용역,SFN,연평부대,202412241030,JB96F,정진원에너지주식회사,,김현영,0325169828,"인천광역시 부평구 후정로7, 209동 202호(삼산동, 부평 삼산 엠코타운)",88.018,21075342
591,LGT0112,1,62076,***,K-14 저격소총 피탄확인용 관측경 구매(24-GP-120),물품,LGT,제2307부대,202412241030,LB5BF,루센트,,이현란,01076025706,"경기도 고양시 일산서구 원일로21번길43, 103동 302호",88.001,10148570
150,LNM0014,1,62121,***,'24년 간부숙소 비품구매,물품,LNM,제5181부대,202412241030,LE146,피앤컴퍼니(P&company),,박현정,01063648624,"경기도 의정부시 용현로97, 7층 F-704호(민락동, 마에스트로빌딩)",88.027,78778420
2,SFN0006,1,00100,***,25-Y-오수처리시설 위탁관리 용역,용역,SFN,연평부대,202412241030,C75F7,주식회사 한길자연환경,Hangil environment Engineering Corp.,강진무,0325540996,"인천광역시 계양구 계산천서로44, 청구빌딩 4층",88.149,59786970
31,SFD0126,2,59675,***,25년 사단 전기안전관리 용역,용역,SFD,제9227부대,202412241030,G18D8,주식회사 대국전기안전관리,DAEKOOKJUNGI,장일영,054-284-2299,경상북도 포항시 북구 중흥로309번길15(죽도동) 2층,88.091,47541200
3683,LQP0044,1,62212,***,차량진단기 및 차륜평형기 구매,물품,LQP,제1891부대,202412241030,CADDF,다홍문화,Dahongad,윤태근,0222736434,서울특별시 중구 을지로186-5 (을지로4가),88,61863480
370,SFL0060,1,62426,***,임시명찰 및 교번 연간 제조 납품,물품,SFL,제3283부대,202412241030,M7CB1,황제럭키,,이소민,01021442650,경상북도 구미시 진평2길9-7 (진평동) B동 602호 미주맨션,88.004,34042132
72,HDQ0002,1,00105,***,25-프린터 임차 용역,용역,HDQ,제20전투비행단,202412241030,EF011,(주)우정오에이,woojung oa,양근선,062-352-2110,광주광역시 서구 내방로350번길2-0 (화정동) 2층,88.069,57665990
20,LQP0045,1,62037,***,1891부대 위병소 출입문 제조설치,물품,LQP,제1891부대,202412241030,L04A3,주식회사 금토도시경관,,이세진,0337487340,"강원특별자치도 원주시 태장공단길51, D동 4호 (태장동, 원주창업보육센터)",88.183,51310045
381,SFL0059,1,62238,***,포제명찰 및 PVC명찰 연간 제조납품,물품,SFL,제3283부대,202412241030,M747E,대광,,이종명,07088369788,경상북도 포항시 북구 중앙상가1길6-0 (대흥동) 2층202-16호 대흥동 디노플레이스 포항중앙점,88,83393857
5,SCK0173,1,62222,***,25-00교 해고반 버스임차용역(1차),용역,SCK,해군교육사령부,202412241030,C5D5E,주식회사 대진고속관광,DAEJIN TOUR,김재식,0555452226,경상남도 창원시 진해구 충장로 235(),92.525,1605120
6,SCN0206,1,62223,***,25-진-00회관 세탁물 세탁용역,용역,SCN,제7001부대,202412241030,M6476,런드리샤워,,정영지,055-385-8338,"경상남도 양산시 물금읍 버들3길18, 1층",89.544,18639200
1463,LKH0054,1,62224,***,신병교육대대 사격훈련장 탄두회수대 설치납품,물품,LKH,제6128부대,202412241030,K3179,금영유통상사,,전형준,0552553444,경상남도 창원시 의창구 의안로27번길14 (중동),88.001,22976797
6,SCK0172,1,61966,***,25-00사 음식물류 폐기물 처리용역,용역,SCK,해군교육사령부,202412241030,K5076,아이맥스 환경 주식회사,,김무성,01093156168,경상남도 김해시 한림면 김해대로927번길66-41,88.432,64552640
8,LHR0056,1,62170,***,청안동원훈련장 관급자재(온수탱크)제조/설치 납품,물품,LHR,육군 제37보병사단,202412241030,H6B22,와이엠아이 주식회사,YMI Corporation,심욱보,0553464455,경상남도 김해시 진례면 고모로324번길103-75,88.031,164338047
233,SFN0005,1,00095,***,25-Y-비상수원 식수 구매 납품,물품,SFN,연평부대,202412241030,I4B1F,주식회사 아람비즈,arambiz,신옥성,0264590077,"서울특별시 금천구 가산디지털1로83, 405호(가산동,파트너스타워1차)",82.999,217344909
16,MCS0002,1,00099,***,25-OO지역 음식물류폐기물 처리용역,용역,MCS,국방부계룡대근무지원단,202412241030,J472D,천성환경,,신정훈,0327155090,경기도 부천시 부일로326-0 (중동) 2층 1-(722)호,87.36,224085217
162,HCM0003,1,00054,***,'25년 간부교육생 숙소 청소용역,용역,HCM,공군교육사령부,202412241030,FF010,(주) 모던건설,MD,심순영,0552765220,"경상남도 창원시 의창구 지귀로106-0 (봉곡동,1층)",88.007,167725432
92,SFG0151,1,61777,***,25년 청룡회관 식자재 구매,물품,SFG,제9181부대,202412241030,M214C,(주)미래로푸드,,이미애,0328215420,인천광역시 남동구 능허대로625번길67-0 (고잔동) 101호,88.001,121191960
21,SDG0070,1,61393,***,떡국떡 등 119종 구매,물품,SDG,제2002부대,202412241030,I1C95,주식회사상아에프에스,sangafs,이진숙,0327155635,"인천광역시 남동구 찬우물로33, 2층 (수산동)",88.72,128635180
22,SDG0069,1,61389,***,돼지고기 앞다리살 등 11종,물품,SDG,제2002부대,202412241030,I1C95,주식회사상아에프에스,sangafs,이진숙,0327155635,"인천광역시 남동구 찬우물로33, 2층 (수산동)",83.09,170979680
5,SCF1125,1,58296,***,잠수함 추진계통 통합 정비,물품,SCF,해군군수사령부,202412241030,A839B,한화오션 주식회사,"Hanwha Ocean Co., Ltd.",김희철,0221290828,경상남도 거제시 거제대로3370 (아주동),97.857,4559000000
14,LMR0068,1,61866,***,교육용 상용드론 구매,물품,LMR,제5군단사령부,202412241030,J57C9,주식회사 포스웨이브,,김지연,03180897000,경기도 포천시 호국로1007 (선단동) 대진대학교 산학협력단 314호,89.853,258404805
9,LKH0051,1,61402,***,식기세척기 임차용역,용역,LKH,제6128부대,202412241030,M7667,재원테크,,이재원,01095567272,"경기도 평택시 고덕중앙로200-4,1303-15호(고덕동,우성고덕타워)",88.215,21719040
8,LHR0056,2,62170,***,청안동원훈련장 관급자재(온수탱크)제조/설치 납품,물품,LHR,육군 제37보병사단,202412241030,H6B22,와이엠아이 주식회사,YMI Corporation,심욱보,0553464455,경상남도 김해시 진례면 고모로324번길103-75,88.031,164338047
50,HDT0028,1,61674,***,작근단 유휴시설 철거 건설폐기물 처리용역,용역,HDT,공군작사근무지원단,202412231100,A6B69,(주)삼성환경개발,"SamsungEnvironmentDevelpmentCo.,Ltd.",이호찬,0316434411,경기도 이천시 설성면 설가로 219(),86.759,243712000
17,LNR0038,1,61765,***,무정전 전원장치(UPS) 구매,물품,LNR,수도기계화보병사단,202412231100,2440F,(주)예성엔지니어링,"Yesung Engineering Co., Ltd.",장갑동,0314322114,"경기도 안산시 단원구 정왕천동로70번길35, 시화공단 4마 709호 (성곡동)",88.266,38478500
10,SFC0174,1,61372,***,25-덕-체단장 생활폐기물 처리 용역,용역,SFC,제9691부대,202412231100,M2A74,주식회사 도송에너지,,이현숙,0316520099,경기도 안성시 원곡면 지문로84-91,88.738,8769974
52,SFC0172,1,61368,***,25-덕-복지시설 전기 안전관리 대행 용역,용역,SFC,제9691부대,202412231100,G779E,주식회사 한빛티이씨,Hanvit TEC,문윤민,0226347781,"경기도 광명시 하안로254-0, 203호 (하안동,  정산빌딩)",88.068,12492460
11,SFC0171,1,61367,***,25-덕-복지시설 승강기 유지관리 대행 용역,용역,SFC,제9691부대,202412231100,B1187,(주)진양엘리베이터,JIYANUG,이인성,0312987612,경기도 수원시 권선구 산업로92번길 51(),88.244,6100800
4,SFC0170,1,61366,***,25-덕-복지시설 세탁 용역,용역,SFC,제9691부대,202412231100,ME768,(주)크린몰,,김창희,031-293-9959,경기도 화성시 봉담읍 서봉산길20-31,88.719,12550100
11,SFC0169,1,61365,***,25-덕-승강기 유지관리 대행 용역,용역,SFC,제9691부대,202412231100,I2FC1,주식회사 태산엘리베이터,hanaelevator,이재석,0312662017,경기도 용인시 기흥구 서천로201번길14-0 (농서동) 프리미엄원희캐슬 437호,88.092,8369000
55,SFC0168,1,61364,***,25-덕-전기안전관리 대행 용역(경기지역),용역,SFC,제9691부대,202412231100,G9C8E,대영전기안전 주식회사,"Dai  Young  E, S, CO",황지영,07043259904,"경기도 의왕시 오전공업길19 (오전동),6층 612-1호",88.037,14795822
8,SFC0167,1,61363,***,25-덕-전기안전관리 대행 용역(서울지역),용역,SFC,제9691부대,202412231100,CF200,(주)전력안전이엔씨,"Electrical Safety E&C CO., LTD.",이상인,029797090,"서울특별시 관악구 보라매로 62, 보라매삼성아파트 상가128호(봉천동)",88.103,2262600
407,EKAE004,1,4320B,***,일반공구류(차륜형장갑차 4차양산),물품,EKA,기동총괄계약팀,202412231100,LDEA9,세인,,김지윤,01081009999,"경상북도 구미시 구미대로186-20, 106동 506호(광평동, 구미광평푸르지오1차)",88,69808817
125,MCJ0012,1,61808,***,분말 및 청정 소화기 구매,물품,MCJ,국방통합데이터센터,202412231100,JBAC3,장애인기업다우리 주식회사,,권우현,0553136700,경상남도 김해시 평전로19-0 (외동) 403호,88.013,18589920
4,MCJ0011,1,61212,***,군수동원 등 이관사업 SW 직접구매 금융리스,물품,MCJ,국방통합데이터센터,202412231100,B179B,롯데캐피탈(주),LOTTE CAPITAL,추광식,0234510099,"서울특별시 강남구 테헤란로 142(역삼동, ARC PLACE) 7층",97.786,6865555680
5,LCF0585,2,53664,***,MR기반 핵 및 화생방작전 교육훈련체계 선행연구용역,용역,LCF,육군군수사령부,202412231100,C9BE2,국립금오공과대학교산학협력단,kumoh National Institute of Technology Industry-Academic Cooperation Foundation,권오형,0544786758,"경상북도 구미시 대학로 61, 금오공과대학교 산학협력단(양호동)",15.884,10000000
14,LFR0020,1,61538,***,"전차 표적지(영점, 고정, 이동) 구매",물품,LFR,육군기계화학교,202412231030,G2FBF,현진,hyunjin,정재필,07046807470,경기도 양평군 양서면 식곡길32번길39-0,88.45,38878900
7,HFG0005,1,61853,***,'25년 취약점진단분석체계 유지보수 용역계약,용역,HFG,공군제7항공통신전대,202412231030,JB63E,드림테크놀로지,,윤도섭,03180687771,"경기도 평택시 방여울로83, 드림테크놀로지(가재동)",88.121,25106100
4,MCM0027,1,61771,***,(24-일-92)'25년 출근버스 임차용역,용역,MCM,4284부대,202412231030,JDFC5,(주)하나트레블,,임병식,024972477,경기도 김포시 양촌읍 양곡4로139 나-104,96.921,58750000
5,SCN0202,1,61759,***,25-진-05 컬러 잉크젯 프린터(복합기) 입차용역,용역,SCN,제7001부대,202412231030,KD0C0,주식회사 비티씨,,이근희,0552660042,"경상남도 창원시 성산구 용지로90 (중앙동) 1층 9-1호, 9-4",88.211,6233900
3,HCG0057,1,62033,***,기상관측장비 수리부속(습도소자 등 3종) 구매,물품,HCG,공군본부,202412231030,L1A70,해리엔터프라이즈,,신창훈,01021353920,"인천광역시 남동구 용천로87번길23, 3102동 802호(구월동, 구월힐스테이트)",88.04,33046000
4,LGC0045,1,61722,***,25년 승강기 유지보수 관리용역,용역,LGC,육군학생군사학교,202412231030,GA54A,주식회사 대국엘리베이터,"DAEKOOK ELEVATOR CO., LTD",조성광,0432244707,충청북도 청주시 흥덕구 송절로75-26 (송절동),88.193,29888320
3,HFG0006,1,61841,***,'25년 사이버기술통제체계 유지보수 용역계약,용역,HFG,공군제7항공통신전대,202412231030,K5D9B,주식회사 디오르마,,윤정숙,07076131170,경기도 하남시 미사강변한강로155 (망월동) 미사강변 SKV1센터 524-2,99.09,51661000
151,HDL0029,1,62204,***,24-09-252 일반타이어 등 17종 구매,물품,HDL,공군제16전투비행단,202412231030,M79DE,이영테크,,이영배,07047405378,"경상북도 포항시 남구 효성로63번길17-0 (효자동, 효자 웰빙타운 SK VIEW 2차)",88.022,23841688
4,SCP0125,1,61857,***,25-포 음식물류폐기물 처리 용역,용역,SCP,제8385부대,202412231030,L05C2,호계농장,,김윤석,010-6525-2456,경상북도 문경시 호계면 자실길38-0,88.377,64149550
7,SCN0203,1,61764,***,25-진-02 00원 의료폐기물 처리용역,용역,SCN,제7001부대,202412231030,JA42D,동원위생,,박명선,0556497516,경상남도 통영시 도산면 남해안대로1499-18,88.258,20889840
5,SCP0123,1,61796,***,25-기 음식물류폐기물 처리 용역,용역,SCP,제8385부대,202412231030,G51F9,아라환경,ara naturao recycie,이석재,0334354471,강원특별자치도 홍천군 홍천읍 영서로1981-0,88.178,38683660
5,SCP0122,1,61789,***,25-거 음식물류폐기물 처리 용역,용역,SCP,제8385부대,202412231030,I549D,(주)푸른농장,GREEN FARM,이관영,0337332238,강원특별자치도 춘천시 동면 소양강로304-12,88.103,49913810
4,SFG0148,1,61774,***,25-K-의료폐기물 처리용역,용역,SFG,제9181부대,202412231030,M31CD,에코그린,,황선혁,010-8030-6194,"인천광역시 동구 방축로37번길30, 36동317호(송현동,인천산업용품유통단지)",88.089,7615070
2,SFG0145,1,61447,***,25년 액화석유가스 구매(소형벌크),물품,SFG,제9181부대,202412231030,BD432,창림에너지(주),"changlim energy co,.ltd",유청권,0318668111,경기도 동두천시 평화로 2884-2(상봉암동),86.215,197408000
240,UMM1368,1,60426,***,25~26년 무한잉크프린터 용역계약,용역,UMM,국군재정관리단,202412201130,J8F2D,미스터문,,문성준,01041102584,"서울특별시 중랑구 숙선옹주로91, (묵동, 신내아파트) 406-704",88.001,58273419
461,LHG0060,1,61369,***,과학화경계시스템 UPS 배터리 구매,물품,LHG,제1862부대,202412201100,I5C14,지앤지(G&G),G&G,박제성,01045858754,강원특별자치도 춘천시 남춘로5번길29-1 (퇴계동),88,65958300
24,MDK0074,1,61288,***,24-3차 동명부대 재보급물자 수송관리용역,용역,MDK,국군수송사령부,202412201100,I145A,주식회사 유성해운,"YOU SUNG SHIPPING CO., LTD.",인경환,028538871,"서울특별시 금천구 가산디지털1로149, 1002호(가산동, 신한이노플렉스)",88.001,73081230
8,MDN0030,1,61184,***,25년 음식물 쓰레기 처리용역,용역,MDN,국군화생방방호사령부,202412201100,J3C56,농업회사법인 주식회사 골드바이오텍,,김영학,01052670719,경기도 포천시 창수면 창동로161번길62,88.023,20332090
229,MDN0031,1,61183,***,25년 프린터 임차용역,용역,MDN,국군화생방방호사령부,202412201100,JA7EE,주식회사 휴먼플래너,,주진영,0237751558,"서울특별시 영등포구 국제금융로8길19 (여의도동, 중앙빌딩)",88.005,16236340
3,LCH0075,2,59735,***,1여단 간부숙소 신축 재해예방(전기통신소방)(24-신-4,용역,LCH,특수전사령부,202412201100,L5172,(주)한국정보통신공사협회 안전기술원,,이재식,0234886100,서울특별시 용산구 한강대로308-0 (갈월동) 6층 안전기술원,88.019,27744000
91,HDF0065,1,60545,***,25년 프린터 및 복합기 임차,용역,HDF,공군 제8전투비행단,202412201100,L317F,주식회사 경포만수,,안중철,07087982774,"강원특별자치도 강릉시 경강로2165, 1층 059호(옥천동, 동일빌딩)",88.028,29458573
2,SCF1124,1,59488,***,'25년 청수 수송 용역,용역,SCF,해군군수사령부,202412201030,D2D1F,(주)제일항업,,주재창,032-761-5124,인천광역시 중구 사동2-6 한일빌딩 3층,87.772,55561100
111,LGT0111,1,61202,***,'24년 랜야드 구매(24-GP-119),물품,LGT,제2307부대,202412201030,M17B4,캔디박스,,조혜리,01088769663,"강원특별자치도 속초시 미시령로3337번길2-0, 3층 302-E36호 (교동)",88.014,12594640
194,LGT0110,1,61203,***,"'24년 휴대용사다리, 3단 진압봉 구매(24-GP-118)",물품,LGT,제2307부대,202412201030,J9EE0,이지컴퍼니,,이지혜,07047111855,"강원특별자치도 원주시 향교길53, 103동 1107호(명륜동, 대성현대아파트)",88.042,10288860
64,MCX0083,1,61381,***,25-자운대 00대대 프린터 임차,용역,MCX,자운대근무지원연대,202412201030,N0199,라라 주식회사,,김기옥,01022270045,"대전광역시 서구 가장로106, 105동 2002호(가장동)",88.002,13521880
5,SCI0131,1,61248,001,25-000사 음식물 폐기물 처리용역,용역,SCI,제9121부대,202412201030,E2F27,누리바이오텍주식회사,bedel,김유정,055-635-5853,경상남도 거제시 피솔길 193(),88.013,189.73
4,SFC0005,2,00041,***,25-덕-LPG(액화석유가스) 구매,물품,SFC,제9691부대,202412201030,F6928,주식회사 에이치비에너지,HB energy,윤길숙,0316685177,경기도 평택시 진위면 진위로119-0,99.934,67500000
48,LKS0070,1,61249,***,체력단련장 탈의실 비품(사물함 등 3종) 제조,물품,LKS,육군인사사령부,202412201030,K5B50,주식회사 청송퍼니처,"CHONGSONG FURNITURE CO.,LTD.",조정경,0319466698,경기도 파주시 광탄면 부흥로519번길52-0,88.036,86481885
61,MCX0082,1,61328,***,25-자운대 무한잉크프린터(복합기) 임차,용역,MCX,자운대근무지원연대,202412201030,N0199,라라 주식회사,,김기옥,01022270045,"대전광역시 서구 가장로106, 105동 2002호(가장동)",88.014,11236740
11,MCX0081,1,61311,***,25-자운대 전산장비 통합 유지보수 용역,용역,MCX,자운대근무지원연대,202412201030,L7924,주식회사 이도아이티에스,,박성수,0448681472,"세종특별자치시  한누리대로312, 511호(나성동, 노블비즈니스타운)",88.126,16098879
7,MCX0080,1,61305,***,25-1차 자율운영급식(대패삼겹살 등 131종) 구매,물품,MCX,자운대근무지원연대,202412201030,LCF43,선진유통,,오승임,0426226897,대전광역시 대덕구 동춘당로52번길14-0 (송촌동) 1층,88.268,68653560
2,SFD0128,1,61510,***,25~28년 경주지역 예비군중대 경비 용역,용역,SFD,제9227부대,202412201030,3433F,주식회사 에스원,s1 corporation,남궁범,0215883112,서울특별시 중구 세종대로7길25-0 (순화동),89.822,6336000
2,HFK0043,1,61500,***,"’25~’27년 대천,당진지역 액화석유가스 통합 구매",물품,HFK,제1방공유도탄여단,202412201030,D19B6,(유)대웅,daewoung gas,윤일수,01026389885,충청남도 금산군 남이면 휴양림로401-0,99.837,69900000
27,LKH0053,1,61527,***,00해안 감시기동대대 개편 공사(주방기구6종) 구매,물품,LKH,제6128부대,202412201030,J1E28,한스코,,김도한,01022947988,경상남도 고성군 상리면 척번정7길66-0,88.022,19579510
46,LHP0057,1,61525,***,24년 작전대기시설 비품 구매,물품,LHP,제22보병사단,202412201030,M0B00,신설 사회적협동조합,,임동진,07041168388,"경기도 포천시 내촌면 작은넙고개1길84, 다동",88.103,27940500
19,SFG0143,1,61443,***,25-K-주거시설 방역 및 소독용역,용역,SFG,제9181부대,202412201030,EC662,주식회사 더자람,pinus th,김양수,0318190033,"경기도 고양시 일산서구 구산로101번길57-12 , 3동 1층(구산동)",88.106,19956590
19,HDQ0086,1,61403,***,24-충-토양-3 설계용역,용역,HDQ,제20전투비행단,202412201030,IAD51,주식회사 씨에이치엔지니어링,C&H,원유찬,07051783660,"경기도 용인시 처인구 중부대로1403 (김량장동),5층 503호",88.011,32920000
913,LBB0049,1,61355,***,25년 렌탈프린터 임차(경기 고양),용역,LBB,육군제7789부대,202412201030,H96F5,펭귄유통,penguin distribution,강상준,01095020178,경기도 의정부시 둔야로45번길11 (의정부동) 1024호,88.004,26116337
4,MDS0003,1,00093,***,'25년 HPC체계 기반시설 유지보수 용역,용역,MDS,제3707부대,202412201030,A0F59,주식회사 정엔지니어링,"JUNG ENGEERING CO.,LTD.",박정철,0515070119,부산광역시 부산진구 성지곡로51번길 27(초읍동),87.994,96256000
222,SCQ0137,1,60969,***,25-평 구이용삼겹살 등 7종 구매,물품,SCQ,제9911부대,202412201030,H7C84,주식회사 합천식품,"HAPCHUNFOOD CO.,LTD",김성봉,0553462076,경상남도 김해시 진례면 고모로324번길102-0,83.02,359420450
225,SCQ0136,1,60968,***,25-평 슬라이스치즈 등 83종 구매,물품,SCQ,제9911부대,202412201030,I4B1F,주식회사 아람비즈,arambiz,신옥성,0264590077,"서울특별시 금천구 가산디지털1로83, 405호(가산동,파트너스타워1차)",83.014,1156622573
18,SCQ0135,1,60966,***,25-연 연평지구(일반무 등 38종) 구매,물품,SCQ,제9911부대,202412201030,M9BE9,오뉴푸드,,황혜민,01068593641,"인천광역시 서구 염곡로15번길7, 2층 202호(가좌동, 탑 엔지니어링)",87.998,121388900
289,SCQ0133,1,60962,***,25-평 사과 등 15종 구매,물품,SCQ,제9911부대,202412201030,I647D,(주)해우씨푸드,"HAEWOO SEAFOOD CO.,LTD",권태우,0512310733,부산광역시 사하구 을숙도대로755번길15-3 (구평동),82.995,333598500
4,LCG0105,1,60932,***,[24-육-327] 24-4차 정보화사업 통합금융리스,물품,LCG,육군본부,202412191230,B179B,롯데캐피탈(주),LOTTE CAPITAL,추광식,0234510099,"서울특별시 강남구 테헤란로 142(역삼동, ARC PLACE) 7층",95.115,1480155780
108,HCQ0084,1,60879,***,25년 기본복지시설(하늘회관) 식자재 공급 계약,물품,HCQ,공군제5공중기동비행단,202412191100,E3EDC,주식회사 대흥푸드,"DAE HUNG FOOD Co.,Ltd.",정점례,0327155785,인천광역시 서구 검단로93번길9(오류동),83.009,684974480
8,LKP0006,1,00080,***,'25년 생활쓰레기 처리용역,용역,LKP,5군수지원사령부,202412191100,C21B6,(주)원효산업,wonho,윤천경,0536530151,대구광역시 달성군 옥포면 반송2길6,88.063,18631110
25,LCH0083,1,60931,***,"25년 대보수공사 설계용역(24-설-27, 3-1공구)",용역,LCH,특수전사령부,202412191100,F0F80,주식회사 동산이엔씨,dongsanenc,원동식,0319873710,"경기도 용인시 수지구 광교중앙로338 , 에이동 620호(상현동,광교우미뉴브)",88.01,13632000
921,HCR0003,1,00090,***,25년 임대프린터 임차,용역,HCR,공군제15특수임무비행단,202412191100,HFEE4,참존,chamzon,이정호,07047727683,"경기도 남양주시 다산순환로166, 701호(다산동, 다산신화타워)",88,80857220
16,LIK0083,1,60839,***,25년 근무분야 민간위탁 원가정산(사후원가) 용역,용역,LIK,제2군수지원여단,202412191100,K5778,재단법인 한반도경제연구원,,김희순,0617260113,"전라남도 순천시 왕궁중앙길31, 3층(조례동)",88.022,2122600
3,UMM1358,1,60678,***,24-F-네트워크 사이버방호체계 교체 등 4건 금융리스,물품,UMM,국군재정관리단,202412191100,B179B,롯데캐피탈(주),LOTTE CAPITAL,추광식,0234510099,"서울특별시 강남구 테헤란로 142(역삼동, ARC PLACE) 7층",96.652,3467705000
2,UMM1350,1,60007,***,24-F-PC 및 노트북 등 도입사업 통합 금융리스,물품,UMM,국군재정관리단,202412191100,M501B,미래에셋캐피탈(주),,이만희,027879295,"서울특별시 중구 을지로5길26, 6층 (수하동, 미래에셋센터원 웨스트타워)",95.976,12022882470
4,UMM1351,1,59908,***,(24G318-I) 전장망 사이버방호체계 교체사업 금융리스,물품,UMM,국군재정관리단,202412191100,B179B,롯데캐피탈(주),LOTTE CAPITAL,추광식,0234510099,"서울특별시 강남구 테헤란로 142(역삼동, ARC PLACE) 7층",95.69,847059540
138,UMM1360,1,56397,***,(246085-G)24년 BCTP 장비교체사업(리스자산),물품,UMM,국군재정관리단,202412191100,DF9F3,주식회사 세븐전자코리아,SEVEN ELECTRONICS KOREA,김규근,0327776958,"인천광역시 중구 참외전로110-6, 1층 (인현동)",82.998,349095860
94,SFC0166,1,60824,***,24-덕-간부숙소 신축 선행연구 사업,용역,SFC,제9691부대,202412191100,ID9E9,엠지산업,,조명지,01072421400,"인천광역시 남동구 서창남순환로55, 505동 603호(서창동, 서창센트럴푸르지오)",87.76,47460900
1154,MDP0012,1,59432,***,25~26년 렌탈프린터 임차용역,용역,MDP,한미연합군사령부,202412191100,M7685,다다익선,,이영수,01026021414,"경기도 평택시 평택5로34번길48, 402-A72호(합정동)",87.747,91141150
3,MDG0235,1,57329,***,25년 의료기관종사자 잠복결핵 검진위탁,용역,MDG,국군의무사령부,202412191100,C9177,의료법인 녹십자의료재단,Green Cross Laboratories,이상곤,0312609600,경기도 용인시 기흥구 이현로30번길 107(),87.769,68100000
2,MCD0088,1,60750,***,25년 예비군 웹사이트 휴대폰 본인확인 서비스,용역,MCD,국방부(운영지원과),202412191100,E35E7,한국모바일인증 주식회사,KOREA MOBILE CERTIFICATION INC.,박종진,0220338500,"서울특별시 구로구 디지털로243, 16층(구로동, 지하이시티)",89.013,78101306
77,LCJ0056,1,60936,***,25년 부대하역 용역,용역,LCJ,종합보급창,202412191100,MCDAD,주식회사 피너,,김향민,0437151717,"충청북도 청주시 서원구 사운로91, 301동 204호 (사직동)",88.079,526565100
324,HDQ0085,1,61000,***,"20비 24-404, 411 CCTV 구매설치",물품,HDQ,제20전투비행단,202412191100,D9A37,주식회사 새움,"SAEWOOM.CO.,LTD.",이세희,024685755,"경기도 하남시 미사대로540, B동 928~930, 221호",87.997,27608810
6,HCQ0085,1,60905,***,25년 기본복지시설(하늘회관) 김치 공급 계약,물품,HCQ,공군제5공중기동비행단,202412191100,K47C6,농업회사법인 다올주식회사,,이규호,0547772801,경상북도 경주시 현곡면 나원계탑길46,88.156,117041320
62,HDE0013,1,60869,***,태성대아파트 등 2개소 시설관리용역,용역,HDE,공군항공안전단,202412191030,A48F6,(주)성우알티에스,"sung woo rts co.,ltd",김효원,0220578237,"서울특별시 강남구 논현로10길29-0 (개포동), 402호(전남친환경식품유통센터)",88.037,1147603680
5213,LKP0160,1,60961,***,'24-2차 정비피복 구매,물품,LKP,5군수지원사령부,202412191030,MBE38,에이치엠,,김미순,028352359,"인천광역시 계양구 주부토로363번길27, 104동 1806호(작전동, 동보아파트)",88,28422283
2,SCQ0134,1,60965,***,25-어 어청지구(일반무 등 38종) 구매,물품,SCQ,제9911부대,202412191030,K2492,(유)아성개발,,최영식,0632454872,"전북특별자치도 전주시 덕진구 동부대로568-0, 1층(산정동)",96.448,67545990
166,MCM0026,1,60960,***,24년 전산운영용품 구매(2차),물품,MCM,4284부대,202412191030,F7B26,클린톤전자,clean-tone electronics,김미화,027196779,서울특별시 용산구 원효로41가길17-0 (원효로3가),99.549,31230000
1752,LCH0082,1,60681,***,부사관 후보생 교육훈련 비품 구매(교-24-물-4),물품,LCH,특수전사령부,202412191030,MEE3F,아이디어뱅크,,김한식,01039550870,"경기도 성남시 분당구 탄천로95, 425동 1401호(이매동, 아름마을)",88,27917398
1090,LMH0084,1,60973,***,[B273] 25년 상승레스텔 청소용역,용역,LMH,제7군단,202412191030,L199E,사회적협동조합 블루존,,김대경,01091542267,"강원특별자치도 원주시 판부면 오성마을길39,1층",88.001,34799710
169,HDE0012,1,60708,***,에어스포렉스 미화(청소) 용역,용역,HDE,공군항공안전단,202412191030,B2688,(주)청림크린,chunglim clean co.ltd,채미숙,029228910,"서울특별시 동대문구 전농로38길8-1, 1층(전농동)",88.009,22593430
245,LKS0069,1,60691,***,육군 체력단련장 코스관리용 모래 구매(전라권),물품,LKS,육군인사사령부,202412191030,J45D7,블리스,,강숙,0617225357,전라남도 순천시 해룡면 해룡산단6로138,88.001,29180000
3,SFH0002,1,00076,***,25-B-서북도서 출타장병 환승 수송용역,용역,SFH,제9196부대,202412191030,E06CE,주식회사 길벗여행사,gbtour,김용기,0325551144,"인천광역시 부평구 평천로 398, 에스엠메디칼프라자 501호(삼산동)",88.891,92277000
3055,HDG0035,1,60815,***,[24-288] 야전정비용품(자동줄자 등 200종) 구매,물품,HDG,공군제10전투비행단,202412191030,MFD36,주식회사 가온리더스,,조인혜,0315679236,"경기도 남양주시 다산순환로355, 211호(다산동, 으뜸웰타워)",88.01,41001120
448,LGT0109,1,60937,***,'24년 정비피복 방한파카 구매(24-GP-106),물품,LGT,제2307부대,202412191030,L27D4,원파워 주식회사,,김명희,07047722900,"강원특별자치도 원주시 오성마을길63-25, 상가동 201-249호(단구동)",88,56112500
16,HCR0046,1,60972,***,다목적 수질측정기 등 19품목,물품,HCR,공군제15특수임무비행단,202412191030,MA0BC,베스트유,,이유나,01084588352,"경기도 고양시 일산동구 중앙로1011, A동 1024호(백석동, 현대밀라트II)",88.114,21813740
406,LKS0068,1,60683,***,육군 체력단련장 코스관리용 모래 구매(경남권),물품,LKS,육군인사사령부,202412191030,L0E61,티에스산기주식회사,,김상국,0555861230,"경상남도 함안군 칠원읍 오곡로131-45, 1동",88.009,46444291
1145,LKS0067,1,60680,***,육군 체력단련장 코스관리용 모래 구매(경기권),물품,LKS,육군인사사령부,202412191030,K345D,명성,,김선희,07077809793,"경기도 군포시 한세로70번길6 (당정동, 당정마을 누리에뜰아파트)104-202",88,68588630
17,SFL0058,1,60764,***,25-교-전기안전관리 대행용역,용역,SFL,제3283부대,202412191030,IE296,주식회사 한국전기,,오병주,0542823634,경상북도 포항시 북구 새천년대로541-0 (득량동),88.208,12836016
8,HDK0031,1,59541,***,"25년 수질, 대기 측정용역",용역,HDK,공군제11전투비행단,202412191030,K8934,주식회사 신화환경연구원,,이지혜,00015447712,"경기도 안양시 동안구 엘에스로142(호계동, 금정역 SKV1센터) 716호,717호,718호,719호,720호,721호",88.041,28948000
168,SCR0130,1,60946,***,25년 국수(소면) 등 316종 구매,물품,SCR,해군제3함대사령부,202412191030,K4AB9,주식회사 푸드앤하우스,,김형석,01021205255,경상남도 양산시 평산회야로9-2(평산동),83.007,817589700
11,SCR0133,1,57015,***,25-욕지도 운용대 급식구매,물품,SCR,해군제3함대사령부,202412191030,L6BBD,가야F.S,,안성철,010-4048-1247,경상남도 창원시 마산회원구 봉암공단1길165-0 (봉암동),88.151,167231000
5,SCR0134,1,57014,***,25-거문도 운용대 급식구매,물품,SCR,해군제3함대사령부,202412191030,ID84C,싱싱푸드,,임수연,0617610786,전라남도 광양시 광양읍 읍내중앙길38-0,88.7,176731036
4,SCR0136,1,57013,***,25-안마도 운용대 급식구매,물품,SCR,해군제3함대사령부,202412191030,H2881,한울F&S,HANUL F&S,백명실,07087425810,전라남도 목포시 삼학로241번길22(산정동),91.837,148212000
4,SCR0135,1,57012,***,25-추자도 운용대 급식구매,물품,SCR,해군제3함대사령부,202412191030,ID84C,싱싱푸드,,임수연,0617610786,전라남도 광양시 광양읍 읍내중앙길38-0,88.504,164071077
140,SCR0132,1,57011,***,25-흑산도 전진기지대 및 운용대 급식구매,물품,SCR,해군제3함대사령부,202412191030,J6361,주식회사 멀티열린세상,,주영철,01020118585,"경기도 광명시 광명로786번길4 (광명동),301호",82.997,538212697
141,SCR0131,1,57010,***,25-욕지도 전진기지대 급식구매,물품,SCR,해군제3함대사령부,202412191030,B7F34,株式會社 森雅인터내셔날,Samah International Corp.,이균희,0415444961,충청남도 아산시 신창면 읍내리72-2,82.995,277086600
13,LQG0078,1,60950,***,00부대 식기세척기 임차 용역,용역,LQG,육군 52보병사단,202412191030,M7AB3,행운남,,엄창섭,01052053357,"경기도 파주시 문산읍 방촌로1725-0, 2층 202-C149호",87.81,153720720
277,LGI0103,1,60888,001,'25-1차 부대계약 영내자증식(구운계란 등 7종),물품,LGI,제3군수지원여단,202412191030,J84F0,아주상사,,정선희,0313764700,"경기도 화성시 동탄광역환승로63, 106동 301호(오산동)",83.049,8220.35
99,LAZ0022,1,60985,***,작전지휘시설 선행 연구용역,용역,LAZ,드론작전사령부,202412191030,IE556,에이스 컴퍼니,,정택호,01045609111,"인천광역시 서구 건지로404, 207동 1501호(가좌동, 가좌한신휴플러스아파트)",87.757,74185710
7,HDK0033,1,59515,***,25년 사업장 폐기물처리 용역,용역,HDK,공군제11전투비행단,202412191030,M28A8,주식회사 세영에코,,나은수,01024475885,대구광역시 달성군 논공읍 노이길66-0,86.424,92272110
27,HDK0032,1,59494,***,25년 정화시설 관리용역,용역,HDK,공군제11전투비행단,202412191030,BFEAA,태평양환경건설 주식회사,pacific environment construction co,손영애,0549724747,경상북도 칠곡군 북삼읍 칠곡대로137-0,88.341,117255584
7,HDN0046,1,60427,***,’25년 음식물류 폐기물 처리 용역,용역,HDN,공군제18전투비행단,202412181300,D5622,금강산업(명),,염기숙,033-633-8886,강원도 고성군 토성면 성대로3-27,84.446,60480450
5,EWA0009,1,1101,***,"장-III B-I 정비대체장비(지지대,윈치용 등 10종)",물품,EWA,한국형잠수함총괄계약팀,202412181100,K462A,(주)매티스,"Metis Co.,Ltd",김효현,0552623200,경상남도 진주시 정촌면 뿌리산단로67,90.852,7255670000
20,HDG0034,1,60487,***,<24-105> 10비 실내사격장 방음벽 교체용역,용역,HDG,공군제10전투비행단,202412181100,M6916,주식회사 이엠이앤씨,,송승희,0319472337,"경기도 파주시 어을매로64-3, 1층(교하동)",88,28256600
495,UAC0064,1,60486,***,인쇄재료 9종 수시 구매,물품,UAC,국방출판지원단,202412181100,I63A8,알파유통 주식회사,"Alpha Distribution Co., Ltd.",정승호,01044842590,"제주특별자치도 제주시 연북로21, 1609호 (노형동, 에코에비뉴)",88.005,40018530
6,HCR0002,1,00063,***,25년 사업장폐기물(생활쓰레기) 처리,용역,HCR,공군제15특수임무비행단,202412181100,AFFC3,한국환경개발 주식회사,Korea Environmental Development,조현희,0314986644,"경기도 안산시 단원구 첨단로207번길5(성곡동, 시화공단 5바626)",88.047,60681390
3,UMM1353,1,60174,***,24-F-주기장경계시스템 기반체계 교체 금융리스,물품,UMM,국군재정관리단,202412181100,B179B,롯데캐피탈(주),LOTTE CAPITAL,추광식,0234510099,"서울특별시 강남구 테헤란로 142(역삼동, ARC PLACE) 7층",97.597,565651850
9,UMM1320,2,55370,***,25-N-전세버스 수송용역,용역,UMM,국군재정관리단,202412181100,C6951,희성고속관광(주),"HEESUNG TOURIST CO.LTD,",송정애,0535225800,대구광역시 달서구 성당로199-1 (성당동),85.52,217400000
75,UMM1354,1,53071,***,(24G069-H)25년 전산장비 유지보수 용역,용역,UMM,국군재정관리단,202412181100,J0300,주식회사 한국방재기술단,,정민규,025043824,"경기도 과천시 별양상가로7, 502호(별양동)",87.804,145034255
664,MCX0078,1,59987,***,24-일반장비(다목적 송풍기) 구매,물품,MCX,자운대근무지원연대,202412181100,M7A3C,단단,,박진호,01082912111,인천광역시 서구 원당대로117번길70-3(오류동),87.996,121586660
193,HCM0076,1,60090,***,"’25년 하늘/우주식당 식자재, 축산류 구매",물품,HCM,공군교육사령부,202412181030,IDAFB,농업회사법인 자연과농부주식회사,,김민우,0438386061,충청북도 괴산군 사리면 사리로81-0,82.997,797035240
5,SCK0170,1,60441,***,25-00사 폐수처리시설 민간위탁 용역,용역,SCK,해군교육사령부,202412181030,A0A16,주식회사 청구환경프랜트,"chunggu environmental plant co.,ltd",신기성,0552662600,"경상남도 창원시 성산구 반월로39-15 (신촌동, (주)청구환경프랜트)",89.014,15763000
20,SCP0121,1,60543,***,25-0함대 렌탈프린터 임차 용역,용역,SCP,제8385부대,202412181030,K94D6,주식회사 엠케이,,차정수,01050840017,강원특별자치도 동해시 발한로31-7 (부곡동),88.344,15499690
6,SFC0165,1,60536,***,비료 살포기 등 3품목 구매,물품,SFC,제9691부대,202412181030,K9161,초이스툴,,이나은,01024117001,경기도 평택시 탄현로287 (신장동) 3층 J20호,88.094,879260
3,MDW0031,1,60491,***,25년 생도피복(모자류) 제조구매,물품,MDW,국군간호사관학교,202412181030,MB026,무진기업,,최건우,01063111164,"대전광역시 유성구 계룡로105번길15-0, 2층 203-D309호(봉명동, 한진오피스텔)",88.435,24425940
293,MDW0030,1,60483,***,25년 생도피복(가방류) 제조구매,물품,MDW,국군간호사관학교,202412181030,MCC4F,피스티스주얼리,,박지애,07043040775,"대전광역시 서구 계룡로264번길28-26, 405호(월평동)",88.01,37459197
13,LCH0080,1,60322,001,'25년 음식물류폐기물 위탁처리 용역(경기남부권역),용역,LCH,특수전사령부,202412181030,LA21E,주식회사 명성환경,,신태환,0316878795,"경기도 안양시 만안구 문예로50, 2층 203-11호 (안양동, 한림시티빌아파트)",88.192,173.58
69,LDC0026,1,60358,***,과학화 전시체계 교체사업 설치납품,물품,LDC,육군과학화전투훈련단,202412181030,I38B0,케이티정보통신 주식회사,KTC,엄정민,0332543000,"강원특별자치도 춘천시 동면 만천로26-53, 2층",88.026,57206910
10,LFC0083,1,60258,***,25년 의료폐기물 처리용역,용역,LFC,육군훈련소,202412181030,KC766,이성ME,,정승연,0417341191,"충청남도 논산시 부적면 감곡1길38-5 ,102호",88.122,21755990
4,LFC0082,1,60256,***,25년 승강기 유지관리 용역,용역,LFC,육군훈련소,202412181030,J9F45,주식회사 한화엘리베이터,,이종일,0418818870,충청남도 공주시 신금1길97-30 (금흥동) 3층,88.121,29313000
24,LHZ0018,1,60499,***,24년 위험물취급자 안전장구 세트 구매계약,물품,LHZ,제5767부대,202412181030,MA333,티에프,,신태식,0332416697,강원특별자치도 춘천시 동내면 너부래길19-34,88.053,2144240
2,MCN0008,1,00060,***,'25년 차량정비용(기아)수리부속 구매,물품,MCN,국방부근무지원단,202412181030,F9E99,종합상사,chonghabsangsa,박병학,02-718-1302,서울특별시 용산구 원효로3가288-1,88.258,20385500
3,MCN0010,1,00058,***,'25년 차량정비용(버스/트럭)수리부속 구매,물품,MCN,국방부근무지원단,202412181030,G7DCC,주식회사동양오토파트,DongYangautopart,김선웅,02-2242-0967,"서울특별시 동대문구 고미술로91-0 (답십리동, 1층A호)",88.722,40000000
3,MCN0011,1,00057,***,'25년 차량정비용(현대)수리부속 구매,물품,MCN,국방부근무지원단,202412181030,F9E99,종합상사,chonghabsangsa,박병학,02-718-1302,서울특별시 용산구 원효로3가288-1,88.021,17652000
7,MCN0012,1,00055,***,'25년 차량정비용(타이어/밧데리)수리부속 구매,물품,MCN,국방부근무지원단,202412181030,C28FD,금호타이어강남총판,Kumho Tire Gangnam Distributors,송일호,02-525-8100,서울특별시 서초구 반포대로9길 69(),88.113,39545320
13,LKT0086,1,60628,***,25년 전기안전관리대행 용역(전남),용역,LKT,제1989부대,202412181030,C0809,주식회사 청오,CHEONG O,박성운,0617437623,"전라남도 순천시 중앙1길20, 2층 (장천동)",88.179,29437152
5,LKT0085,1,60603,***,25년 전기안전관리대행 용역(광주),용역,LKT,제1989부대,202412181030,J7EA8,유한회사 대림전기안전관리,,임광연,0623659119,"광주광역시 서구 월산로221, 4층(농성동)",88.152,14845580
384,LGT0108,1,60241,***,기린대아파트 과속 방지턱 설치납품(GA-220),물품,LGT,제2307부대,202412181030,K5B77,주식회사 하나,,박지영,01090704745,강원특별자치도 춘천시 칠전서길46-7 (칠전동) 103호,88.009,17319647
33,MDI0006,1,60446,***,'25년 전산장비 유지보수,용역,MDI,제7016부대,202412181030,EFB87,주식회사 엘제이이엔지,LJENG,임성희,0222136800,"서울특별시 동대문구 답십리로23길70-4, 제지1층 제비01호(전농동, 디오빌리지)",87.808,50185340
275,LKT0084,1,60569,***,25년 1~3월 부대계약 급식품목(빵류) 구매,물품,LKT,제1989부대,202412181030,I4DF0,주식회사 신라명과,SHILLA MYUNGGUA,박창훈,0314440404,경기도 안양시 만안구 덕천로72번길30 (안양동),82.995,362762141
225,LKT0083,1,60555,***,25년 1~3월 부대계약 급식품목(식육가공품) 구매,물품,LKT,제1989부대,202412181030,M7199,우리모두,,장동진,01037577698,경기도 여주시 여양로590 (오금동),82.995,144392750
3,MCD0084,1,53780,***,2025년 국방부 종합홍보용역,용역,MCD,국방부(운영지원과),202412171700,C479A,주식회사 레인보우커뮤니케이션,"RAINBOW COMMUNICATIONS CO., LTD",유영석,025414777,"서울특별시 영등포구 당산로41길11, 더블유동 16층(당산동4가, 당산에스케이브이원센터)",,897000000
1219,MDD0119,1,58769,***,2024년 4-4차 의무비품 구매,물품,MDD,국군수도병원,202412171700,M54F8,주식회사 늘품컴퍼니,,김준영,07077701617,"경기도 용인시 기흥구 죽전로29, 6층 6012호 (보정동)",87.996,73571730
3,MCD0087,1,57628,***,국방 시설분야 BMI 추진전략 및 기준,용역,MCD,국방부(운영지원과),202412171700,00002,한국건설기술연구원,KOREA INSTITUTE of CIVIL ENGINEERING and BUILDING TECHNOLOGY,박선규,0319100022,경기도 고양시 일산서구 고양대로 283(대화동),,62672000
6,HDN0042,1,59359,***,'25년 생활폐기물(폐합성수지류) 처리 용역,용역,HDN,공군제18전투비행단,202412171300,M48EF,더블유아이케이강원 주식회사,,현병태,0336530001,강원특별자치도 강릉시 사천면 지재길52,84.287,28809500
9,HDN0044,1,60142,***,'25년 임대프린터 임차계약,용역,HDN,공군제18전투비행단,202412171300,M1F22,썬라이즈,,주윤규,01086728272,강원특별자치도 강릉시 원대로20-0. 101호 (교동),88.007,14971410
6,HDN0043,1,60140,***,'25년 오폐수처리시설 관리용역,용역,HDN,공군제18전투비행단,202412171300,B8194,나라환경개발주식회사,"NARA E and D CO.,LTD.",정연수,0335919111,강원특별자치도 정선군 남면 별어곡1길61-10,87.842,158472700
5,HDP0037,2,54129,***,정비격납고 개보수/증축 관급자재(SGP 판넬) 제조,물품,HDP,공군제19전투비행단,202412171100,CA8CF,강림산업 주식회사,KANGLIM INDUSTRIAL.CO.LTD,구본출,0319427111,"경기도 파주시 방화리길8-0 (연다산동, 강림산업(주))",93.566,128100000
49,LHK0075,1,60012,***,[정보체계과] 24-12차 전산운영용품 구매(수정),물품,LHK,제2군단,202412171100,L0E14,주식회사 에코숲,,이동욱,0332622719,"강원특별자치도 춘천시 안마산로214 2층 8호 (퇴계동, 퇴계금호타운아파트 상가동)",88.039,7281188
51,UMM0002,1,00002,***,25-N-해군 하역 용역,용역,UMM,국군재정관리단,202412171100,H2067,주식회사 고주몽,kojumoung,강수지,0314035591,경기도 안산시 상록구 당골4길1-0 (사동) 1층,88.075,1103988750
3,UMM1333,1,58686,***,24-N-스마트쉽 무선네트워크 구축 금융리스,물품,UMM,국군재정관리단,202412171100,M501B,미래에셋캐피탈(주),,이만희,027879295,"서울특별시 중구 을지로5길26, 6층 (수하동, 미래에셋센터원 웨스트타워)",96.234,2552654710
117,UMM1334,1,57542,***,24-M-볼음소초 생활관 자동제어 제조,물품,UMM,국군재정관리단,202412171100,A5CBB,송암시스콤 주식회사,SONGAM SYSCOM CO.,이지학,03180187001,강원특별자치도 원주시 문막읍 동화공단로32-0,88.054,410277640
2,UMM1347,1,57469,***,(24F295-I) 사단 외진버스 민간용역 동부권역,용역,UMM,국군재정관리단,202412171100,B7D7C,매일관광주식회사,"MAEILTOURIST,CO.LTD",허봉,0332534567,"강원특별자치도 춘천시 동내면 순환대로940, 1층",99.198,2699280000
206,UMM1340,1,57183,***,25-M-프린터(복합기) 임차 용역,용역,UMM,국군재정관리단,202412171100,E045E,주식회사 서트,"tonerworld Co.,Ltd.",차성호,0328671663,인천광역시 남구 미추홀대로669번길 81(도화동),85.718,212949667
62,UMM1339,1,56500,***,25-M-워게임모델 H/W 유지보수,용역,UMM,국군재정관리단,202412171100,HB6C0,주식회사한국픽셀,HANKOOKPIXEL CO.LTD,홍상의,0226523348,경기도 광명시 광명역로26-0 (일직동)1동1212호 (광명역파크자이),87.747,104163080
3,UMM1352,1,55697,***,(246409-C) 관급자재 변압기 제조,물품,UMM,국군재정관리단,202412171100,1814F,(주)케이피 일렉트릭,"KPELECTRIC CO,LTD",김호철,0328622121,인천광역시 미추홀구 방축로328-0 (주안동),88.061,333542000
4,MFL0010,1,59581,***,24년 워게임체계 임차 금융리스,물품,MFL,합동참모본부,202412171100,M501B,미래에셋캐피탈(주),,이만희,027879295,"서울특별시 중구 을지로5길26, 6층 (수하동, 미래에셋센터원 웨스트타워)",88.833,2076453520
7,MCS0139,1,60107,***,'25년 간부식당 김치류 구매,물품,MCS,국방부계룡대근무지원단,202412171100,I1527,농업회사법인 약속식품주식회사,promisefood,최순애,0313547284,경기도 화성시 남양읍 남양로119-34,88.023,276416600
16,HDQ0083,1,60144,***,24-피해복구 건설폐기물 처리 용역,용역,HDQ,제20전투비행단,202412171100,A3917,예일환경 주식회사,yeil,심지영,0413350406,충청남도 예산군 대흥면 형제고개로696-21,87.749,7342000
11,EKA0042,1,4010,***,"덮개,차량구성품용(소차 5차양산)",물품,EKA,기동총괄계약팀,202412171030,GED69,부림산업,Burim Industry,조주희,0553364424,경상남도 김해시 김해대로2646-0 (안동),88.022,175906850
6,SCK0168,1,59975,***,25-000센터 현장체험학습 버스임차용역,용역,SCK,해군교육사령부,202412171030,C5D5E,주식회사 대진고속관광,DAEJIN TOUR,김재식,0555452226,경상남도 창원시 진해구 충장로 235(),88.253,44405180
44,LHR0055,1,60000,***,24년 00부대 문화재 표본조사용역,용역,LHR,육군 제37보병사단,202412171030,M15C4,재단법인 더한문화유산연구원,,임재수,0414008878,"충청남도 공주시 신금1길97-21, 2층,3층(금흥동, 지에이금안)",88.038,8778000
155,LKT0082,1,60175,***,24년 탄두회수대 구매,물품,LKT,제1989부대,202412171030,M7B18,멋진남,,이재성,01089611418,"광주광역시 동구 예술길31-11 (대의동), 4층 401-28호",88.01,22651798
2,LPG0039,1,60065,***,24-1차 비데 임차계약 의뢰(24~27년),용역,LPG,제5보병사단,202412171030,IED7C,서영테크,,권영훈,01077102136,경기도 연천군 전곡읍 은전로78번길14-0,88.652,23458370
5,SFM0101,1,59864,***,25-S-승강기 운행관리 위탁용역,용역,SFM,제3170부대,202412171030,L64A7,주식회사 영천엘리베이터,,이준호,0543361540,경상북도 영천시 주남1길39-22 (완산동),88.059,2560473
5,LHR0002,2,00028,***,25년 음식물류 폐기물 위탁처리 용역,용역,LHR,육군 제37보병사단,202412171030,H229C,중원산업,JUNGWON Industry,김경민,01062460327,충청북도 충주시 주덕읍 화개1길16 (서충주신도시 삼일파라뷰 그랜드센트럴) 220동 212호,84.413,168068775
14,SFH0001,1,00049,***,25-B-전기안전관리대행 용역(도서지역),용역,SFH,제9196부대,202412171030,IAF30,주식회사 드림파워이앤씨,dream-power E&C,이진희,0324738256,"인천광역시 남동구 장승로38, 3층 (만수동)",87.802,130083460
5,LHR0002,3,00028,***,25년 음식물류 폐기물 위탁처리 용역,용역,LHR,육군 제37보병사단,202412171030,H229C,중원산업,JUNGWON Industry,김경민,01062460327,충청북도 충주시 주덕읍 화개1길16 (서충주신도시 삼일파라뷰 그랜드센트럴) 220동 212호,84.413,168068775
18,SFN0102,1,59879,***,24-Y-2 기호식품 구매 납품,물품,SFN,연평부대,202412171030,IF359,주식회사 옹진물산,,곽창열,0328364677,인천광역시 옹진군 백령면 사곶로122번길11-0,88.069,140512112
56,SFD0124,1,58362,***,25-P-감시장비 외주정비 용역,용역,SFD,제9227부대,202412171030,C8D77,제일정보통신 주식회사,JEILIC.INFORMATION.COM,송원호,0544577008,경상북도 구미시 화신로60-0 (광평동),86.764,442762100
222,SCF1121,1,54428,***,"연결링크,강체형 등 2종 구매",물품,SCF,해군군수사령부,202412171030,L8E9D,뉴테크코리아 주식회사,,이인순,07075763689,경기도 화성시 송산면 송산포도로510-13,83.197,464700000
5,SCF0978,2,46037,***,DDG 원격 제어밸브 정비,물품,SCF,해군군수사령부,202412171030,D9FE5,한국에머슨프로세스매니지먼트마린솔루션즈(주),"Emerson Process Management Marine Solutions Korea co,ltd",라마수브라마니안 사티 칸난,0516025648,부산광역시 사하구 장평로223-0 (신평동),85.532,374966610
241,LPG0038,1,60048,***,"상주GP 노후 방탄유리 설치, 납품",물품,LPG,제5보병사단,202412171030,K17E4,주식회사 무안유통,,김형균,01031638984,"경기도 평택시 중앙2로13, 6층 602-1-409호(평택동, 센텀스카이)",88.007,158098500
3,LMP0051,1,59232,***,24년 정비피복 제조(정비복 외 6종),물품,LMP,제3보병사단,202412171030,G7B27,현대종합상사,HYUNDAI,윤정만,0552461122,경상남도 창원시 마산회원구 봉암북10길2 (봉암동),88.204,97848327
8,LKS0066,1,59594,***,근속30주년 기념휘장 제조,물품,LKS,육군인사사령부,202412171030,GA41E,지우실업 주식회사,soyosan,김지우,0318672533,경기도 동두천시 신천로366번길13-0 (상봉암동),85.656,365512490
6,LKH0049,1,59282,***,간부숙소 붙박이장 설치납품,물품,LKH,제6128부대,202412171030,I99F5,주식회사 엘베누스하우징,haerim,김현진,0553391351,"경상남도 김해시 경원로55번길20, 9층 901호(내동, 동화오피스텔)",88.15,61787940
308,HDM0057,2,51742,***,[24-0216] 귀빈공수헬기 시트 2품목 구매,물품,HDM,공군제17전투비행단,202412171030,F2A23,아산웰딩테크,asan welding tion,김노경,0328112522,인천광역시 남동구 남동서로 52(고잔동) 남동공단 128블럭 1롯트 1층,88.595,26542420
1010,HDK0030,1,58763,***,25년 주거시설 계단청소 용역,용역,HDK,공군제11전투비행단,202412171030,MCDAD,주식회사 피너,,김향민,0437151717,"충청북도 청주시 서원구 사운로91, 301동 204호 (사직동)",87.995,87913390
31,EKA0043,1,4160,***,차량공구셋트류,물품,EKA,기동총괄계약팀,202412171030,ID94E,디오이앤씨,,송현덕,01051694395,전라남도 광양시 중동로97-0 (중동) 3층,88.009,137356300
1360,MDD0118,1,58020,***,2024년 4-3차 의무비품 구매,물품,MDD,국군수도병원,202412161700,H916F,르몽드뷰티(LEMONDEbeauty),yeolmaemungu,황서영,01022893586,"광주광역시 동구 충장로21-1, 2층(충장로5가)",87.995,45746350
134,HCR0045,1,57650,***,15비 항공관제레이더 관급자재 자동제어설치공사,물품,HCR,공군제15특수임무비행단,202412161330,H87FA,주식회사 우리아이텍,Woori iTech co.,고경호,0624127600,전라남도 장성군 북일면 신흥로416,87.995,96999600
5,LPK0031,1,59780,***,주거 집행잔액 8차 사귀/천보아파트 보일러 설치납품,물품,LPK,제8기동사단,202412161130,F82CC,대원설비주식회사,DAE WON,이춘식,0314383317,경기도 양주시 옥정서로227-0 (옥정동) 비101호 에이플러스모닝프라자,88.104,58331100
306,LFC0080,1,59202,***,25년 1~3월 부식 제조/구매,물품,LFC,육군훈련소,202412161100,MB2A2,한림세종,,이문희,01024661141,세종특별자치시  한누리대로284-0 (나성동) 209호,82.995,685653595
1751,LPM0061,1,59307,***,"더 좋은 병영식당 자산취득비,취사기구유지비 구매 4",물품,LPM,제9보병사단사령부,202412161100,I07FF,명준유통,Myoung Junyutong,임소영,01024075238,경기도 의정부시 둔야로45번길11 (의정부동) 1층1235호,88.001,19982709
1213,LPM0060,1,59308,***,"더 좋은 병영식당 자산취득비, 취사기구유지비 구매 3",물품,LPM,제9보병사단사령부,202412161100,LB313,라온,,이영용,01087371937,경기도 가평군 상면 수목원로386번길14-6,88,19541860
7,LCH0076,1,59736,***,1여단 간부숙소 신축 재해예방(건축)(24-신-4),용역,LCH,특수전사령부,202412161100,L17F3,(주)고려건설안전기술단,,전병우,029650421,"서울특별시 동대문구 정릉천동로58, 3층 304호(용두동, 롯데캐슬피렌체)",88.418,21161790
8,LCH0077,1,59737,***,국평단 간부식당 신축 건설폐기물(24-신-14-6),용역,LCH,특수전사령부,202412161100,AFAEA,동아공사 주식회사,"DONG-AH-GONG-SA Co.,Ltd",김건훈,0325650701,인천광역시 서구 드림로176 (백석동),88.153,14298100
5,LCH0078,1,59738,***,국평단 간부식당 신축 재해예방 건축(24-신-14-7),용역,LCH,특수전사령부,202412161100,G0882,대한종합안전(주),Korea Synthesis Safety Corporation,이택기,0324657772,"인천광역시 남동구 인주대로819, 502호 (구월동, 문화빌딩)",88.219,8818260
2,LIK0082,1,59679,***,24-3차 진지공사용 폐타이어 처리용역,용역,LIK,제2군수지원여단,202412161100,I7410,주식회사 드림스타,Dream Star,신영섭,0438553445,충청북도 충주시 앙성면 가곡로787-20,88.792,1294000
14,MDR0073,1,59631,***,25년 음식물쓰레기 처리 용역,용역,MDR,제9965부대,202412161100,KE86B,대명기업,,김용석,01094697196,경기도 수원시 권선구 매송고색로804번길451-0 (고색동),88.062,28951840
10,HCR0001,1,00047,***,25년 병사식당 음식물 폐기물 처리,용역,HCR,공군제15특수임무비행단,202412161100,E5CF9,이엘투엘주식회사,"e-LtoL CO.,LTD",원관호,0316111034,경기도 안성시 원곡면 산하리395번지,88.469,53655000
293,LFC0081,1,59209,***,25년 1~3월 후식 제조/구매,물품,LFC,육군훈련소,202412161100,M8D31,여름푸드,,이은아,0519418180,부산광역시 강서구 맥도강변길224,83.019,505977700
2,LKQ0043,1,58848,***,'25년 항행안전시설 1종(VOR) 외주정비 용역 재공고,용역,LKQ,육군항공학교,202412161030,G6E56,주식회사 씨엔테크,CNTech,김훈석,07077208157,"경기도 김포시 양촌읍 황금로117, 이젠테크노존 가동 411호",92.01,28000000
11,LPS0011,1,59711,***,권율 실내사격장 피탄지 설치납품,물품,LPS,제60보병사단,202412161030,05103,중원사격장비(주),Joong won inc,김기홍,0315445055,경기도 포천시 가산면 방산길170-0,91.067,28943000
1165,MCM0025,1,59691,***,사령부 병영도서 구매,물품,MCM,4284부대,202412161030,L68BC,JW(제이더블유),,김준우,01030368118,"경기도 시흥시 경기과기대로219,  4층 417호 일부(정왕동, 길산에스에 스티지식산업센터)",90,7414420
4895,MCN0006,1,00042,***,'25년 복지시설 소모품 구매,물품,MCN,국방부근무지원단,202412161030,L15AA,나진엔지니어링,,나한기,0319981471,"경기도 김포시 양도로46 (풍무동, 양도마을)205동303호",88,35251726
14,LHD0054,1,59514,***,24-30차 의약품 구매(X143),물품,LHD,제21보병사단,202412161030,MB54B,(주)한아름바이오팜,,이철구,0263382454,"서울특별시 강동구 양재대로124길39-0 (길동, 진명빌딩),201-B호",88.009,13632400
20,MCJ0010,1,59427,***,전산 부수장비(이동식 모니터 거치대) 구매,물품,MCJ,국방통합데이터센터,202412161030,ED820,이즈컴넷,iscomnet,김창범,031-965-4380,경기도 연천군 청산면 학담로107번길12-2,97.75,1450000
9,HCM0002,1,00052,***,'25년 임대프린터 임차용역,용역,HCM,공군교육사령부,202412161030,IB6DA,대도IT,DAEDOIT,오지환,010-6317-2269,"경상남도 진주시 돗골로117번길25, 1층(상평동)",96.477,59480800
7,SFD0127,1,59681,***,25년 평창훈련장 전기안전관리 용역,용역,SFD,제9227부대,202412161030,CEA3A,극동전력,kdele,김주형,033-334-3310,강원도 평창군 평창읍 평창중앙로211,88.156,12062950
85,MCX0077,1,59634,***,과속방지턱 등 2종 구매,물품,MCX,자운대근무지원연대,202412161030,MDB6B,유정컴퍼니,,최유미,01054345496,"대전광역시 서구 계룡로686번길18, 102동 605호(용문동, 용문동 리베라 아이누리아파트1단지)",88.036,8425045
386,LHD0056,1,59663,***,4분기 전산운영용품 등 구매(X146),물품,LHD,제21보병사단,202412161030,M93A5,태평양,,이기숙,0318244808,"강원특별자치도 철원군 서면 자등로583-1, 1층 101호",88.001,15560270
1620,LHD0055,1,59619,***,"24-30차 의료기재, 장비운영소모품 구매(X144)",물품,LHD,제21보병사단,202412161030,L839C,주식회사 초아넷,,강윤정,01088822810,"경기도 광주시 초월읍 지월로16번길51, 2층",88,35186056
127,MCT0077,1,59600,001,25년 선수급식(공산품)구매 -3,물품,MCT,국군체육부대,202412161030,L8DD1,주식회사 에바다,,허아람,0555479241,경상남도 창원시 진해구 안청남로6번길6-0 (안골동) 에바다축산,83.002,474346400
2,UMM1338,1,58582,***,(24G306-I) MW통신체계 성능 개선 금융리스,물품,UMM,국군재정관리단,202412131100,B179B,롯데캐피탈(주),LOTTE CAPITAL,추광식,0234510099,"서울특별시 강남구 테헤란로 142(역삼동, ARC PLACE) 7층",96.039,8108186380
33,LMP0052,1,59238,***,00부대 차륜형지휘소용차량 시설사업(1공구) 감리용역,용역,LMP,제3보병사단,202412131100,I4857,주식회사 최문규건축사사무소,C.M.K ARCHITECTS FIRM INC.,최문규,0332529673,"강원특별자치도 춘천시 동면 춘천순환로446, 2층",88.121,11555000
56,LPF0089,1,58980,***,사령부 2공구 오수관로 개선-시공검사용역 24-225,용역,LPF,제51보병사단,202412131100,A2EF2,유한회사 미래건설,sk,조미경,0315341120,경기도 포천시 군내면 포천로1118,88.003,45985990
48,LPF0086,1,58927,***,사령부 1공구 오수관로 개선-폐기물처리 24-218,용역,LPF,제51보병사단,202412131100,I1E74,(주)진흥종합환경,Jin Heung Integrated Environment,박찬일,0313540842,경기도 화성시 양감면 길목길30-13,88.108,59090100
3,LKG0002,1,00040,***,25년 음식폐기물 처리용역,용역,LKG,육군제53보병사단,202412131100,GA6C5,(주)희망환경,heemang557,김복,0517220557,부산광역시 해운대구 해운대로1171-0 (송정동),94.861,53002500
54,LPF0088,1,58979,***,사령부 2공구 오수관로 개선-폐기물처리 24-223,용역,LPF,제51보병사단,202412131100,B4575,삼흥산업개발(주),Samheung Industrial Development,염태욱,0314773114,경기도 화성시 송산면 구레골길 115(),88.01,49909000
55,LPF0087,1,58978,***,사령부 1공구 오수관로 개선-시공검사 24-220,용역,LPF,제51보병사단,202412131100,D646B,태건환경개발주식회사,TAEGEON ENVIRONMENT DEVELOPMENT,안시현,0314616440,경기도 안양시 동안구 경수대로572-0 (호계동) 503호,88.1,56534985
1554,LPM0059,1,59064,***,부대비품 자산취득비(감시병용 의자) 구매 2차,물품,LPM,제9보병사단사령부,202412131100,MA5A2,주식회사 주엘,,차윤지,07077701617,"경기도 화성시 동탄중심상가2길37, 903호-브이28(반송동, 필프라자)",88.001,13529880
3,UMM1337,1,58787,***,"(24G310-I) 합참,국직부대 정보화장비구매(금융리스)",물품,UMM,국군재정관리단,202412131100,DAAC1,비씨카드주식회사,BCCARD,최원석,025207819,"서울특별시 중구 을지로170, 비동(을지로4가, 을지트윈타워)",95.622,3547888510
3,UMM1336,1,58784,***,(24G308-I) 전군 통합보안관제 확대구축 사업 리스,물품,UMM,국군재정관리단,202412131100,B179B,롯데캐피탈(주),LOTTE CAPITAL,추광식,0234510099,"서울특별시 강남구 테헤란로 142(역삼동, ARC PLACE) 7층",96.265,6693664090
13,MCT0072,1,58896,001,25년 선수급식(유제품)구매,물품,MCT,국군체육부대,202412131030,GFE87,주식회사 세븐스타컴퍼니,seven star company.co,김동진,0549774123,경상북도 칠곡군 왜관읍 현대로93,83.499,137758091
38,LCF0592,1,59297,***,24-물품-17 사령부 공기청정기 필터 제조납품,물품,LCF,육군군수사령부,202412131030,GCCF0,(주)파란필터산업,"Paranfilter Industry.Co.,Ltd.",윤영훈,0313578606,경기도 화성시 우정읍 버들로827-20,88.12,12101913
12,SFD0123,1,59280,***,25년 체력단련장 전기안전관리 용역,용역,SFD,제9227부대,202412131030,ID096,주식회사 누리전기기술단,,박인식,054-281-6162,경상북도 포항시 북구 양학로177-1 (득량동),88.023,1819900
16,SFG0142,1,59065,***,낙뢰보호장치 구매 설치,물품,SFG,제9181부대,202412131030,HCC53,해원산업,heawon,원화연,01025691881,"경기도 김포시 고촌읍 전호로32, 2동 3층 302호",88.531,35856000
4678,LKF0085,1,59063,***,영천동원훈련장 생활관 신축공사 비품 구매,물품,LKF,제6755부대,202412131030,K4B80,꽃길유통,,박정화,01082626585,"경상남도 창원시 의창구 반계로104-9 (팔용동, 팔용벽산블루밍A단지) 201동 2003호",88,23431220
326,SFC0163,1,59296,***,도서류(제로 투 원 등 96종) 구매,물품,SFC,제9691부대,202412131030,MDAD7,스피드상사,,장영철,01026718216,"경기도 안산시 단원구 신각길44, 209동 402호(신길동, 안산 신길온천역 휴먼빌2차아파트)",90,1916800
2,MCT0076,1,59261,001,25년 선수급식(김치류)구매,물품,MCT,국군체육부대,202412131030,G04ED,농업회사법인(주)푸른샘,puleunsaem,이익수,0548236162,경상북도 안동시 거드실길6-0 (임하면),88.93,67520000
7,LBB0047,1,59253,***,'25년 음식물류 폐기물 처리 위탁 용역(경기 고양),용역,LBB,육군제7789부대,202412131030,L8982,사계절환경,,최원희,010-3299-6480,"경기도 안산시 단원구 광덕2로50-3, 316호 (초지동)",88.12,68156800
8,LMR0066,1,59338,***,관사 노후 보일러 교체 (24-248차),물품,LMR,제5군단사령부,202412131030,C8948,토문이엔씨 주식회사,heungin,김일규,0318332745,경기도 연천군 신서면 연신로755,88.125,56641883
3772,SFC0164,1,59304,***,도서류(엄마에게 안부를 묻는 밤 등 8종) 구매,물품,SFC,제9691부대,202412131030,JEA97,건영,,윤영은,01024089782,"경기도 평택시 신흥1로67, 101동 1602호(용이동, e편한세상평택용이1단지)",90,10817930
104,LGT0103,1,59098,***,'24-1차 군단 서부권 에어컨 관리 용역(24-GS-52),용역,LGT,제2307부대,202412131030,L6866,주식회사 비엘씨,,신보라,07088066311,"강원특별자치도 강릉시 율곡로2936-1 (교동),3층 3호",88.008,58335650
98,LGT0102,1,59099,***,'24-2차 군단 동부권 에어컨 관리 용역(24-GS-53),용역,LGT,제2307부대,202412131030,M55A2,에스피앤 주식회사,,김형우,0336337765,"강원특별자치도 춘천시 춘천로188-0 (효자동), 2층 211호",88.011,23687530
18,MDK0072,1,59073,***,'24-6차 청해부대 재보급물자 수송관리용역,용역,MDK,국군수송사령부,202412131030,M023A,제이피지엘에스 (주),,박지현,023328996,서울특별시 성동구 성수일로99-0 (성수동1가) 15층 1512호 서울숲AK밸리지식산업센터,88.115,38693730
3010,LKF0086,1,59068,***,더좋은병영식당 자산취득 비품(7차) 구매,물품,LKF,제6755부대,202412131030,JEAB5,주식회사 태극,,최은교,0438535301,충청북도 충주시 엄정면 노실길28,88,13280846
63,MCT0075,1,59255,001,"25년도 선수급식(농,수산품)구매",물품,MCT,국군체육부대,202412131030,K6AAA,주식회사 에스티엑스에프앤씨,,이성기,0557151178,부산광역시 남구 신선로217-15 (감만동),82.998,354558558
21,MHD0101,1,58817,***,함정정보시스템용 3D CAD 프로그램 라이선스 구매,물품,MHD,방위사업청(운영지원과),202412121430,J017C,주식회사 큐빅시스템즈,,이상선,0262742822,"서울특별시 금천구 가산디지털2로135, 925호, 926호(가산동, 가산 어반워크1)",97.999,89800000
9,HCG0056,1,57687,***,24-공군 근속 30년 기념휘장 제조,물품,HCG,공군본부,202412121330,0192F,주식회사 흥선,HEUNGSUNCOLTD,김용기,0314943365,"경기도 안산시 단원구 만해로169번길28, 603블럭 11-1호 (신길동, 반월공단)",93.07,109900000
2,LDH0920,1,58751,***,25년 보급품 하역 용역,용역,LDH,육군종합정비창,202412121300,C1AD2,패트롤포콤에스 주식회사,patrolpocoms,박정수,028590112,서울특별시 관악구 문성로93-0 (신림동) 문성빌딩5층,88.358,36621500
11,LPK0029,1,58883,***,주거 집행잔액 7차 한우리 아파트 도배장판 설치납품,물품,LPK,제8기동사단,202412121130,JBDB5,화우,,박찬규,01024053340,경기도 포천시 군내면 유교로163,88.138,28583800
7,LMU0057,1,55204,001,(25-급-001) '25-1차 부대계약 식자재(가공품류) 계약,물품,LMU,제7군수지원단,202412121100,B8DB8,씨제이프레시웨이 주식회사,CJFRESHWAY,이건일,0221496154,경기도 용인시 기흥구 기곡로32-0 (하갈동),58.51,1905175
95,LFK0084,1,58759,***,24-16차 과학화장비(빔 등) 구매,물품,LFK,육군종합군수학교,202412121100,L6BFB,주식회사 마크온탑,,신승자,07076039643,서울특별시 영등포구 여의대방로43나길10-1 (신길동)  1층,88.003,19990610
5,SFJ0035,1,58721,***,25-항-음식물류폐기물 운반 및 처리 용역,용역,SFJ,제2112부대,202412121100,L05C2,호계농장,,김윤석,010-6525-2456,경상북도 문경시 호계면 자실길38-0,88.152,13397260
3,SFJ0036,1,58722,***,25-항-생활폐기물 위탁처리 용역,용역,SFJ,제2112부대,202412121100,E5866,(주)삼호환경,samhoenv,유성백,0542733333,경상북도 포항시북구 죽도동703-5 4층,88.268,3382700
105,HCL0073,1,59235,***,"24-385, 393, 394 방첩 윤활제 등 114종",물품,HCL,공군사관학교,202412121100,K86D2,와이비컴퍼니,,김영은,07076129238,충청북도 청주시 흥덕구 오송읍 상봉모시울길9-8,88.002,30534573
4,UMM1332,1,56635,***,25~28-D-국방시설본부 임대차량 용역,용역,UMM,국군재정관리단,202412121100,B2427,주식회사 레드캡투어,redcaptour,인유성,0427142392,"서울특별시 중구 을지로100, 비동 19층(을지로2가, 파인에비뉴)",83.023,494438400
6,UMM1315,1,56622,***,25-F-배속병력 전세버스 수송용역,용역,UMM,국군재정관리단,202412121100,C6951,희성고속관광(주),"HEESUNG TOURIST CO.LTD,",송정애,0535225800,대구광역시 달서구 성당로199-1 (성당동),99.666,234600000
28,UMM1321,1,53763,***,(24 F307-A)25년 대기오염 측정용역(특정/일반물질),용역,UMM,국군재정관리단,202412121100,M0D51,주식회사 미래엔솔,,우희석,0314205544,"경기도 안양시 동안구 학의로268, 102호(관양동, 안양메가밸리)",87.762,178823130
34,MDG0232,1,58155,***,24-5차 의무물자(실험의자 등 3종),물품,MDG,국군의무사령부,202412121100,M3BD6,봄앤현,,이희주,01064184479,"충청남도 계룡시 엄사면 번영로113-32 (계룡파라디아), 106동 2303호",88.432,7706255
3073,MDG0231,1,58154,***,24-6차 의무물자(비상샤워기 등 3종),물품,MDG,국군의무사령부,202412121100,MCB3A,엠에이기획,,조민아,07076129238,"강원특별자치도 원주시 오성마을길63-25, 상가동 201호 (단구동, 원주단구 내안애카운티 에듀파크 1단지)",87.995,19803623
125,LPC0046,1,58827,***,25사단 사단 군수지원대대 개편사업 관급자재(크레인),물품,LPC,제25보병사단,202412121100,I5053,주식회사 에코테크,ECOTECH co.ltd,서유희,0553353008,부산광역시 사상구 새벽로131(감전동) 6동 218호,88.215,98170500
125,LPC0047,1,58824,***,25사단 72여단 군수지원대대 개편 관급자재(크레인),물품,LPC,제25보병사단,202412121100,M42E8,새숨환경,,용석구,0333450450,강원특별자치도 횡성군 우천면 수남로266번길56-0,87.999,64687984
127,LPC0048,1,58820,***,25사단 71여단 군수지원대대 개편 관급자재(크레인),물품,LPC,제25보병사단,202412121100,A06F5,제이케이이앤씨 주식회사,"JUMPKOREA E&CCO.,LTD",박성근,0553429551,경상남도 김해시 진례면 고모로324번길 180제이케이 이앤씨(주),87.996,62430100
7,LMU0059,1,55206,001,(25-급-003) '25-1차 부대계약 식자재(가공품류) 계약,물품,LMU,제7군수지원단,202412121100,B97CB,주식회사 신세계푸드,ShinsegaeFood,강승협,0233976112,"서울특별시 성동구 성수일로56, 4층~7층 (성수동2가)",53.461,1361445
6,LMU0058,1,55205,001,(25-급-002) '25-1차 부대계약 식자재(가공품류) 계약,물품,LMU,제7군수지원단,202412121100,B97CB,주식회사 신세계푸드,ShinsegaeFood,강승협,0233976112,"서울특별시 성동구 성수일로56, 4층~7층 (성수동2가)",56.928,1829838
40,HCS0013,1,57656,***,항공관제레이다 3차 전력화기지 공사 관급(자동제어),물품,HCS,제3훈련비행단,202412121030,G39D1,주식회사연수이앤씨,"YEON SU E&C CO.,LTD",조운호,0220691897,"서울특별시 구로구 경인로53가길10, 414호 (구로동, 구로대명벨리온)",88.002,102061918
17,LMB0025,1,57763,***,승포어린이집 비품,물품,LMB,제8278부대,202412121030,MF6CD,대광상사,,정미경,01041395658,"경기도 포천시 학동로47 (신읍동, 한신아파트)",88.033,20937100
3,MCX0076,1,58813,***,24-자운대 관사비품 임차(음식물처리기 등 3종),용역,MCX,자운대근무지원연대,202412121030,L92DE,메가엠지씨커피충주터미널점,,김연희,01034379149,충청북도 충주시 봉계1길50-0 (칠금동) 1층,88.07,22900840
110,SCN0197,2,54570,***,체력단련장 배토용 모래 구매,물품,SCN,제7001부대,202412121030,L7DF4,비에스케이,,신만식,02-6407-9727,"경상북도 경주시 원화로345-0 (성동동), 401호",95.137,11550000
921,LGC0042,1,58687,***,강당 통신 및 전기시설 개선 설치납품,물품,LGC,육군학생군사학교,202412121030,G4F78,이앤씨케이블 주식회사,ENC cable(주),내성경,0236663033,서울특별시 구로구 경인로53길15-0 (구로동) 중앙유통단지 다동 1204호,88,24451950
3,LGC0044,1,58836,001,25년 사관후보생 이발용역(최종),용역,LGC,육군학생군사학교,202412121030,L6A3B,주식회사 경현,,노현서,0432981777,충청북도 청주시 청원구 내수읍 내수로358,94.749,9500
25,MDK0071,1,58752,***,'24-3차 한빛부대 재보급물자 수송관리용역,용역,MDK,국군수송사령부,202412121030,K0F9C,주식회사 유성쉬핑,,강병도,027661788,"서울특별시 중랑구 신내역로111, 에이동 923호(신내동, 신내에스케이브이원센터)",88.021,187495600
27,LFH0023,1,58861,***,드론교육과정 조립용 드론 부분품 및 공구 구매,물품,LFH,육군부사관학교,202412121030,K64D0,주식회사 순돌이드론,,조순식,024082777,경기도 하남시 하남대로947 (풍산동) C-1202,89.213,17476800
5,SCR0129,1,57009,***,25-배추침기(포기절단) 등 11종 구매,물품,SCR,해군제3함대사령부,202412121030,J47CB,현진식품 영농조합법인,,정재웅,0614539877,전라남도 무안군 망운면 조금나루길22,99.422,59500000
20,LHP0055,1,58838,***,'24년 의료기재(의무비품구매 7차) 구매,물품,LHP,제22보병사단,202412121030,M93A5,태평양,,이기숙,0318244808,"강원특별자치도 철원군 서면 자등로583-1, 1층 101호",88.056,15921470
22,LFH0022,1,58859,***,드론교육과정 상용 드론 구매,물품,LFH,육군부사관학교,202412121030,K64D0,주식회사 순돌이드론,,조순식,024082777,경기도 하남시 하남대로947 (풍산동) C-1202,89.036,28166000
145,LQP0040,1,58679,***,24년 일반장비 사업예산 구매(제설기),물품,LQP,제1891부대,202412121030,J3E4D,체리유통,,황덕현,07088398230,"인천광역시 연수구 랜드마크로19-0 (송도동, 송도 SK VIEW) 104동 1004호",88.009,81941950
11,LKS0065,1,58423,***,'25년 ~ '26년 병적관리시스템 유지보수,용역,LKS,육군인사사령부,202412121030,J3D89,주식회사 위드,,김도형,0424885093,대전광역시 서구 둔산대로117번길66-0 (만년동) 골드벤처타워 1동 828호,89.054,89208000
5,MCX0075,1,58814,***,24-자운대 관사비품 임차(에어컨 등 2종),용역,MCX,자운대근무지원연대,202412121030,HACDB,엔에이치코리아,NHK,박현민,07041112904,서울특별시 마포구 대흥로2길47 (용강동) 301,88.525,13496670
93,MCX0074,1,58709,***,24-자운대 00학교 석면(비산정도 및 농도) 측정용역,용역,MCX,자운대근무지원연대,202412121030,M2B7B,주식회사 에이솔루션,,권성익,0416630321,"대전광역시 유성구 복용남로67-11 (복용동), 2층 202호",88.202,17276000
285,LNM0013,1,58548,***,'24년 00부대 보온대 구매,물품,LNM,제5181부대,202412121030,L5D1A,두꺼비,,박민수,01044248259,"경기도 고양시 덕양구 삼원로14-1, 101호 (삼송동)",88.001,37472000
70,SFC0004,1,00032,***,25-덕-체 공산품(분말짜장 등 173품목) 구매,물품,SFC,제9691부대,202412121030,M2E7D,주식회사 미소랑,,김지혜,0328897712,"인천광역시 중구 연안부두로107번길34, 2동 1층(항동7가)",88.002,53019600
99,SFC0001,1,00029,***,25-덕-체 식재료(가지 등 174품목) 구매,물품,SFC,제9691부대,202412121030,F662D,드림팩토리,dreamfactory,고은희,01032575277,"충청남도 천안시 동남구 대흥로321, 502호(성황동, 수평빌딩)",83.034,233295561
45,SFC0161,1,58888,***,피아노 구매,물품,SFC,제9691부대,202412121030,GE48B,유니온티에이,,최용노,07088277823,경기도 고양시 일산동구 정발산로15-0 (장항동) 4층 415호,87.998,4309550
166,SCR0127,1,57008,***,25-포장두부 등 44종 구매,물품,SCR,해군제3함대사령부,202412121030,MC334,드림에프앤에프,,김태희,01044515540,"부산광역시 기장군 정관읍 달산2길13-10, 1층 102호",82.996,273993200
4,SCF1119,1,57679,***,OO함 연료유 탱크 청락/도장 외주용역,용역,SCF,해군군수사령부,202412121030,A2171,우진실업(주),WOOJIN  INDUSTRY CORPORATION,주광준,0616664333,"전라남도 여수시 좌수영로57, 5층(광무동, 흥국빌딩)",89.127,186355000
56,LQP0043,1,58805,***,24년 정비피복 제조,물품,LQP,제1891부대,202412121030,L6FF9,주식회사 유노인더스트리,,정민영,07087112611,경기도 남양주시 화도읍 비룡로292번길11,88.015,86814000
235,LQP0042,1,58729,***,24년 공병장비 구매(굴착기 회전링크등),물품,LQP,제1891부대,202412121030,M12C6,제이와이스튜디오,,이재영,01099287291,"인천광역시 서구 완정로208, 104동 302호(금곡동, 검단우방아이유쉘)",83.025,246443980
48,LQG0077,1,58881,***,서초훈련대 과학화체계 서버 등 설치,물품,LQG,육군 52보병사단,202412121030,IEE10,주식회사 심시스글로벌(SIMSYSGLOBAL Inc.),,김윤제,0269539251,"서울특별시 서초구 동산로23, 6층 (양재동, 베델회관)",90.069,36016676
2,MCN0003,2,00006,***,'25년 복지시설 직원식당 식자재 구매,물품,MCN,국방부근무지원단,202412121000,LE254,(주)현대그린푸드,,박홍진,0315252195,"경기도 용인시 수지구 문인로30-0 (동천동, 현대그린푸드)",80.308,2065298425
2,MCN0003,1,00006,***,'25년 복지시설 직원식당 식자재 구매,물품,MCN,국방부근무지원단,202412121000,LE254,(주)현대그린푸드,,박홍진,0315252195,"경기도 용인시 수지구 문인로30-0 (동천동, 현대그린푸드)",80.308,2065298425
21,LCF0590,1,57600,***,방탄헬멧3형 턱끈조립체 4항목 제조(피복),물품,LCF,육군군수사령부,202412111100,L21F0,주식회사 대일산업,,최외숙,01049234280,"부산광역시 사상구 낙동대로1356번길28, 2층(삼락동)",88.036,88780740
242,UAC0062,1,58567,***,디지털인쇄재료 6종 수시 구매-1,물품,UAC,국방출판지원단,202412111100,E6743,대전인재사,DAEJEONINJAESA,고인곤,0422228538,대전광역시 동구 선화로 212(),95.001,79850000
15,UMM0001,1,00015,***,25-M-전기안전관리 대행 용역,용역,UMM,국군재정관리단,202412111100,H2AC6,주식회사 해오름전기안전관리,Haiorum Electric Safety Managment,김상원,0324233585,인천광역시 미추홀구 경원대로728번길4-35 (주안동),88.046,160407889
5,UMM1328,1,58336,***,24-M-도서관 신축공사 관급자재(셔터) 제조설치,물품,UMM,국군재정관리단,202412111100,B6B09,우근건설 주식회사,"wo kun construction co.,ltd",강복순,0426722800,대전광역시 대덕구 오정로37번길 29(오정동),88.33,88770000
15,UMM1327,1,58262,***,24-M-차단벽 경계울타리 제조(248261-F),물품,UMM,국군재정관리단,202412111100,ABA8F,주식회사 케이에스아이,KSI Ltd.,채종술,07040707002,전북특별자치도 남원시 광치산업2길19 (용정동),88.329,145992205
356,UMM1324,1,58126,***,24-M-사격장 관급자재(내마모강판) 구매,물품,UMM,국군재정관리단,202412111100,BD837,(주)한일종합상사,hanil il sang sa,이희석,07044539559,대전광역시 대덕구 대전로1397번안길70-0 (읍내동),82.996,457512000
3,UMM1317,1,57492,***,(24G311-A)사이버위협 경보체계 교체사업  금융리스,물품,UMM,국군재정관리단,202412111100,B179B,롯데캐피탈(주),LOTTE CAPITAL,추광식,0234510099,"서울특별시 강남구 테헤란로 142(역삼동, ARC PLACE) 7층",97.855,900064400
2,UMM1326,1,56869,***,24-F-항공관제레이더 전력화기지 수배전반 제조,물품,UMM,국군재정관리단,202412111100,IA773,주식회사 멀티,MULTI Inc,황진아,0632262222,전북특별자치도 전주시 덕진구 추천로177-10 (팔복동1가),88.702,197241000
1312,UMM1325,1,56072,***,25-M-해병 프린터(복합기) 렌탈 용역,용역,UMM,국군재정관리단,202412111100,J205D,다온산업,,전명숙,01038927397,"대전광역시 유성구 배울2로61-0 , 1015-801(관평동, 대덕테크노밸리10단지아파트)",87.747,184224040
19,UMM1329,1,53642,***,24-F-전력화기지 공사 관급(UPS)제조(249162-F),물품,UMM,국군재정관리단,202412111100,A2CB0,태일자동제어(주),TIAC,한연수,0622254721,광주광역시 광산구 신가매결길28(신창동),88.16,212443630
3281,UMM1319,1,52912,***,(24G300-A)'25년  프린터 임차 용역,용역,UMM,국군재정관리단,202412111100,J0380,아진건설 주식회사,,주언희,0547814880,경상북도 울진군 울진읍 월변2길5-0,87.745,175651220
38,UMM1330,1,52547,***,(24F082-G)25~26년 BCTP 모델운용장비 유지보수 사업,용역,UMM,국군재정관리단,202412111100,B3C90,(주)글로벌텔레콤,GLOBALTELECOM,서승현,0234830900,"서울특별시 영등포구 영등포로150,A동 L152호,1304호~1313호",83.006,522299000
48,MCR0068,1,56356,***,'25년 통합사이버교육시스템 유지보수 용역,용역,MCR,국방대학교,202412111100,CA417,주식회사 동조전력,"DONGJO ELECTRIC CO., LTD.",송영미,0419534424,충청남도 논산시 연무읍 득안대로647,87.877,43102701
73,MCR0066,1,54973,***,25년 IP교환기 유지보수 용역,용역,MCR,국방대학교,202412111100,A303C,유한회사 노블이엔씨,nobleENC,윤호준,0632762222,전북특별자치도 전주시 덕진구 전미로269-0 (전미동2가),87.748,46656093
3,DSS0070,1,57331,***,LAN장비 교체사업 금융리스,물품,DSS,국군제1068부대,202412111030,DAAC1,비씨카드주식회사,BCCARD,최원석,025207819,"서울특별시 중구 을지로170, 비동(을지로4가, 을지트윈타워)",98.561,4044701500
37,LDA0114,1,58631,***,(D133) 사령부 군악기(튜바) 구매,물품,LDA,지상작전사령부,202412111030,G6721,월드악기프라자,world musicalinstrument praza,이주성,031-206-3777,"경기도 수원시 영통구 봉영로1587-0 (영통동, 다모아프라자)",88.994,9175000
5572,SCL0055,1,58598,***,피복류(조깅화 등 2종) 구매,물품,SCL,해군사관학교,202412111030,M1153,더리얼톤그룹,,이광호,01077547234,"인천광역시 연수구 독배로90번길76 (옥련동, 수팰리스) 1동 202호",88,50533655
5,SFM0098,1,58216,***,25-S-하/폐수처리시설 위탁관리 용역,용역,SFM,제3170부대,202412111030,D4B04,(주)오빌 이앤씨,"OPHIR EnC CO.,LTD",이소현,0548541134,경상북도 안동시 강남7길23-10 (정하동),88.168,28775100
1326,LGC0040,1,58408,***,유격대대 훈련물품(안전고리 등 3종)(최종),물품,LGC,육군학생군사학교,202412111030,I2E53,율로실업,Yulro Corp,나유진,01084513807,"충청남도 천안시 서북구 한들3로100 (백석동, 백석마을 아이파크) 107-2401",88,13576470
17,LMP0050,1,58364,***,24년 문화재 지표조사 용역 계약,용역,LMP,제3보병사단,202412111030,J1214,재단법인 가디언문화유산연구원,,오승환,0312369004,"경기도 화성시 동탄감배산로143, 202동 2406호(오산동, 동탄역유림노르웨이숲)",88.006,5147900
374,SDL0038,1,58338,***,24-00대대 정훈 도서 구매,물품,SDL,재경근무지원대대,202412111030,M10BA,책인감,,이철재,01032077286,서울특별시 노원구 동일로182길63-1 (공릉동) 2층,90,7023290
130,SFM0099,1,58221,***,도서(생각의연금술 등 32품목) 구매,물품,SFM,제3170부대,202412111030,J2BB4,세이프부산,,신경자,07040421380,경상북도 포항시 북구 청하면 용두리113-2,90.001,4391597
1606,SCQ0131,1,58523,***,24-평 타이어 등 64종 구매,물품,SCQ,제9911부대,202412111030,LE569,키토넥스,,송지은,01079250586,경기도 화성시 향남읍 수리재길40-1,88,19305000
1090,LDA0115,1,58637,***,(D126) 24년 신규 직장 어린이집 비품 구매,물품,LDA,지상작전사령부,202412111030,LDA48,수퍼,,김은회,01073831937,경기도 하남시 대성로313-1 (덕풍동),88.004,38553139
25,LDA0113,1,58618,***,(D132) 24년 4/4분기 도서 구매,물품,LDA,지상작전사령부,202412111030,M0C0C,다인피아이디,,신한진,07041320460,"경기도 용인시 기흥구 한일로19, 402호(공세동)",90,1946270
905,SCL0054,1,58593,***,피복류(생도정모 등 3종) 구매,물품,SCL,해군사관학교,202412111030,KB1CB,디딤컴퍼니,,김보리,01037770743,"강원특별자치도 동해시 평원로110 (평릉동, 동해해안사랑으로부영) 109동 4층 4호",88.003,43756000
5381,SCL0053,1,58586,***,피복류(수영복 등 8종) 구매,물품,SCL,해군사관학교,202412111030,LACDE,사랑이유통,,이경희,01036631019,"서울특별시 강서구 화곡로21길83 (화곡동, 화곡대진아파트) 102-402",88.001,33387990
5236,HDM0058,1,58455,***,24-항공기주요정비시설 등 CCTV 보강,물품,HDM,공군제17전투비행단,202412111030,IF171,주식회사 부한발란스,,최치원,0529333026,"울산광역시 남구 산업로517번길20-7 (여천동), 2층 3호",88,37853207
9,SCQ0123,2,52049,***,24-평 관사 비품 임차 용역,용역,SCQ,제9911부대,202412111030,I0AC2,디에이치바이오,DHBIO,김단희,07041549149,충청북도 충주시 예성로120 (용산동),88.257,14154440
780,SFG0140,1,57590,***,25-K-간부숙소 청소 용역,용역,SFG,제9181부대,202412111030,GF0BA,(주)케이제이씨에스,KJCS,심아름,0514419955,부산광역시 연제구 중앙천로14번길1 (연산동),87.997,446911300
5,SCF1118,1,56188,***,열상장비 유지보수 용역,용역,SCF,해군군수사령부,202412111030,H747B,주식회사 글로벌시스템스,"GLOBAL SYSTEMS co., LTD",조영란,0428259190,대전광역시 유성구 유성대로1205번길10-0 1층 (자운동),86.575,356438310
399,SCF1116,1,54284,***,플랙시블 루버 탱크 4EA 구매,물품,SCF,해군군수사령부,202412111030,CF5B2,대광산업,daegwang,이종명,01026787883,경상남도 창원시 마산회원구 양덕북5길97 (양덕동1층상가),97.384,107030000
2,SCF1117,1,47489,***,호흡용 고압공기압축기 유지보수 정비,물품,SCF,해군군수사령부,202412111030,H9871,주식회사 에이앤지테크,angtech,김경훈,0326770272,"경기도 부천시 원미구 도약로282번길6(도당동, AG빌딩)",83.37,137403750
1139,LPF0085,1,58367,***,25년 렌탈프린터 임차 용역(재),용역,LPF,제51보병사단,202412111030,LDA48,수퍼,,김은회,01073831937,경기도 하남시 대성로313-1 (덕풍동),87.745,67954773
295,LKP0159,1,58522,***,'25년 1분기 부대계약부식(빵류) 제조/구매,물품,LKP,5군수지원사령부,202412111030,E3EDC,주식회사 대흥푸드,"DAE HUNG FOOD Co.,Ltd.",정점례,0327155785,인천광역시 서구 검단로93번길9(오류동),87.998,119138325
701,LDC0025,1,58410,***,교전훈련장비 수리부속 구매(24-17차),물품,LDC,육군과학화전투훈련단,202412111030,F769A,더펜상사주식회사,THE PEN,고혜숙,0518320067,부산광역시 강서구 미음산단로139번길9 (구랑동),86.906,129055300
3,EBB0355,1,8520Z,***,KCTC 여단급 전투훈련 부족 마일즈장비,물품,EBB,지상공통전력운영계약팀,202412101100,B9E1E,(주)네스랩,NESSLAB,이재호,0428671081,대전광역시 유성구 테크노2로 194(),83.818,1484505000
180,MCS0136,1,58015,***,휴대용무전기 구매,물품,MCS,국방부계룡대근무지원단,202412101100,LAD88,에스더블유시스템,,윤길성,01084462566,충청남도 금산군 추부면 마전1길38-14 2층,88.002,16960023
2496,LCI0008,1,57903,***,'24년 정비피복(동계용) 구매,물품,LCI,육군제6501부대,202412101100,MBFD7,모리의테이블,,박정임,01025593174,서울특별시 은평구 갈현로15길44 (구산동) 201호,88,28540383
5,MCN0005,1,00022,***,군 주거시설 위탁관리 용역,용역,MCN,국방부근무지원단,202412101100,F52B9,공우이엔씨 주식회사,KONGWOO ENC Corporation,이한기,0262760252,"서울특별시 영등포구 여의대방로43라길6-0 (신길동, 신길프라자3층)",88.325,2185431360
2,UMM1313,1,56220,***,(24G312-I) 기록관리시스템 노후 교체사업 금융리스,물품,UMM,국군재정관리단,202412101100,C7007,오릭스캐피탈코리아(주),ORIX Capital Korea Corporation,정성윤,0220506700,"서울특별시 강남구 테헤란로306, 13층(역삼동, 카이트타워)",99.018,1147582540
618,UMM1323,1,55722,***,(247408-F) 의무비품(3단 조절식 침대) 구매설치,물품,UMM,국군재정관리단,202412101100,J551A,보배,,김보은,01032224774,"인천광역시 연수구 송도과학로27번길55-0 (송도동, 롯데캐슬 캠퍼스타운) 103-2704",82.999,266508000
30,UMM1311,1,53706,***,"24-F-항온, 항습 공조기 제조 설치(249163-F)",물품,UMM,국군재정관리단,202412101100,F56D3,주식회사 성운이엔지,"SungWoon Eng Co., Ltd.",김기형,0429359988,"대전광역시 유성구 테크노2로319, A동(탑립동)",88.269,487137720
8,UMM1297,2,51861,***,24-F-항공장구 [조종사용 선글라스] 제조,물품,UMM,국군재정관리단,202412101100,I9E5E,케이알시(KRC)고려,KRC Koryu Co.,이영직,0533826519,대구광역시 북구 검단로217-5 (검단동),88.083,177971000
1063,UMM1316,1,50230,***,(246395-D) 증류시험기 등 5종 구매,물품,UMM,국군재정관리단,202412101100,L8FD9,아너스오토,,이원희,0537610202,대구광역시 남구 이천로19길62-6 (이천동),83.013,243093504
11,UMM1318,1,49976,***,24~26-N-CBT 및 사이버전 실습체계 유지보수,용역,UMM,국군재정관리단,202412101100,K2797,주아정보 주식회사,,김수경,0553365147,"경상남도 김해시 김해대로2324번길40-3(봉황동, 주아빌딩)",87.814,134111300
2,MDG0229,1,54012,***,25년 환의세탁용역(국군고양병원),용역,MDG,국군의무사령부,202412101100,KAF2A,메디클린,,박상철,031-946-0666,경기도 파주시 탄현면 가시내길53-6 나동,92.274,26499840
151,MDD0117,1,56587,***,2024년 재투자 의무장비(혈액가온장치) 구매,물품,MDD,국군수도병원,202412101100,HF980,두물기업,DUMUL company,김재원,01091866118,"충청북도 청주시 흥덕구 덕암로47번길20-6, 4층(봉명동, 더메이)",99.239,32000000
292,LMU0061,1,58095,001,(25-급-004) '25-1차 부대계약 식자재 (빵류) 계약,물품,LMU,제7군수지원단,202412101100,D95B1,(주)씨앤에스,CNS Corporation Ltd.,신길수,0317561617,경기도 광주시 경충대로1950-0 (중대동) 동우빌딩1-2호,82.996,250578.02
3,LKD0084,1,57298,***,24-70차 육-드론 구매 계약,물품,LKD,제32보병사단,202412101100,K3824,캣츠,,김경진,010-9640-1319,"강원특별자치도 원주시 흥업면 연세대길1, 2-103호 2-104호 2-105호(연세대학교 창업보육센터)",89.808,81196000
360,LFK0083,1,57597,***,조리실습장 조리시연장비(PTZ 카메라등) 설치납품,물품,LFK,육군종합군수학교,202412101100,11406,주식회사조이,joy,남식운,0548553232,"경상북도 안동시 단원로203, 1층102호(화성동, 삼안빌라)",87.999,68614860
841,HCF0251,1,57143,***,마이크로폰 헤드셋 구매,물품,HCF,공군군수사령부,202412101030,LB6C9,엘유통,,차다얼,01091146862,"경기도 김포시 고촌읍 장차로13번길25 , 3층 302-852호(세종프라자)",88.008,207200014
35,MCT0068,1,58192,***,레슬링부 경기복 등 6종 구매,물품,MCT,국군체육부대,202412101030,D4F3F,미성종합체육산업 주식회사,Misungsports,전옥녀,0222529191,서울특별시 중구 을지로 294(),92.74,13382000
8,MCT0067,1,58193,***,25년 VOIP 교환기 장비 유지보수 용역,용역,MCT,국군체육부대,202412101030,E344F,주식회사 태산정보기술,TAE SAN .COM,채연옥,028424114,"서울특별시 금천구 벚꽃로278, 1312호(가산동, 에스제이테크노빌)",88.633,18400000
3220,MCT0066,1,58194,***,경기대 의무용품(테이핑 등 3종)구매,물품,MCT,국군체육부대,202412101030,JEAB5,주식회사 태극,,최은교,0438535301,충청북도 충주시 엄정면 노실길28,88,10827812
5,HDE0001,1,00025,***,교육생 숙소 세탁물처리용역,용역,HDE,공군항공안전단,202412101030,F74D0,미추클린센터,meetyoucleancenter,성원석,0328622115,인천광역시 미추홀구 인하로137(용현동),88.84,43125600
5,SCH0192,1,58003,***,24-1-40호 병영도서 25종 구매,물품,SCH,해군작전사령부,202412101030,JF3F6,문장서점,,강장춘,051-205-1327,부산광역시 사하구 오작로8번길62-5 (감천동),90.046,433660
875,SCQ0130,1,58082,***,24-평 도서(표준품셈 등 14종) 구매,물품,SCQ,제9911부대,202412101030,KB75F,다담9988탕제원,,박미영,01039773400,"경기도 안산시 단원구 선부로91 (선부동, 102호)",90,6686010
36,SFN0003,2,00010,***,25-Y-통신전자장비 유지보수용역,용역,SFN,연평부대,202412101030,HB34F,주식회사 썬플라워즈,SUNFLOWERs.co.ltd,김종석,07075280972,"인천광역시 서구 가석로30, 광양프런티어밸리 3차 301호 (가좌동)",88.223,86442256
76,MDS0002,1,00024,***,'25년 통합보안시스템 유지보수 용역,용역,MDS,제3707부대,202412101030,M442E,에이아이솔루션(AI Solution),,김현우,07044212690,"경기도 포천시 신읍길4, 4층(신읍동)",87.978,95425166
19,MCN0004,1,00016,***,’25년 사업장생활폐기물(음식물) 처리용역,용역,MCN,국방부근무지원단,202412101030,J472D,천성환경,,신정훈,0327155090,경기도 부천시 부일로326-0 (중동) 2층 1-(722)호,84.287,138616080
5,SFL0055,1,57620,***,25-교-신병 입영신체검사(흉부 및 소변)용역,용역,SFL,제3283부대,202412101030,D2701,(사)대한결핵협회,knta,신민석,0226339461,서울특별시 서초구 바우뫼로6길57 (우면동),89.136,79542000
27,SFG0139,1,57226,***,25-K-열상감시장비 유지보수 용역,용역,SFG,제9181부대,202412101030,DD047,(주)유투에스알,U2SR,윤사빈,0319771034,"경기도 고양시 일산동구 하늘마을로158-0 (중산동) 대방트리플라온 C동 1101호, 1103호",86.064,348393000
170,SFG0138,1,57225,***,25-K-무인감시장비(CCTV) 유지보수 용역,용역,SFG,제9181부대,202412101030,BB9D5,주식회사 나스콤,"NASCOM Co., Ltd.",조은영,0432767800,충청북도 청주시 서원구 남이면 청남로1448,85.584,353147543
114,SFG0136,1,57223,***,25-K-방송시스템 유지보수 용역,용역,SFG,제9181부대,202412101030,M1CE4,주식회사 가디언테크,,조영인,0318510604,"경기도 김포시 김포한강10로133번길127-0 (구래동), 733-7호(구래동,디원시티지식산업센터)",87.756,96390590
11,SFC0160,1,57657,***,코팅기 등 2품목 구매,물품,SFC,제9691부대,202412101030,C61E6,케이씨테크노(주),"KEC TECHNO CO., LTD.",이석형,0319238555,경기도 고양시 일산서구 송산로 221(),88.179,969100
10,SCF1115,1,58145,***,’24년 대형수송함 지휘지원체계(CSS) 유지보수 용역,용역,SCF,해군군수사령부,202412101030,EEA86,청남정보통신 주식회사,chungnam information,박규대,0424718874,"대전광역시 서구 월평서로25번길42, 2층(월평동)",87.745,52859400
36,SCF1109,1,56119,001,콩나물 구매,물품,SCF,해군군수사령부,202412101030,H295B,주식회사 금오식품,keumofood,문기윤,0555521723,경상남도 창원시 진해구 명제로484번길14(제덕동),88.024,2599.5
5194,SCF1112,1,55174,***,"해병대 대형차량 리프트, 브릿지형 구매",물품,SCF,해군군수사령부,202412101030,M7346,이랑,,송희숙,07047721922,"대전광역시 유성구 도안동로422, 112동 203호 (원신흥동)",87.996,78123680
2,SCF1113,1,54665,***,어뢰 회수용 보트(TRB) 외주정비,물품,SCF,해군군수사령부,202412101030,H1E99,주식회사 반도마린,"BANDO MARINE Co.,Ltd.",김종백,0518311950,부산광역시 강서구 미음산단로327 (미음동),88.228,8800000
3,SCF1114,1,53851,***,2함대 함정 상가대 체인잭 외주정비,물품,SCF,해군군수사령부,202412101030,G638A,주식회사 일성이엔지,"ILSEONG ENG CO.,LTD.",오세만,0514127038,부산광역시 영도구 대교로2번길22-6 (봉래동3가) 2층,84.841,1477227360
31,SCF1110,1,51644,***,냉장염지닭 등 10종 구매,물품,SCF,해군군수사령부,202412101030,H3C83,주식회사 프라임푸드시스템,primefood,허두임,0555523375,경상남도 창원시 진해구 안골로285번길12-1 (안골동),88.006,41456800
104,LKH0048,1,57680,***,00여단 차단벽구조 사격장 신설 설계VE(용역),용역,LKH,제6128부대,202412101030,K2CA7,주식회사 종합건축사사무소예장,,최희선,0448626390,"세종특별자치시  조치원읍 섭골길23, 201호",98.992,55584000
28,MCT0064,1,57306,***,25-26년 훈련장 관리(잔디/조경)용역,용역,MCT,국군체육부대,202412091130,A0637,주식회사 한울,Hanul Inc,윤정호,0559340145,경상남도 합천군 합천읍 계림2길27-44,88.34,1547865000
12,LHQ0057,1,57139,***,00대대 식기세척기 임차용역,용역,LHQ,제2작전사령부,202412091100,M7548,별사랑,,이재성,01089611418,"경기도 파주시 문산읍 방촌로1725, 2층202-C146호",88.444,26466120
118,LHQ0059,1,57661,***,통신장비(음향설비) 설치 납품,물품,LHQ,제2작전사령부,202412091100,L3F89,오울 시스템,,권기원,07048374570,"대구광역시 북구 팔거천동로52, 301동 603호(구암동, 미래타운)",88.002,72828000
327,LGP0169,1,57558,***,24년 정수약품(요소수) 구매,물품,LGP,제1군수지원사령부,202412091100,M8F16,내포리컴퍼니,,이영섭,07046473201,"충청남도 홍성군 홍북읍 자경로17, 121동 305호(자경마을중흥에스클래스)",88.001,13261810
7,SCK0164,1,57491,***,25-00사 승강기 유지관리 용역,용역,SCK,해군교육사령부,202412091100,EC3B9,주식회사 피케이에스,SAMSUNG ELEVATOR CO.,이승호,0552611201,"경상남도 창원시 성산구 용지로94-0 (중앙동, 올림피아상가) 4층 403-2호",88.325,23032000
4668,LHQ0058,1,57429,***,24년 40차 물자획득 안전물자(안전사다리) 구매,물품,LHQ,제2작전사령부,202412091100,M4DE5,제이와이피,,신용욱,01062061823,"경기도 고양시 덕양구 통일로374, 101동 1404호(신원동, 신원마을1단지 우남퍼스트빌)",88,17067820
4,UMM1265,1,51344,***,24-D-00지역 통합분청 신축 선행연구용역(B026),용역,UMM,국군재정관리단,202412091030,C46DF,서울대학교 산학협력단,Seoul National University R&DB Foundation,김주한,028805163,서울특별시 관악구 관악로1 (신림동),,202607000
12,LNS0050,1,57696,***,24년 2차 정비ㆍ취사피복 제조ㆍ구매,물품,LNS,제55보병사단,202412091030,K0752,주식회사 엄지,,김유담,07040454163,경기도 성남시 중원구 광명로94번길14-1 (성남동) 지층,88.044,24137777
187,MCS0135,1,57636,***,25-무한 잉크 프린터 임차용역,용역,MCS,국방부계룡대근무지원단,202412091030,MD3B7,효근보령,,심효근,05066551010,"충청남도 보령시 구시4길37-4 (대천동), 3층 334호",88.002,44293391
28,LMB0024,1,57761,***,승포어린이집 비품 및 교구,물품,LMB,제8278부대,202412091030,M1F6D,에이치제이글로벌,,이혜진,01087121204,경기도 포천시 신북면 왕방로279번길41-57,88.017,36147140
46,SFG0141,1,57589,***,마 로프 구매,물품,SFG,제9181부대,202412091030,K792D,엔제이이엔티,,정남정,01071441951,"경기도 김포시 김포한강2로229 (장기동, 한강호반베르디움)515동 1102호",88.107,10356800
5,SFL0054,1,57622,***,25-교-승강기 유지관리 용역,용역,SFL,제3283부대,202412091030,HB97E,주식회사 에스이엘리베이터,SE,최동환,0547728399,경상북도 경주시 현곡면 안현로209,88.098,9533200
307,LKH0047,1,57586,***,119여단 본부 더 좋은 병영식당 취사기구류 구매,물품,LKH,제6128부대,202412091030,M9DDD,제이에이치종합상사,,김종호,07047250022,"경상남도 양산시 평산회야로51, 201동 1층 102호 .(평산동, 경보2차그린타워)",88.001,28984950
91,ETAE003,1,4710P,***,해상감시레이더-II 철탑공사(영도) 감리용역,용역,ETA,감시전자총괄계약팀,202412061500,MA2BA,선경ENC,,신현옥,061-272-6116,전라남도 목포시 상리로9번길25-0 (상동) 2층,88.135,75502532
1242,MHD0100,1,56910,***,’24년도 4분기 2차 전산(프린터) 소모품 구매,물품,MHD,방위사업청(운영지원과),202412061430,IBCBE,인드라망,,김태은,01062416773,서울특별시 성북구 보문로157 (삼선동5가) 6층 1호,87.999,113792000
259,LCF0588,1,54041,***,무균작업대 등 5항목 구매(의무),물품,LCF,육군군수사령부,202412061300,G5A77,유노상사,youknow trading company,박연주,07087703319,"서울특별시 영등포구 여의대방로35가길19-0 (신길동, 보라매 SK VIEW)114-303",88,19199550
202,LCF0587,1,54708,***,감압농축기 등 2항목 구매(의무),물품,LCF,육군군수사령부,202412061200,E8E46,동진상사,dong jin sang sa,윤영현,07070792933,"경기도 평택시 평택5로34번길48, 402호(합정동)",99.906,15393000
4,SFJ0029,1,56865,***,25-항-시설관리용역,용역,SFJ,제2112부대,202412061100,G84A1,주식회사 에이치앤비파트너,(주)h&b파트너,박익래,0542867408,"경상북도 포항시 남구 대이로55, 3층(대잠동)",88.308,154483000
847,LHM0116,1,57327,***,[군-탄-18-1] 공병대대 어태치먼트(수목파쇄기) 구매,물품,LHM,제15보병사단,202412061100,L1A30,크린상사,,이규순,024726974,"서울특별시 강동구 천중로50길23, 2층(길동)",88,23361550
49,LDA0109,1,57301,***,(C038) 전도위험 수목제거 용역,용역,LDA,지상작전사령부,202412061100,HD9D7,양지조경건설(주),YangGiLandscape,윤강용,0313337148,경기도 용인시 처인구 이동면 이원로351-0,88.018,13631980
3,SFJ0034,1,57280,***,25-항-하수중계펌프장 및 폐수처리시설 위탁관리 용역,용역,SFJ,제2112부대,202412061100,A1BA5,(주)에싸,"Essa co.,ltd.",윤영내,0547412188,경상북도 경주시 알천북로249번길 1(동천동),88.557,20218000
4,SFJ0033,1,57267,***,25-항-승강기 유지관리 용역,용역,SFJ,제2112부대,202412061100,HB97E,주식회사 에스이엘리베이터,SE,최동환,0547728399,경상북도 경주시 현곡면 안현로209,88.668,2515530
3,UMM1307,1,56362,***,(24G299-I) 정보보호장비(방화벽) 교체사업 금융리스,물품,UMM,국군재정관리단,202412061100,B179B,롯데캐피탈(주),LOTTE CAPITAL,추광식,0234510099,"서울특별시 강남구 테헤란로 142(역삼동, ARC PLACE) 7층",96.662,1077475900
2,UMM1300,1,55510,***,(24G298-I) 전산자료 보안관리시스템 등 통합금융리스,물품,UMM,국군재정관리단,202412061100,B179B,롯데캐피탈(주),LOTTE CAPITAL,추광식,0234510099,"서울특별시 강남구 테헤란로 142(역삼동, ARC PLACE) 7층",97.329,5372729620
700,LPG0036,1,57128,***,24-2차 기타유지물자(경략렉) 설치 납품,물품,LPG,제5보병사단,202412061030,MA5A2,주식회사 주엘,,차윤지,07077701617,"경기도 화성시 동탄중심상가2길37, 903호-브이28(반송동, 필프라자)",88.007,146327130
4,LDA0112,1,57401,***,(D125) 24년 신규 직장어린이집 교재 구매,물품,LDA,지상작전사령부,202412061030,IFA6F,바이시스(Byciss),,신서영,01082368741,경기도 용인시 처인구 금령로90번길11-0 (김량장동) 105동 802호,90.776,3258000
89,LDA0111,1,57391,***,(D124) 24년 신규 직장어린이집 교구 구매,물품,LDA,지상작전사령부,202412061030,IF51E,씨티원 경기지점,,김은아,07087953338,"경기도 평택시 중앙로29, 537호 (통복동, 은호빌딩)",88.127,61028926
44,LDA0110,1,57388,***,(D119) 24년 사이버지식정보방 소모품 구매,물품,LDA,지상작전사령부,202412061030,J275B,핀투어,,김은선,01087861158,경기도 용인시 처인구 모현읍 백옥대로2366-0 10-19 현대하이츠빌라2차 A동 102호,88.019,4968000
316,HDQ0081,1,57384,***,20비 24-380 공구캐비넷 등 5종,물품,HDQ,제20전투비행단,202412061030,L2F70,정진글로벌,,이정진,01053413105,충청남도 당진시 신평면 서해로7489-138,88.001,23158859
2,LCG0104,1,57368,***,[24-육-310] 수사통합시스템 SW유지보수,용역,LCG,육군본부,202412061030,L261E,신진아이티주식회사,,한상진,01050400037,"대전광역시 서구 계백로900, A701호(관저동, YB트램시티)",88.53,8615400
4,LMK0049,1,57313,***,[24-A49] GOP부대 보일러 설치납품(1),물품,LMK,제6보병사단,202412061030,JAAEC,주식회사 태양건설,,윤예진,0334586295,강원특별자치도 철원군 서면 와수1로104-1,88.028,44106960
8,SFN0099,1,57305,***,24-Y-폐수처리시설 정비 용역,용역,SFN,연평부대,202412061030,B2AFE,(주)수정환경플랜트,"sujung environment plant co.,ltd",윤인구,0318771694,경기도 의정부시 신흥로258번길25-0 (의정부동) 1208호,88.091,14614230
37,MCX0073,1,57302,***,24-자운대 후반기 정기안전점검 용역,용역,MCX,자운대근무지원연대,202412061030,BED81,주식회사 장은엔지니어링,"JANGEUN STRUCTURAL ENGINEERING CO.,LTD.",장만성,0425339539,"대전광역시 유성구 동서대로179번길32, 201호(덕명동)",88.041,16991500
86,SFN0098,1,57299,***,함정장비 수리부속 구매,물품,SFN,연평부대,202412061030,J6B27,정일컴퍼니,,서현일,0325151036,"인천광역시 남동구 용천로105번길8, 101동 1102호(구월동, 한화포레나 인천구월)",90.928,47466000
35,MCX0072,1,57296,***,24-자운대 후반기 정밀안전점검 용역,용역,MCX,자운대근무지원연대,202412061030,F705D,(주)미래건축전략연구소,.,가참희,042-286-3234,"대전광역시 동구 대학로62, 214호(용운동, 대전대학교 산학협력관)",88.163,47421735
67,SFG0137,1,57224,***,25-K-광단국장비(MW) 유지보수 용역,용역,SFG,제9181부대,202412061030,M91EE,주식회사 베율,,임영삼,07046240972,"인천광역시 강화군 불은면 덕진로227번길20-34, 2층",88.024,79982973
3,SFD0119,1,57175,***,용덕마을 관사 싱크대 제조납품 설치,물품,SFD,제9227부대,202412061030,K3F6E,주식회사 성신산업,,윤정한,0549766336,경상북도 칠곡군 가산면 경북대로1511-16,88.488,36123500
529,LPG0037,1,57156,***,24-2차 취사장 관리용역,용역,LPG,제5보병사단,202412061030,C27D6,(주)기현건설,KI HYUN,김의배,0312363707,경기도 수원시 권선구 장다리로 313층,88.005,48663600
193,SCK0162,1,57106,***,복사용지 등 17종 구매,물품,SCK,해군교육사령부,202412061030,HD888,현준유통,Hyeon Junyutong,최진희,07086914239,경상남도 창원시 의창구 차상로150번길10-0 (팔용동)  229호,88.002,7310420
136,SFD0117,1,56969,***,24-P-예비군중대 프린터(복합기)렌탈 용역,용역,SFD,제9227부대,202412061030,EA274,주식회사 디엔와이,D&Y,김대환,07041847054,경상북도 경산시 성암로15길10(옥산동),88.305,16099867
8,SFD0116,1,56968,***,25-P-평창훈련장 무인경비 용역,용역,SFD,제9227부대,202412061030,KDFAF,주식회사 강원인에스,,정윤성,0337620112,"강원특별자치도 원주시 강변로385, 2층(개운동)",88.217,9163320
82,SFD0108,1,56210,***,철제프레임 구매,물품,SFD,제9227부대,202412061030,MF29D,수호천사,,오연수,01095111004,"경상북도 포항시 남구 지곡로260, 107동 206호(지곡동, 효자그린아파트)",88.016,7031876
2,ELA0035,1,5522L,***,24년 탄약류 파라핀 지환통(1차),물품,ELA,화력총괄계약팀,202412051100,D3C15,(주)오성지관,"O SUNG PAPER TUBE MFG.CO.,LTD",오형수,0318587092,경기도 양주시 칠봉산로337번길11 (봉양동),85.437,411863050
13,UMM1310,1,56254,***,24-N-0함대 식기세척기(9대) 임차용역,용역,UMM,국군재정관리단,202412051100,D2EDA,(주)한성바이오테크,hansungbiotech,김재경,025877972,"서울특별시 강남구 개포로25길18 (개포동, 1층)",87.909,116618640
2,UMM1298,1,55941,***,(24G309-A)안보폰 기반 DDoS 보호 구축 통합 금융리스,물품,UMM,국군재정관리단,202412051100,DAAC1,비씨카드주식회사,BCCARD,최원석,025207819,"서울특별시 중구 을지로170, 비동(을지로4가, 을지트윈타워)",98.621,3157787600
3,UAB0084,2,56186,***,25년도 국군복지단 영업시설업자 배상책임보험,용역,UAB,국군복지단,202412051100,A5B10,디비손해보험 주식회사,DB Insurance,정종표,0215880100,서울특별시 강남구 테헤란로432 (대치동),63.834,17000000
4,HDC0046,2,53112,***,"'24년~'27년 LPG(난방, 취사용) 구매",물품,HDC,공군제1전투비행단,202412051100,GA935,(주)가온에너지,gaon energy,오유나,062-675-4501,광주광역시 광산구 본동로536-0 (양산동),90.041,159000000
96,LKP0157,1,54448,***,'25년 1분기 부대계약부식(식자재) 구매,물품,LKP,5군수지원사령부,202412051030,LB751,오스코에프앤비,,지혜숙,0313764700,"경기도 안산시 단원구 고잔로55, 지하1층 102-A107호(고잔동, 중앙오피스텔)",83.188,4206038833
201,SFG0134,1,56787,***,샤워기 필터셋 구매,물품,SFG,제9181부대,202412051030,G7D43,티디에프 주식회사,TDF,안소영,0325682342,인천광역시 서구 대곡로89번안길29 (대곡동),88.008,23464140
3495,LQP0039,1,56760,***,차륜정비장비(차량용 4주식 리프트) 구매,물품,LQP,제1891부대,202412051030,J20AD,루브B&K,,김자현,01093534185,경상북도 포항시 남구 정몽주로869-0 (청림동),88.002,27729848
233,SFG0133,1,56788,***,25-K-청룡회관 해충방역 용역,용역,SFG,제9181부대,202412051030,A60A5,주식회사신강개발,SINGANG,최해진,0314162845,경기도 안산시 상록구 이호로68-1 (본오동),88.005,3611294
3,SEE0057,1,56778,***,25-J-프린터(복합기) 렌탈 용역,용역,SEE,제9해병여단,202412051030,KA847,주식회사 한올네트웍스,,김선학,064-711-1191,제주특별자치도 제주시 우정로16길21(외도일동),88.781,51894000
11,LKD0082,1,56740,***,24년 00여단 외곽감시 CCTV 설치/납품 계약,물품,LKD,제32보병사단,202412051030,F84CB,주식회사 아현정보기술,"Ahyun Information Technology CO.,LTD",주유리,0448664550,"세종특별자치시  나성북1로22, 5층 503 알533호(나성동)",88.051,51432568
205,LMR0065,1,56956,***,노드통신소 원격기지관리체계 장비 구매,물품,LMR,제5군단사령부,202412051030,MC7F3,(주)HK컴퍼니,,오진열,07077701617,"강원특별자치도 원주시 서원대로500-0 (단구동), 제4층 429-비11호(단구동, 원주 프리미엄아울렛)",88.01,62510320
37,LGT0099,1,56950,***,라돈알람기 물품 구매(24-GP-92),물품,LGT,제2307부대,202412051030,L916A,정평,,최명진,07077865007,"강원특별자치도 화천군 간동면 느릅길25, 1층 101호",88.037,5095270
4,SCH0191,1,56953,***,24-1-38호 중량봉 등 15종 구매,물품,SCH,해군작전사령부,202412051030,D2F61,세종종합상사,saejong company,이 정희,0519191588,"부산광역시 해운대구 재반로212번길 31, 지하호(반여동)",89.105,1935660
37,LGT0097,1,56951,***,"'24-2차 초도비품 냉장고, 세탁기 구매(24-GP-88)",물품,LGT,제2307부대,202412051030,I5C14,지앤지(G&G),G&G,박제성,01045858754,강원특별자치도 춘천시 남춘로5번길29-1 (퇴계동),88.025,59211870
330,LGT0096,1,56952,***,'24년 취사피복 구매(24-GP-106),물품,LGT,제2307부대,202412051030,L7134,만월,,경인애,07086481939,"강원특별자치도 원주시 중앙로86-0, 203호 (중앙동)",88.001,16119155
16,SDG0067,1,56914,***,복합가스측정기 등 3종 구매,물품,SDG,제2002부대,202412051030,M9170,푸름,,조명호,01038902237,인천광역시 남동구 남동서로236번길30-0 (논현동)2층 222-A40호,88.061,1337650
40,SCP0120,1,56897,***,암호 모듈 보안케이스 등 28종 구매,물품,SCP,제8385부대,202412051030,KAA71,현대상사,,김영락,01052181431,강원특별자치도 동해시 부곡6길6(부곡동),88.025,8691670
40,LGC0038,1,56883,***,25년 학군후보생 군장품류(명찰 등) 제조납품(2차),물품,LGC,육군학생군사학교,202412051030,B0C66,한일상사,HANIL,민성기,027430128,경기도 양주시 은현면 평화로1889번길 200-32(),88.029,33400000
5,SCP0119,1,56879,***,뉴 슈퍼에어로시티 에어컨 벨트 등 53종 구매,물품,SCP,제8385부대,202412051030,JFB9B,청아철물설비,,김주희,010-7224-5200,강원도 동해시 단봉길23 (북평동),89.292,4113000
5,SCP0118,1,56867,***,충전 임팩트 라쳇 등 2종 구매,물품,SCP,제8385부대,202412051030,JFB9B,청아철물설비,,김주희,010-7224-5200,강원도 동해시 단봉길23 (북평동),88.285,2034400
5420,UHC0034,1,56860,***,24-조-061 개인방호물자 세트,물품,UHC,공군 작사예하 방포사예하 제2여단,202412051030,LF26B,26데이즈,,한훈탁,01045661832,"서울특별시 성동구 뚝섬로5길17, 301동 1202호(성수동1가, 성수3차금호베스트빌)",88,33263562
27,LGC0037,1,56536,***,교번주기표 제조,물품,LGC,육군학생군사학교,202412051030,K9A32,주식회사 순수팩토리,,신지원,023712101,경기도 고양시 덕양구 삼원로40-1 (삼송동),88.052,20773340
20,SEE0058,1,56793,***,25-J-통신전자장비 유지보수 용역,용역,SEE,제9해병여단,202412051030,BB999,그린정보통신,green Information,박성근,0647250161,제주특별자치도 제주시 천수로6길 28(이도이동),88,58457784
129,SFC0159,1,56877,***,각인기 구매,물품,SFC,제9691부대,202412051030,L30B1,(주)에스지테크놀로지,,강소리,01097901118,"경기도 이천시 신둔면 이장로311번길400-94, 2층 비호",87.998,5259832
6,SCU0109,1,56889,002,'25~27년 제주지역 액화석유가스(LPG) 구매,물품,SCU,해군 기동함대사령부,202412051030,C25A0,주식회사 천마,cheonma,김영진,0647523151,제주특별자치도 제주시 애월읍 평화로2700,83.845,1213.2
6,SCU0109,1,56889,001,'25~27년 제주지역 액화석유가스(LPG) 구매,물품,SCU,해군 기동함대사령부,202412051030,D4CF7,주식회사 제주미래에너지,JEJU MIRAE ENERGY,최석원,0647961423,제주특별자치도 제주시 한림읍 협재남2길2-0,83.852,1246
1,MGO0009,2,49822,***,K계열 전차포 자동정비체계 도입(120mm),물품,MGO,국방기술품질원,202412041500,E1C74,수성정밀기계(주),"SOO SUNG PREC MACHINERY CO.,LTD",안상진,0522955114,울산광역시 북구 농공단지3길 39(달천동),98.045,3217203000
1,MGO0008,2,49824,***,K계열 전차포 자동정비체계 도입(105mm),물품,MGO,국방기술품질원,202412041500,E1C74,수성정밀기계(주),"SOO SUNG PREC MACHINERY CO.,LTD",안상진,0522955114,울산광역시 북구 농공단지3길 39(달천동),98.873,4649040000
2333,LHQ0054,1,55611,***,00대대 대테러 특수피복 및 물자구매,물품,LHQ,제2작전사령부,202412041100,J2925,미성FEP,,이중섭,01099598020,"전북특별자치도 전주시 덕진구 백동5길21-0, 1층(인후동2가)",82.995,115666990
482,UAC0061,1,56612,***,인쇄재료 71종 수시 구매,물품,UAC,국방출판지원단,202412041100,I081A,성훈유통,sunghunyoutong,허성훈,01064889938,"인천광역시 서구 이음1로173-0 (당하동), 308동 1301호",88.006,86295460
89,LHK0073,1,56586,***,[2군단] [보급과] 24년 윤활유 통합 구매,물품,LHK,제2군단,202412041100,K92D1,윤진 주식회사,,조선희,07047722900,"강원특별자치도 원주시 오성마을길63-25, 상가동201-272호 (단구동, 원주단구 내안애카운티 에듀파크 1단지)",88.013,26328160
4881,LFK0081,1,56548,***,영점사격장 탄두회수블럭 구매,물품,LFK,육군종합군수학교,202412041100,K6FD3,모든솔루션,,고상달,07041006757,충청남도 계룡시 엄사면 엄사중앙로97,88,21333210
12,LCN0084,1,56442,***,24-2차 충무관 야외카페 인조조경 구매,물품,LCN,육군사관학교,202412041100,L6DBA,유원케이,,김명선,01047694638,"서울특별시 영등포구 국제금융로8길19, 208호(여의도동, 중앙빌딩)",88.045,8174980
9,UMM1304,1,52947,***,(24F077-B1) 지능형디지털아카이브체계 유지보수 용역,용역,UMM,국군재정관리단,202412041100,C980F,씨지에스아이티(주),CGSIT,최규식,0226328730,"서울특별시 금천구 가산디지털1로1-0 (가산동, 더루벤스밸리) 1208호",87.802,173946262
556,UMM1308,1,51377,***,(246400-C) 골프연습장 오토티업기 교체,물품,UMM,국군재정관리단,202412041100,KB89D,다담시스 주식회사,,장근수,07041933232,서울특별시 금천구 가산디지털1로1 (가산동) 1208호,91.528,260995870
16,UMM1306,1,49162,***,24-N-병탄창 관급자재(항온항습기) 제조설치,물품,UMM,국군재정관리단,202412041100,C3E82,(주)세기,CENTURY CORPORATION,김태수,0326743355,경기도 부천시 오정로39번길24-17 (삼정동),83.578,226050000
21,UMM1309,1,49043,***,(246390-F) 고철 압축기 제조설치,물품,UMM,국군재정관리단,202412041100,M50D5,삼성환경 주식회사,,허영주,0617728455,"전라남도 광양시 광장로112-20 , 109동 205호(중동, 성호아파트)",88.073,312599000
41,LHQ0056,1,55654,***,00대대 대테러 특수피복(군복류) 제조,물품,LHQ,제2작전사령부,202412041100,I2ADF,아이지컴퍼니,IG,윤건호,0552461130,경상남도 창원시 마산회원구 석전동17길52-0 (석전동),88.547,120441156
22,LHQ0055,1,55635,***,00대대 대테러 특수피복(군용장구류) 구매,물품,LHQ,제2작전사령부,202412041100,J9FE0,포제스컴퍼니,,안은자,0314358913,"경기도 시흥시 하중로181, 1층 104호(하중동, 현성빌딩)",83.111,98346433
2,HCM0075,1,55895,***,'25년도 하늘/우주식당 김치류 제조 구매,물품,HCM,공군교육사령부,202412041030,1365F,주식회사 삼화식품,"samhwa foods co., ltd",정태성,0558828440,경상남도 하동군 옥종면 옥단로1653-1,96.027,37800000
8,SFD0115,1,56644,***,'25년 호텔마린 하수처리시설 관리용역,용역,SFD,제9227부대,202412041030,D4B04,(주)오빌 이앤씨,"OPHIR EnC CO.,LTD",이소현,0548541134,경상북도 안동시 강남7길23-10 (정하동),88.295,21911800
15,SFD0114,1,56640,***,'25년 호텔마린 전기안전관리 용역,용역,SFD,제9227부대,202412041030,ID096,주식회사 누리전기기술단,,박인식,054-281-6162,경상북도 포항시 북구 양학로177-1 (득량동),88.007,12959000
4,SFD0113,1,56637,***,'25년 호텔마린 승강기 관리용역,용역,SFD,제9227부대,202412041030,L64A7,주식회사 영천엘리베이터,,이준호,0543361540,경상북도 영천시 주남1길39-22 (완산동),88.273,5496447
5,SFD0112,1,56630,***,'25년 호텔마린 세탁물처리 용역,용역,SFD,제9227부대,202412041030,M4D86,빨래터산업,,박희순,01057645800,"경상북도 영덕군 영덕읍 덕곡길123, 1층",88.227,59103690
3,SFH0157,1,56614,***,24-B-TV거치대 등 3품목 구매 납품(도서지역),물품,SFH,제9196부대,202412041030,K263A,주식회사 티원산업,,김병천,0325411360,"인천광역시 서구 원당대로117번길70-3 (오류동), 창고동 1층",95.38,1798000
297,MDR0071,1,56597,***,'24년 0000부대 의료기기(척추온열기 등 2종) 구매,물품,MDR,제9965부대,202412041030,K068F,준컴퍼니,,정형준,01094755236,"서울특별시 노원구 공릉로46길19, 107동 304호(공릉동, 공릉동 한보에센시티아파트)",88.002,75595220
202,SDG0066,1,56585,***,"도서 ""백만장자 시크릿 등 121종"" 구매",물품,SDG,제2002부대,202412041030,D958B,씨엔에이건축사사무소,cna arch.,신우탁,07087671114,인천광역시 남동구 앵고개로938-0 (논현동) 금아프라자 203호,90.001,2048413
306,SCK0161,1,56556,***,원형세면기 등 153종 구매,물품,SCK,해군교육사령부,202412041030,IAE6A,제나비즈,JENABIZ,김채윤,01066843114,경상남도 창원시 성산구 중앙대로61번길4 (중앙동) 310호,88,43387000
605,LMR0063,1,56549,***,과학화 훈련장 카메라(CCTV) 납품 설치,물품,LMR,제5군단사령부,202412041030,G93EE,주식회사 아이에스앤로드테크,IS&RDTECH,박영배,0319196656,"경기도 고양시 덕양구 삼원로73, 407호, 408호, 801호(원흥동)",88.004,86858590
3,UAB0085,1,56341,***,상무대 쇼핑타운 면세유류 구매 2차,물품,UAB,국군복지단,202412041030,E1F6C,(유)무안IC주유소,,김만기,0613235149,전라남도 함평군 엄다면 영산로3189-0,98.448,31500000
14,SFG0129,1,56312,***,25-K-청룡회관 오수처리시설 관리용역,용역,SFG,제9181부대,202412041030,H01AA,주식회사 신우엔지니어링,"SINWOOENGINEERING, CO,. LTD.",구경환,0318378472,"경기도 의정부시 문충로74, 비동 316,317호(고산동, 한강듀클래스)",88.184,5721500
15,SFM0094,2,53599,***,베레모 등 8품목 제조,물품,SFM,제3170부대,202412041030,HAAEE,주식회사 디앤엠팩토리,"DNM FACTORY CO.,LTD",김도현,0319444727,경기도 파주시 지목로89-41 (신촌동) 2동 1층,89.955,39400200
8,HCM0001,1,00008,***,'25년 스마트교실 교육망 점검수리 용역,용역,HCM,공군교육사령부,202412041030,I4BA7,일신씨엔에스 주식회사,"ILSIN CNS Co., LTD.",유지흠,0552770071,"경상남도 창원시 의창구 대봉로26번길4-5, 봉림YG빌딩 502, 503호",88.058,25395800
83,SFG0132,1,56346,***,25-K-청룡회관 물탱크 청소용역,용역,SFG,제9181부대,202412041030,FFAE1,주식회사 평택종합개발,,이재욱,0316558137,경기도 평택시 죽백5로23 (죽백동) 301호,88.026,2460820
2477,LGP0168,1,56253,***,기타유지물자(롤테이너 등 4종) 구매,물품,LGP,제1군수지원사령부,202412041030,L754A,해나,,안해인,01023741608,"경기도 화성시 동탄순환대로8길14 (장지동, 동탄호수공원아이파크) 3125동 2404호",88.001,21597039
93,LFH0021,1,56607,***,드론교육과정 드론 소모성 예비부품 및 공구 구매,물품,LFH,육군부사관학교,202412041030,LE465,아이컴퍼니,,이정환,01057504694,"서울특별시 동작구 동작대로35차길12-5, 비01호(사당동, 금양빌라)",88.022,16833700
4,LKD0081,1,56598,***,24-18차 육-간판 및 부착물 제조/설치 계약,물품,LKD,제32보병사단,202412041030,CEB97,한솔기업,한솔기업,김운회,0449057031,세종특별자치시  연서면 봉암길127-7 203호,88.511,28285000
166,LGT0095,1,56547,***,'24-2차 작은도서관 도서 구매(24-GP-91),물품,LGT,제2307부대,202412041030,M8493,강원테크,,김성수,01051071855,"강원특별자치도 동해시 배골길32-4, 107동 5층 502호(이도동, 동해아이파크)",90.004,4695800
27,SFN0002,1,00009,***,25-Y-무인감시장비 유지보수용역,용역,SFN,연평부대,202412041030,E7612,주식회사 유환아이티,U HWAN IT,이호남,0328345500,"인천광역시 연수구 대암로39-1,1층 (옥련동,대영빌딩)",85.625,306218932
4,SCU0108,1,53624,001,25-00전대 혼합폐기물 처리 용역,용역,SCU,해군 기동함대사령부,202412041030,IAE60,대성기업 주식회사,daeseonggieop,김대환,0647333457,제주특별자치도 서귀포시 도순로42-0 (도순동),84.883,217512
4,SCF0979,2,46047,***,잠수함(SS-III) 연료전지 모듈 정비,물품,SCF,해군군수사령부,202412041030,JAD27,범한퓨얼셀 주식회사,,황정태,0552240500,경상남도 창원시 마산회원구 자유무역4길61 (봉암동),99.751,536000000
958,LQP0036,1,55627,***,어라운드뷰 형 카메라 구매,물품,LQP,제1891부대,202412041030,J7668,에덴유통,,신용희,01071574323,경기도 의정부시 용현로143 (민락동) 현대아파트3차 303동 1206호,87.996,24049580
2,MDR0066,1,51119,***,25년 간부식당 및 회관 식자재 구매,물품,MDR,제9965부대,202412041000,HBCE0,(주)아워홈 동서울영업소,"OURHOME CO.,LTD.",김태원,0269669758,경기도 광주시 초월읍 산수로642-27,85.65,342600225
182,MDD0116,1,54826,***,2024년 4-2차 의무비품 구매,물품,MDD,국군수도병원,202412031700,IAFAD,동은씨에이,DONGEUN.CA,백순희,07077695600,"경기도 고양시 일산동구 호수로646-24, 209-08호 (장항동, 위너스21-II)",88.007,47369116
67,LNH0018,1,56406,***,'24-2차 병영세탁방 비품 구매(제조),물품,LNH,육군제7163부대,202412031530,M7AB3,행운남,,엄창섭,01052053357,"경기도 파주시 문산읍 방촌로1725-0, 2층 202-C149호",88.009,6867840
69,HCR0043,1,55663,***,15비 간부숙소 신축 관급자재 - 가구1,물품,HCR,공군제15특수임무비행단,202412031330,AAAA4,주식회사 엔와이엔,NYN,홍장헌,0537455681,대구광역시 수성구 수성로 328(),88,671900000
2,LDH0919,1,56148,***,(자재) 폴리우레탄 녹색 구매,물품,LDH,육군종합정비창,202412031300,E3640,주영산업 주식회사,"Juyoung Industrial Co., Ltd.",성호진,0553861901,경상남도 양산시 유산공단11길 36(),92.438,29338100
19,LCG0103,1,53261,***,[24-육-292] '25년 밀리터리 이미지넷 유지보수,용역,LCG,육군본부,202412031230,KB89D,다담시스 주식회사,,장근수,07041933232,서울특별시 금천구 가산디지털1로1 (가산동) 1208호,96.247,59880000
5,LDH0917,1,55542,***,00부대 주거시설 관리위탁용역,용역,LDH,육군종합정비창,202412031100,DD74F,주식회사 로이안에이치앤에프,"Roiaan co,.Ltd",방준형,0220581960,서울특별시 강남구 논현로12길19-3 (개포동) 두이빌딩 2층,88.667,1344373525
3,ESAE003,1,8761,***,방공C2A창정비용 일반공구류,물품,ESA,유도무기총괄계약팀,202412031100,H42DB,주식회사 청호,"Cheong ho Co.,Ltd",이호준,0522717031,"울산광역시 북구 명촌18길5-0 (명촌동, 울산강변효성해링턴플레이스(85블럭))8502동 101호",88.701,29277700
47,LHM0115,1,56218,***,[군-탄-23] 38여단 다목적트랙로더 솔 구매,물품,LHM,제15보병사단,202412031100,C02A3,우수이앤씨주식회사,woosu,배영자,0332611943,강원특별자치도 춘천시 신동로51-0 (신동),88.014,21195680
11,LNT0040,1,56002,***,감시정찰장비 부자재 구매,물품,LNT,제28보병사단,202412031100,JB6FD,한솔,,최동석,01093418290,경기도 포천시 군내면 유교로106,88.006,19544190
852,HDQ0079,1,56052,***,24-탄약고 제초 용역 추가 계약,용역,HDQ,제20전투비행단,202412031100,L2777,주식회사 진영임업,,진영찬,010-8286-5202,경상남도 고성군 고성읍 남포로127-0,88.002,28801000
227,LNT0041,1,56140,***,3차 상병건강검진시약 구매,물품,LNT,제28보병사단,202412031100,G66AD,마하인터내셔널,MAHA INTERNATIONAL,고혜선,01035322107,경기도 남양주시 청학로68번길6  청학주공아파트 509-1702,88,6265900
11,MCS0133,1,56097,***,(육-091) 전시대 등 9종 구매,물품,MCS,국방부계룡대근무지원단,202412031100,HAB9A,미소광고,MISO ADVERTISEMENT,고화선,041-358-2004,충청남도 당진시 송산면 송산로886,88.297,77094980
3,UMM1295,1,55342,***,24-D-계룡대 출입통제체계 교체 금융리스,물품,UMM,국군재정관리단,202412031100,M501B,미래에셋캐피탈(주),,이만희,027879295,"서울특별시 중구 을지로5길26, 6층 (수하동, 미래에셋센터원 웨스트타워)",96.939,707658300
3,UMM1291,1,54595,***,(24G288-I) PC 교체도입 금융리스,물품,UMM,국군재정관리단,202412031100,B179B,롯데캐피탈(주),LOTTE CAPITAL,추광식,0234510099,"서울특별시 강남구 테헤란로 142(역삼동, ARC PLACE) 7층",96.422,921481780
107,UMM1296,1,54258,***,24-N-병탄창 관급자재(자동제어) 제조,물품,UMM,국군재정관리단,202412031100,AA73B,나노이엔지 주식회사,nanoeng,이재규,0536433525,"대구광역시 서구 와룡로307, 403호(중리동)",87.999,80548990
2,UMM1289,1,51225,***,(24F286-I) 개인정보영향평가 용역,용역,UMM,국군재정관리단,202412031100,L38C6,주식회사 한국전산감리원,,김병양,0234480118,"경기도 과천시 과천대로12길117, 지동 501호 (문원동,과천 펜타원)",88,61798000
2,UMM1248,2,46146,***,24-D-기동위성송출장비 제조(241058-F),물품,UMM,국군재정관리단,202412031100,3580F,디케이엠텍 주식회사,"DK M-TECH CO., LTD.",차영문,025530181,서울특별시 강남구 봉은사로24길 74(),88.735,580000000
59,LPM0054,1,55316,***,정비용 장비(유압유 오염도 측정기) 제조 계약,물품,LPM,제9보병사단사령부,202412031100,I857E,나린코리아,NALINKOREA.co,김동주,0557853007,경상남도 양산시 학동길54-0 (어곡동),88.004,43565180
12,LPM0053,1,55315,***,정비용 장비(유압유 플러싱) 제조 계약,물품,LPM,제9보병사단사령부,202412031100,LDECC,주식회사 피원테크,,장무현,0518313511,부산광역시 강서구 호계로125번길56-0 (죽동동),88.071,57832000
53,LPF0084,1,55326,***,유휴시설 2공구 철거공사 - 건설폐기물처리 24-197,용역,LPF,제51보병사단,202412031100,06033,미래환경(주),"MIRAI ENVIRONMENT CO,LTD",오성은,0316630373,경기도 평택시 서탄면 사리길 31(),87.746,183660000
146,LGP0167,1,56162,001,25-1차 빵류 다수품목 단가계약(구매),물품,LGP,제1군수지원사령부,202412031100,DE986,성도교역,sungdo co ltd,최계영,023062353,"서울특별시 서대문구 수색로138-0, 2층(북가좌동)",83.002,576351.68
158,LCH0073,1,55506,***,00부대 간편식 구매(1-24-물-4),물품,LCH,특수전사령부,202412031030,N0530,퍼스트,,김시후,0556320505,경상남도 거제시 사등면 지석2길63-6,83.01,43440300
3,SFG0127,1,55992,***,노래방기기 및 엔진브로워 등 5품목 구매,물품,SFG,제9181부대,202412031030,H95D1,키엔,KEYN,노인규,01085837921,인천광역시 계양구 효서로10-0 (효성동) 403호,88.508,2821348
53,HDC0047,1,55935,***,"24-219, 238, 240, 251, 267, 268 동력분무기 등 20종",물품,HDC,공군제1전투비행단,202412031030,M7D4B,코코스토어,,최수민,01037984035,광주광역시 광산구 첨단중앙로47번길3 (월계동) 201호,88.062,14398370
395,LQP0038,1,55928,***,24년 일반장비유지(UPS 축전지) 집행잔액 구매(A부대),물품,LQP,제1891부대,202412031030,J554F,유주얼컴퍼니,,김은영,01031630647,강원특별자치도 원주시 오성마을길6 (단구동)  1층 2호,88.002,16025117
231,HCR0044,1,55664,***,15비 간부숙소 신축 관급자재 - 가구2,물품,HCR,공군제15특수임무비행단,202412031030,JFC80,엠에스토탈,,문숙,01089783235,"경기도 안산시 단원구 석수로138 (선부동), 201동 1115호 (선부동, 안산 메트로타운 푸르지오 힐스테이트 오피스텔)",88.001,35372030
259,MDK0069,1,56267,***,해상방책선 유지관리 자재 구매,물품,MDK,국군수송사령부,202412031030,LFED7,엠에스,,서민석,01072742686,경상남도 김해시 생림면 인제로545-67,88.001,64641130
20,LFR0017,1,56265,***,24년 시뮬레이터 외주정비 사후조건부 원가검증 용역,용역,LFR,육군기계화학교,202412031030,AB81B,사단법인 한국경영분석연구원,IKEA,김민선,025582045,"서울특별시 강남구 선릉로93길54, 7층(역삼동, 일환빌딩)",88.219,7985000
103,LDA0106,1,56179,***,(D118) 사령부 지원용 전산운영용품 구매,물품,LDA,지상작전사령부,202412031030,J6622,아이엠케이,,이정이,01025089199,"경기도 용인시 수지구 죽전로193번길9, 302동 1002호(죽전동, 성현마을3단지)",88,22031729
17,SFN0001,1,00007,***,25-Y-복합기 임차 용역,용역,SFN,연평부대,202412031030,MB98A,우안산업,,김나헬,01084434644,"인천광역시 계양구 효서로64번길17-8, 14동 102호(효성동, 영진빌라)",88.119,59511400
51,SFH0153,2,54128,***,24-B-충전원형샌더 등 20품목 구매 납품(도서지역),물품,SFH,제9196부대,202412031030,H95D1,키엔,KEYN,노인규,01085837921,인천광역시 계양구 효서로10-0 (효성동) 403호,88.337,13799578
1383,LNG0094,1,56164,***,K1A2전차 영상장치(블랙박스) 구매 설치,물품,LNG,육군 제1군단,202412031030,L3C6B,제이제이,,안수영,01088365834,"경기도 오산시 동부대로332-14, 104동 505호(청호동, 오산자이아파트)",88.001,21234935
59,LGT0094,1,56154,***,'24년 복사방해용 보안용지 구매(24-GP-101),물품,LGT,제2307부대,202412031030,F748E,대림,DAELIMMEDICAL,임진호,0337471441,강원특별자치도 원주시 우산동660 한방의료기기산업진흥센터 305호306호,88.01,16299610
409,LKH0044,1,55889,***,신교대대 더 좋은 병영식당 식기 구매,물품,LKH,제6128부대,202412031030,M952F,동하상사,,정하나,01054649948,"경상남도 창원시 마산회원구 3·15대로732,4층 4193호 (합성동, 남산빌딩)",88.003,23268590
356,SFC0157,1,56135,***,의료기재(항공용 응급처치가방 등 2품목) 구매,물품,SFC,제9691부대,202412031030,K875F,유리아빠,,김학철,01063505454,서울특별시 영등포구 영등포로3길7-0 (양평동2가)상가동 203호,87.997,5897880
21,SFC0156,1,56122,***,24-덕-체 엔진톱 등 2품목 구매,물품,SFC,제9691부대,202412031030,K9A22,오공상사,,김도연,01052181431,"경기도 평택시 안중읍 안현로서6길10, 305동 B08호",88.088,1825030
97,SFC0154,1,56100,***,24-덕-총기보관함 구매,물품,SFC,제9691부대,202412031030,GE743,웰컴퍼니,wellcompany,장석우,07088192580,경기도 고양시 덕양구 무원로6번길61 606-1호(행신동),88.025,3277970
110,SCF1104,1,55137,***,"온도계, 표시용 저항식 등 5종 구매",물품,SCF,해군군수사령부,202412031030,M7015,에이스상사,,김일천,010-4387-7885,"부산광역시 사하구 다대로339, 1914호(장림동, 극동정림아파트)",89.991,5059890
2090,SCF1103,1,52957,***,유압 오일 400PL 구매,물품,SCF,해군군수사령부,202412031030,M434C,오션무역,,엄영달,0542444170,"경상북도 포항시 남구 중앙로131번길47, 402호(대도동)",88.024,16520762
25,SCF1099,1,52792,***,침구류 살균 청소기 등 2종 구매,물품,SCF,해군군수사령부,202412031030,CF5B2,대광산업,daegwang,이종명,01026787883,경상남도 창원시 마산회원구 양덕북5길97 (양덕동1층상가),96.904,3210000
49,SCF1108,1,51643,***,진미채볶음 등 3종 구매,물품,SCF,해군군수사령부,202412031030,H295B,주식회사 금오식품,keumofood,문기윤,0555521723,경상남도 창원시 진해구 명제로484번길14(제덕동),88.006,90933005
53,SCF1107,1,51642,***,마늘장아찌 등 3종 구매,물품,SCF,해군군수사령부,202412031030,HC6D5,주식회사 원양에프엔지 농업회사법인,wonyang,심세진,0552712845,경상남도 창원시 마산합포구 진전면 팔의사로511-97,88.032,79645900
55,SCF1106,1,51641,***,낙지젓갈 등  2종 구매,물품,SCF,해군군수사령부,202412031030,KA620,오케이팜,,오세옥,0556073058,경상남도 창원시 진해구 안청남로6번길8-1 (안골동) 1층,88.074,117760700
51,SCF1105,1,51640,***,바나나등 14종 구매,물품,SCF,해군군수사령부,202412031030,EB8EE,농업회사법인 주식회사 세명축산,saemyong,권호숙,0557412142,경상남도 진주시 명석면 판문로508,88.007,159944458
55,SCF1098,1,51639,001,고추튀김 구매,물품,SCF,해군군수사령부,202412031030,D7C93,농협김치영업소,nonghyupkimchiyoungoupso,박영미,0555447669,"경상남도 창원시 진해구 명제로484번길14, 1층 (제덕동)",88.077,10274.5
57,SCF1097,1,51638,001,오이피클(슬라이스) 구매,물품,SCF,해군군수사령부,202412031030,MFE8D,지구농장,,김무형,01027122229,"경상남도 창원시 진해구 동진로138, 지하층 100-3호(덕산동, 송림홈타운)",88.016,6232
49,SCF1096,1,51637,001,토스트소스,물품,SCF,해군군수사령부,202412031030,MFFA1,에이스유통,,양영호,010-8254-2550,"경상남도 창원시 진해구 충무로23, 상가1동 지하1층 비105호(신흥동, 블루빌)",88.023,5630.8
54,SCF1095,1,51636,001,연근조림 구매,물품,SCF,해군군수사령부,202412031030,MCCAF,더클래식,,임은미,0553372535,경상남도 김해시 칠산로307-14 (화목동),87.995,5666.15
53,SCF1094,1,51635,001,우엉조림 구매,물품,SCF,해군군수사령부,202412031030,L7026,영진식자재,,권영희,010-9331-7380,경상남도 창원시 진해구 조천북로62-0 (경화동) 101호,88.238,7000
43,SCF1093,1,51634,001,모듬수제소시지 구매,물품,SCF,해군군수사령부,202412031030,HC6D5,주식회사 원양에프엔지 농업회사법인,wonyang,심세진,0552712845,경상남도 창원시 마산합포구 진전면 팔의사로511-97,88.009,8515.94
58,SCF1092,1,51633,001,감자고로케 구매,물품,SCF,해군군수사령부,202412031030,K5B94,핸드메이드 초대점,,강명신,010-8000-0811,경상남도 창원시 진해구 진해대로762 (석동) 1층 127,88.217,4918
54,SCF1091,1,51632,001,훈제연어(덩어리/냉동) 구매,물품,SCF,해군군수사령부,202412031030,G1EEC,지(g)-마트,G-mart,송낙천,0555523355,"경상남도 창원시 진해구 조천북로62 105(경화동,하이존상가 105~107)",88.122,25600
43,SCF1090,1,51631,001,훈제연어(슬라이스) 구매,물품,SCF,해군군수사령부,202412031030,L7026,영진식자재,,권영희,010-9331-7380,경상남도 창원시 진해구 조천북로62-0 (경화동) 101호,88.582,9000
4,LPM0058,1,56271,***,여성화장실(기타이동식화장실) 제조설치,물품,LPM,제9보병사단사령부,202412031030,K4942,주식회사 조앤윤,,조영훈,0313511300,경기도 화성시 장안면 화곡로121-0,88.255,87692600
18,LPM0057,1,55729,***,재-002-1 작전대기시설 컨테이너 제조설치 납품,물품,LPM,제9보병사단사령부,202412031030,E69B7,주식회사휴먼씨앤디,Human C&D,박은종,0316363433,경기도 이천시 대월면 대장로187-16,88.11,212628000
32,LKQ0041,1,55254,***,항공교통관제 시뮬레이터 외주정비,용역,LKQ,육군항공학교,202412031030,D7D39,(주)아이필넷,ifeelnet,김명선,07041207733,경기도 성남시 분당구 성남대로926번길10-0 (야탑동),87.793,189936035
283,LHP0054,1,55079,***,'24년 GP복원 중거리카메라 제조 및 설치 납품,물품,LHP,제22보병사단,202412031030,GDABF,주식회사 알에프코리아,"RF KOREA Co.,Ltd.",신을주,028538381,"서울특별시 금천구 가산디지털1로119, A동 606호 (가산동, SK트윈테크타워)",87.996,322040530
3,LHN0081,2,53779,***,24-신영-03 5여단후방CP 병영생활관 신축(CATV),물품,LHN,제7보병사단,202412031030,JC7EB,주식회사 테라시스,,임미영,0319907474,"경기도 김포시 태장로755, 제1동 520호, 521호(장기동, 김포 한강신도시 GTower지식산업센터)",89.144,58054500
211,LGI0101,1,52112,001,'25-1차 부대계약 부식(식육가공품류) 구매,물품,LGI,제3군수지원여단,202412031030,KA091,하늘푸드,,조미희,0519410823,부산광역시 강서구 맥도길473번길38-7 (대저2동)A동1호,82.997,145531
165,LGI0102,1,52109,001,'25-1차 부대계약 부식(빵류) 구매,물품,LGI,제3군수지원여단,202412031030,CFF42,(주)한일코리아,"HANILKOREA CO.,LTD.",서영재,0315366684,경기도 포천시 창수면 창동로59-92,83.013,644229
156,LCH0074,1,55511,***,00부대 간편식 구매(9-24-물-2),물품,LCH,특수전사령부,202412031030,J82BE,(주)씨엘에스푸드,,장지혜,07077622535,부산광역시 강서구 명지오션시티8로10-5 (명지동),82.995,81190219
3,UMM1277,1,54495,***,(24G285-A) 출입통제시스템 구축 사업 금융리스,물품,UMM,국군재정관리단,202412021100,M501B,미래에셋캐피탈(주),,이만희,027879295,"서울특별시 중구 을지로5길26, 6층 (수하동, 미래에셋센터원 웨스트타워)",99.335,584457230
835,MCS0132,1,55809,***,(지구병원-040) 장비운영소모품 30차 8종 구매,물품,MCS,국방부계룡대근무지원단,202412021100,J75A0,함초롬,,최홍석,01026318102,"충청남도 아산시 탕정면 선문로221번길70, 406호",88,6727190
10,MCR0065,1,55012,***,'25년 승강기 유지관리 용역,용역,MCR,국방대학교,202412021100,FA1E0,주식회사 제이엘리베이터,JENJINIARING,최성진,0417346611,충청남도 논산시 논산대로124번길4-1 (등화동),88.131,42108000
3,UMM1278,1,54501,***,(24G305-A) 24년 IP교환기 노후교체 사업 금융리스,물품,UMM,국군재정관리단,202412021100,M501B,미래에셋캐피탈(주),,이만희,027879295,"서울특별시 중구 을지로5길26, 6층 (수하동, 미래에셋센터원 웨스트타워)",98.384,623013240
248,HCG0055,1,53859,***,24-2025 공군 탁상형 달력 제조,물품,HCG,공군본부,202412021030,G1795,조양출판인쇄,Choyang,오귀붕,0222755863,서울특별시 중구 필동로45 (필동3가) 3층,88.005,25626800
52,LMH0083,1,55834,***,"[B240] 휴대용사다리, 특임대용 랜야드 구매",물품,LMH,제7군단,202412021030,H1F3A,잇사갈,issachar,한기만,0312142004,경기도 수원시 팔달구 정조로791번길7-3 (팔달로2가) ABC빌딩 2층 201호,88.02,5946756
1334,HDG0033,1,55712,***,[24-245] 이동형 활주로 조명등 수리부속 구매,물품,HDG,공군제10전투비행단,202412021030,L0476,다치움,,김준석,01065463875,경기도 군포시 송부로74번길29-21 (도마교동)  201호,88.001,38794411
158,SDG0065,1,55693,***,허리보호대 등 37종 구매,물품,SDG,제2002부대,202412021030,J5CB5,씨에스컴퍼니,,나철수,07088610044,"서울특별시 강동구 천호대로1139,11층 알1156호(길동)",88,7034040
2,SEE0056,2,54083,***,25-J-음식물류폐기물 위탁처리 용역,용역,SEE,제9해병여단,202412021030,IC5E0,오성종,,오성종,01062235990,제주특별자치도 서귀포시 토평서로86-11 (토평동),91.09,97200000
4871,LCP0056,1,55308,***,'24년 후반기 병영도서관 및 독서카페 도서 구매,물품,LCP,육군항공사령부,202411291130,MCC93,미소컴퍼니,,김미소,01073487271,"서울특별시 마포구 동교로17안길43-12, 503호(서교동)",90,12664190
16,LPC0045,1,54571,***,무정전 전원공급기 제조/설치,물품,LPC,제25보병사단,202411291100,FA518,주식회사 티에스,"TS Co.,Ltd",하대용,0423648765,대전광역시 대덕구 신탄진로115번안길12 (신대동),88.158,38397911
20,LCN0081,1,54688,***,[복지]생도 혹한기 격려물품 피복 야구점퍼 제조,물품,LCN,육군사관학교,202411291100,M3D9F,연홍코퍼레이션,,지애경,0313114130,"경기도 시흥시 연성로83, 5층 501, 502,503호(하상동, 현대프라자)",88.056,39151640
10,MCR0064,1,55119,***,'25년 기계설비 성능점검 용역,용역,MCR,국방대학교,202411291100,M3754,삼화테크원(주),,최종명,0415572030,충청남도 천안시 동남구 신부1길13-0 (신부동)  3층,88.199,27849761
14,LFA0018,1,55253,***,"24~27년 식기세척기 임차용역(201여단, 203여단)",용역,LFA,제2신속대응사단,202411291100,E515B,필립시스템,philipsystem,김재롱,01037345656,경기도 김포시 대곶면 대곶북로158번길1-0 204호(창고동),88.352,76636800
43,LCN0083,1,54773,***,[복지]골프연습장 제초매트 설치 용역,용역,LCN,육군사관학교,202411291100,M5260,해풍으로,,기훈희,0623853252,서울특별시 관악구 법원단지30길22-0 (신림동),88.007,17403760
4,UMM1272,1,52680,***,(24G297-B1) 노후 화상회의 시스템 교체사업(금융리스,물품,UMM,국군재정관리단,202411291100,B179B,롯데캐피탈(주),LOTTE CAPITAL,추광식,0234510099,"서울특별시 강남구 테헤란로 142(역삼동, ARC PLACE) 7층",97.206,493239250
5,LGI0089,1,52102,001,'25-1차 부대계약 부식(신남지역) 구매,물품,LGI,제3군수지원여단,202411291030,G1811,삼성웰스토리 주식회사,SAMSUNG WELSTORY INCORPORATED,정해린,03151714408,경기도 성남시 분당구 구미로8-0 (구미동),54.595,460388
12,HCR0041,1,55351,***,염화나트륨 등 61품목,물품,HCR,공군제15특수임무비행단,202411291030,K0F3F,주식회사 한서팜,,김수현,0317053342,"경기도 성남시 분당구 매화로48번길8-1, 102호 (야탑동)",88.779,22570000
96,LCH0072,1,55347,***,00부대 의료기재 구매(1-7-24-물-3),물품,LCH,특수전사령부,202411291030,K6691,도담,,김은숙,01089683868,"경기도 남양주시 다산지금로146번길67, 7405동 804호 (다산동, 다산 반도유보라 메이플타운 2.0)",88.04,54471538
463,SCQ0129,1,55304,***,24-평 00부 체력단련기구 구매,물품,SCQ,제9911부대,202411291030,KD321,은여울,,이은주,01088937962,"경기도 김포시 김포한강8로173-59, 103동 903호 (마산동, e편한세상 한강신도시2차)",88.002,16361000
7,SFM0097,1,55075,***,25-S-음식물폐기물 처리 용역,용역,SFM,제3170부대,202411291030,L05C2,호계농장,,김윤석,010-6525-2456,경상북도 문경시 호계면 자실길38-0,88.01,32029830
852,LNF0046,1,54806,***,24-2차 윤활유 구매 계약 의뢰,물품,LNF,제1보병사단,202411291030,M54E6,주식회사 늘해랑컴퍼니,,장아리,07077701617,"경기도 화성시 동탄순환대로12길12, 이레스페이스-디83호(산척동, 제이제이파크프라자)",88.011,23566060
168,SCF1102,2,55330,***,공업용 포장랩 등 8종 구매,물품,SCF,해군군수사령부,202411291030,H4339,주식회사보승글로벌,bosungglobal,위나영,07087065666,"경상남도 창원시 진해구 웅동로162-0, 105동 501호(두동, 청안해오름아파트)",88.024,6605900
4691,SCH0190,1,55307,***,24-1-36호 병영도서 167종 구매,물품,SCH,해군작전사령부,202411291030,MCFD7,에이알테크,,김대진,01073319157,"경기도 김포시 고촌읍 인향로24번길66-24, 604동 4층 401호(디아이빌6단지)",90,9675490
6,SCK0160,1,55182,***,DVD(49등 61종) 구매,물품,SCK,해군교육사령부,202411291030,M6E80,제이제이,,노선영,01023171220,"경상남도 창원시 성산구 용지로169번길13, 3층 306호(용호동, 라이크빌-1)",88.345,1798190
79,SCK0159,1,55110,***,덤벨 등 38종 구매,물품,SCK,해군교육사령부,202411291030,MACE6,만경테크,,김성일,01035125057,"경상남도 창원시 의창구 평산로215번길29, 402호(서상동)",88,4885221
6,SFM0096,1,55070,***,25-S-생활폐기물 처리 용역,용역,SFM,제3170부대,202411291030,K5029,주식회사 블루경상,,선혜진,054-615-0900,"경상북도 포항시 북구 중흥로208-0, 116호(죽도동)",94.76,28420000
57,MCT0063,1,55430,***,럭비 훈련용품(후드티 등 7종)구매,물품,MCT,국군체육부대,202411291030,H15D0,주식회사 이음,EEUM,전병욱,0222784433,서울특별시 서대문구 포방터2길24 (홍은동),97.327,22620000
1432,MCT0062,1,55431,***,25년 컬러 렌탈 프린터 임차 용역,용역,MCT,국군체육부대,202411291030,L8F30,운선컴퍼니,,최운선,01030205070,대전광역시 서구 계룡로566-0 4층 248호 (괴정동),88,18306140
9,MCT0061,1,55432,***,"25년 네트워크, 전산장비 유지보수 용역",용역,MCT,국군체육부대,202411291030,KB89D,다담시스 주식회사,,장근수,07041933232,서울특별시 금천구 가산디지털1로1 (가산동) 1208호,88.39,31999522
10,SDG0063,1,55360,***,인바디체중계 등 17종 구매,물품,SDG,제2002부대,202411291030,IF6A3,영흥기업,,김도한,01022947988,"인천광역시 옹진군 영흥면 영흥로298-0, 301호",88.364,7730950
372,LDA0105,1,55327,***,(D114) 24년 사령부 보안용지 구매,물품,LDA,지상작전사령부,202411291030,IC28D,평화상사,,성혜정,01037321602,"경기도 남양주시 와부읍 덕소로213-0, 102동 504호(덕소강변서희스타힐스)",88.004,16052000
3623,MGA0006,1,55231,***,24년 전산운영용품 구매,물품,MGA,전략사령부,202411291030,K7273,에그코리아,,한소정,01028655971,"울산광역시 남구 신복로72번길29 (무거동, 신복현대아파트 103동) 103동 1705호",88,13924730
580,DSS0068,1,55202,***,24-4차 도서구매,물품,DSS,국군제1068부대,202411291030,K019E,대일컴퍼니,,김율이,01072851308,"경기도 부천시 원미구 계남로195, 304동 1206호(중동, 설악단지)",90,2845840
4,SFN0096,1,55140,***,복지회관 노래방 설비 구매 설치,물품,SFN,연평부대,202411291030,C3F95,툴데포,Tooldepot,홍승표,0328188909,인천광역시 연수구 청솔안로5번길12-0 (청학동),97.661,8580000
4,SFM0095,1,54287,***,25-S-식자재 위탁배송 용역,용역,SFM,제3170부대,202411291030,CD7B4,용마로지스주식회사,yongmalogis,이종철,0232906433,"경기도 김포시 고촌읍 아라육로78, 2동",98.448,299999100
6,LGI0093,1,52488,001,'25-1차 부대계약 부식(인제지역) 구매,물품,LGI,제3군수지원여단,202411291030,A738F,주식회사 푸드머스,FOODMERCE,천영훈,0221402800,경기도 용인시 처인구 원삼면 맹리로2번길31,50.862,1677230
5,LGI0092,1,52107,001,'25-1차 부대계약 부식(강릉지역) 구매,물품,LGI,제3군수지원여단,202411291030,LDC14,농업회사법인주식회사대화농산,,최태은,0312168952,경기도 수원시 영통구 법조로25-0 (하동) SK VIEW LAKE A동 3716호,63.498,1168420
6,LGI0091,1,52106,001,'25-1차 부대계약 부식(고성지역) 구매,물품,LGI,제3군수지원여단,202411291030,JF1B1,주식회사 에스엘상사,,송영각,0425511580,"충청남도 계룡시 서금암3길5, 925호(금암동, 쉐리움오피스텔)",60.158,921713.25
3,LGI0090,1,52105,001,'25-1차 부대계약 부식(양구지역) 구매,물품,LGI,제3군수지원여단,202411291030,4653F,(주)디아이,"DI.CO.,LTD",이정완,0336448981,강원특별자치도 강릉시 주문진읍 농공단지길28-13,76.667,1087142
13,UAB0078,1,53800,***,처인체력단련장 세탁물처리 용역,용역,UAB,국군복지단,202411281500,MF474,미소크린,,이예슬,01055123432,"경기도 광주시 초월읍 현산로361번길5-6, 1층",87.818,28278570
11,UAB0077,1,54472,***,동여주체력단련장 세탁물처리 용역,용역,UAB,국군복지단,202411281500,MF474,미소크린,,이예슬,01055123432,"경기도 광주시 초월읍 현산로361번길5-6, 1층",87.844,33814000
52,HDC0045,2,53110,***,'24~'25년 영외자식당 식자재 구매,물품,HDC,공군제1전투비행단,202411281100,L28BD,주식회사 지산상사,,최순자,01098215670,경기도 파주시 문화로65 (금촌동) 301호,82.999,553216804
17,LHM0113,1,54909,***,24년 하반기 소방시설 종합정밀점검,용역,LHM,제15보병사단,202411281100,IDC91,주식회사 신흥소방,,박종수,0339044166,"강원특별자치도 원주시 치악로1732-60, 1층(개운동)",88.313,42319315
216,HDF0063,1,54904,***,803동 공실 도배/장판 교체 용역,용역,HDF,공군 제8전투비행단,202411281100,L4755,일송정,,신길수,01040039552,"강원특별자치도 태백시 서학로975, A동 2층 5호(황지동)",88.011,32806720
9,EBBE043,1,9132,***,"'24년 케이스, 반동식, 전방용",물품,EBB,지상공통전력운영계약팀,202411281100,J72A6,오승산업,,오세화,0513114051,부산광역시 사상구 학감대로252번길83 (주례동),88.15,20860000
20,LDA0102,1,54857,***,"사격장 피탄지 보강자재(야자매트, 고정핀)",물품,LDA,지상작전사령부,202411281100,H55DB,(주)푸른산천,Pureunsancheon,박혜신,0315820480,경기도 가평군 가평읍 태봉두밀로22-0,88.011,6541100
99,UMM1283,1,54778,***,(24F271-I) 얼음정수기 임차용역,용역,UMM,국군재정관리단,202411281100,I0AC2,디에이치바이오,DHBIO,김단희,07041549149,충청북도 충주시 예성로120 (용산동),83.855,689021380
3,UMM1281,1,54695,***,24~29-N-해사종합정보체계 서버 교체 금융리스,물품,UMM,국군재정관리단,202411281100,M501B,미래에셋캐피탈(주),,이만희,027879295,"서울특별시 중구 을지로5길26, 6층 (수하동, 미래에셋센터원 웨스트타워)",90.239,348469500
54,UMM1280,1,52652,***,(24G067-H)교육기재장비 유지보수 용역,용역,UMM,국군재정관리단,202411281100,G5D53,천연테크놀러지,chunyeontechnology,이미자,07049404135,"전라남도 나주시 동수농공단지길109, 1층(운곡동)",85.787,226871060
17,UMM1288,1,49844,***,(24F075-G)25~'26년 육군기록관리시스템 유지보수용역,용역,UMM,국군재정관리단,202411281100,DC50A,주식회사 대연아이앤티,Dae Yeon Infomation & Technology,강석주,0428623326,"대전광역시 유성구 가정로218-0 (가정동) 융합기술연구생산센터 604호, 605호",87.615,347936970
1178,UMM1279,1,49209,***,(24F263-I) 프린터 임차용역,용역,UMM,국군재정관리단,202411281100,L4016,주하라 댄스피트니스,,김연재,01095020178,경기도 남양주시 진접읍 장현로134-0 3층,87.745,139364400
42,UMM1285,1,48322,***,"(246374-D) 조끼, 방탄복 3형 구성품 5종 제조",물품,UMM,국군재정관리단,202411281100,MB426,주식회사 거성인스,,우선금,0315544972,경기도 남양주시 사릉로34번길48-0 지층(금곡동),88.171,98492867
2411,UMM1287,1,45921,***,(247384-C) 패스트로프 등 3종 구매,물품,UMM,국군재정관리단,202411281100,H38AD,소망상사,SOMANG TRADING,조명애,0315292842,경기도 남양주시 별내면 용암비루개길140-0,87.995,58799100
5,UMM1276,1,41362,***,(247276-E) 드론 작전용 특장차량 제조납품,물품,UMM,국군재정관리단,202411281100,ED78E,주식회사 에바다,"EVADA Co.,ltd.",손현민,0237753344,경기도 김포시 통진읍 가현리638-2외 3필지,89.952,240000000
3,MDP0011,1,53946,***,24년 지형분석장비 구매 금융리스,물품,MDP,한미연합군사령부,202411281100,A8059,군인공제회,MILITARY MUTUAL AID ASSOCIATION,정재관,0221902034,서울특별시 강남구 남부순환로 2806(),96.426,85698250
52,MDF0038,1,54671,***,25~26년 합동전파관리시스템 유지보수용역(JSMS),용역,MDF,국군지휘통신사령부,202411281100,BCBCF,티에스라인시스템 주식회사,TSLine System,최국현,027833660,"서울특별시 영등포구 영신로220-0, 805호, 806호, 403호,1705호(영등포동8가, KnK디지털타워)",87.77,65428500
5,LCJ0051,1,54836,***,(24육군-해파80)동명부대 640w 발전기 세트 제조,물품,LCJ,종합보급창,202411281100,D72A9,(주)에스제이에너지,"SJ ENERGY CO,. LTD.",고경석,0260915501,경기도 화성시 마도면 송정로97번길66,83.414,144358401
18,DSS0065,1,53749,***,00부대 마이크로필름장비 유지보수 용역,용역,DSS,국군제1068부대,202411281030,D50B2,(주) 아이다스,(주)IDAS,정춘호,024884600,"서울특별시 강동구 성안로 173, 신구 오피스텔 902호(천호동)",97.924,47300000
1149,SCH0189,1,54893,***,24-1-30호 평가용 심폐소생술 마네킹 3EA 구매,물품,SCH,해군작전사령부,202411281030,J5411,양원에스씨,,이창건,0532546588,대구광역시 중구 태평로51길5-6 (동인동1가),88.001,20018630
33,SCH0188,1,54886,***,24-1-35호 눈꽃치즈 등 22종 구매,물품,SCH,해군작전사령부,202411281030,H2E1E,성일유통,sungil,김상찬,01093392838,부산광역시 금정구 동천로7번길10-0 (회동동),88.066,13853190
14,SCN0200,1,54864,***,24-진-59 00전대 폐휀다 폐기물 처리용역,용역,SCN,제7001부대,202411281030,JCAD2,주식회사엘킹덤,,김인혜,0553132230,경상남도 창원시 의창구 대산면 유등로332번길86-20,88.038,24967500
19,SCH0187,1,54844,***,24-1-34호 음식물수거함 등 2종 구매,물품,SCH,해군작전사령부,202411281030,JC499,제이에스컴퍼니,,이찬,01041843336,경상남도 창원시 성산구 정동로62번길61 (성주동),88.135,1718800
41,SCN0198,1,54774,***,의약품(텔카탄 플러스정 등 41종) 구매,물품,SCN,제7001부대,202411281030,JB03C,웰팜,,정성백,0542860880,"경상북도 포항시 남구 중앙로154, 805호 (해도동,학산타워빌딩)",88.03,35358400
72,MDK0066,1,54759,***,'24년 컨테이너크레인 고압반 교체,물품,MDK,국군수송사령부,202411281030,I3549,주식회사 한국전기공사,Co.Han kuk jeon gi gong sa,김진순,0553627416,경상남도 양산시 명동4길6-0 (명동),88.006,66720809
111,LDC0024,1,54717,***,24-48 UPS배터리 교체 설치,물품,LDC,육군과학화전투훈련단,202411281030,K2C2E,늘봄전기,,권미애,0332617862,강원특별자치도 춘천시 동면 방죽길53-0,88.002,51218680
3,LDA0104,2,54866,***,(D115) 24년 2차 군사지도제작용 전산재료 구매,물품,LDA,지상작전사령부,202411281030,G7FAE,주식회사 케이에스씨앤씨,KSCNC CO LTD,조원채,0312817889,"경기도 용인시 기흥구 동백3로11번길33,801-26호 (중동,새롬프라자)",88.459,37363700
53,SDF0185,1,54875,***,24-항-62 전대 취사장 청소용역,용역,SDF,제5738부대,202411281030,E7323,일영엔지니어링주식회사,ILYOUNG,정일영,0542848410,"경상북도 포항시 북구 중흥로222, 2층(죽도동)",88.019,3124730
4,LKD0079,1,54598,***,24년 굴삭기용 물자 구매,물품,LKD,제32보병사단,202411281030,L4949,경대강,,경도현,07086481939,"세종특별자치시  다정서로60, 505동 203호 (다정동, 가온마을5단지)",98.002,38826547
2,SDF0184,1,54873,***,24-항-05 무인항공기 운용차량 외주정비,물품,SDF,제5738부대,202411281030,HEA11,가고파이원특장,Gagopa Ewon Special Vehicle,고재부,0552324642,경상남도 창원시 마산합포구 진동면 삼진의거대로864-0,97.31,27753000
56,SCN0199,1,54775,***,의무물자(스프린트 등 17종)구매,물품,SCN,제7001부대,202411281030,CAAB4,강원상사,KWANG WON,김동국,0332422612,강원특별자치도 춘천시 남춘로17-0 (퇴계동),88.399,34759000
644,LPN0027,1,54788,***,24년 탄약고 저감조치를 위한 차열페인트 구매,물품,LPN,수도군단,202411281030,LFFB4,수궁정육점,,윤옥녀,010-4953-1063,경기도 성남시 중원구 광명로147-2 (성남동),88.009,5918255
46,LNM0011,1,54356,***,'24-6차 더 좋은 병영식당(취사기구) 구매,물품,LNM,제5181부대,202411281030,D63E8,미다운,midaun,방기숙,0318775747,경기도 양주시 권율로10-0 (장흥면),88.01,10884070
461,LNM0010,1,54332,***,'24년 사무자동화(OA) 비품 구매,물품,LNM,제5181부대,202411281030,EAC20,한북이엔지 주식회사,Han Buk ENG,김희섭,0318749114,경기도 의정부시 신촌로43 (가능동),88.002,26555891
1091,SCK0158,1,54819,***,AED PAD 등 13종 구매,물품,SCK,해군교육사령부,202411281030,G8A39,에이스컴퍼니,ace company,이정인,01093797130,경상북도 칠곡군 동명면 경북대로519-0,88,9488598
11,SFH0156,1,54862,***,24-주거-3종 시설물 정기안전점검 용역(도서지역),용역,SFH,제9196부대,202411281030,IF98A,주식회사에스디구조,,안영석,07046164488,"인천광역시 연수구 청능대로75, 802호중 808호(청학동, iMC 9)",88.214,11808900
50,SCF1085,1,51626,001,요거트푸딩 구매,물품,SCF,해군군수사령부,202411281030,LE553,농업회사법인 현대씨앤에프 주식회사,,한광희,0557625188,경상남도 진주시 지수면 청담길175번길16-16 농업회사법인 현대씨앤에프 주식회사,88.009,697
52,SCF1083,1,51601,001,씻어나온쌀 구매,물품,SCF,해군군수사령부,202411281030,L7026,영진식자재,,권영희,010-9331-7380,경상남도 창원시 진해구 조천북로62-0 (경화동) 101호,88.824,15900
177,SCF1079,1,53696,***,수액조절기 6EA 구매,물품,SCF,해군군수사령부,202411281030,L6DBA,유원케이,,김명선,01047694638,"서울특별시 영등포구 국제금융로8길19, 208호(여의도동, 중앙빌딩)",88,6936860
40,SCF1089,1,51630,001,포장순대(슬라이스) 구매,물품,SCF,해군군수사령부,202411281030,HC6D5,주식회사 원양에프엔지 농업회사법인,wonyang,심세진,0552712845,경상남도 창원시 마산합포구 진전면 팔의사로511-97,88.004,3870.56
50,SCF1088,1,51629,001,크림파스타소스 구매,물품,SCF,해군군수사령부,202411281030,IE199,남양우유진해가정대리점,,김기홍,01035883391,경상남도 창원시 진해구 이동로2번길24-6 (이동),88.202,8576.3
40,SCF1087,1,51628,001,치즈스틱 구매,물품,SCF,해군군수사령부,202411281030,H295B,주식회사 금오식품,keumofood,문기윤,0555521723,경상남도 창원시 진해구 명제로484번길14(제덕동),88.037,10268.5
39,SCF1086,1,51627,001,재첩국 구매,물품,SCF,해군군수사령부,202411281030,N0113,올뉴카닷컴,,박정옥,010-5231-5607,"경상남도 창원시 진해구 동진로138, 100-2호 지하층(덕산동, 송림홈타운)",88.037,3274
50,SCF1085,2,51626,001,요거트푸딩 구매,물품,SCF,해군군수사령부,202411281030,LE553,농업회사법인 현대씨앤에프 주식회사,,한광희,0557625188,경상남도 진주시 지수면 청담길175번길16-16 농업회사법인 현대씨앤에프 주식회사,88.009,697
40,SCF1084,1,51625,001,양송이스프 구매,물품,SCF,해군군수사령부,202411281030,N0113,올뉴카닷컴,,박정옥,010-5231-5607,"경상남도 창원시 진해구 동진로138, 100-2호 지하층(덕산동, 송림홈타운)",88.024,6462
52,SCF1083,2,51601,001,씻어나온쌀 구매,물품,SCF,해군군수사령부,202411281030,L7026,영진식자재,,권영희,010-9331-7380,경상남도 창원시 진해구 조천북로62-0 (경화동) 101호,88.824,15900
56,SCF1082,1,51594,001,생수 구매,물품,SCF,해군군수사령부,202411281030,E4EC4,아이리치베이커리,,정양숙,0557589779,경상남도 진주시 대곡면 진의로612-4,88.005,164.36
40,SCF1081,1,51591,001,새우튀김 구매,물품,SCF,해군군수사령부,202411281030,MCCAF,더클래식,,임은미,0553372535,경상남도 김해시 칠산로307-14 (화목동),88.002,7200.43
62,SCF1080,1,51590,001,뼈발골닭다리정육 구매,물품,SCF,해군군수사령부,202411281030,MA886,명은유통,,강숙향,01050502257,"경상남도 양산시 하북면 송골길14-32 ,2동",88.014,12663
34,MCM0021,1,51911,***,'25년 국방사이버훈련장 구축(라이선스 구매),물품,MCM,4284부대,202411281030,K2B2A,주식회사 주성솔루션,,이주왕,0448689977,"세종특별자치시  연동면 원합강1길30 , 2층",88.299,150026410
18,MCM0022,1,51862,***,'25년 침해사고 조사도구(바이러스 DB)라이선스 구매,물품,MCM,4284부대,202411281030,M13E4,에이치제이엘,,이호준,010-6451-5602,서울특별시 영등포구 의사당대로38 (여의도동) 101동 412호,99.558,109100000
30,LKQ0039,1,54658,***,전술훈련 시뮬레이터 외주정비,용역,LKQ,육군항공학교,202411281030,B8DAD,주식회사 네비웍스,Naviworks,원준희,0316872000,"경기도 안양시 동안구 부림로170번길41-18(관양동, (주)네비웍스사옥)",91.897,229297132
23,LKQ0037,1,54615,***,LAH 시뮬레이터 외주정비,용역,LKQ,육군항공학교,202411281030,B4B8D,한길씨앤씨 주식회사,"hangilcnc co.,ltd",신용인,0231432486,"서울특별시 금천구 서부샛길632-0 (가산동, 대륭테크노타운5)",90.518,596000000
19,LKQ0036,1,53941,***,KUH-1 시뮬레이터 외주정비,용역,LKQ,육군항공학교,202411281030,B4B8D,한길씨앤씨 주식회사,"hangilcnc co.,ltd",신용인,0231432486,"서울특별시 금천구 서부샛길632-0 (가산동, 대륭테크노타운5)",92.63,1320000000
3,LKP0156,1,54832,***,'25년 급식 민간위탁배송(중앙조달 전라권),용역,LKP,5군수지원사령부,202411281030,E6472,주식회사그린,greengls,황정실,0312813912,경기도 여주시 대신면 여양로693-10,98.553,655300000
3,LKP0155,1,54831,***,'25년 급식 민간위탁배송(중앙조달 경북권),용역,LKP,5군수지원사령부,202411281030,CF4E0,대신로지스틱스 주식회사,DAISHIN LOGISTICS,양임석,0222014000,"서울특별시 송파구 오금로46길5-0 (가락동, 보성빌딩) 3층",97.626,426003600
104,HCM0074,1,54586,***,’24-09-325 비디오프로젝터 등 3품목 구매,물품,HCM,공군교육사령부,202411281030,HD888,현준유통,Hyeon Junyutong,최진희,07086914239,경상남도 창원시 의창구 차상로150번길10-0 (팔용동)  229호,88.016,68708470
4,UAB0066,1,48491,***,25년도 국군복지단 식자재 통합 계약,물품,UAB,국군복지단,202411281000,G1811,삼성웰스토리 주식회사,SAMSUNG WELSTORY INCORPORATED,정해린,03151714408,경기도 성남시 분당구 구미로8-0 (구미동),71.042,4781975894
1,UAB0067,1,50137,***,VAN사 선정를 위한 사업 전반적인 사항에 대한 연구,용역,UAB,국군복지단,202411271700,K1B9D,주식회사 짐어스,,성용기,0220888500,"서울특별시 강서구 마곡중앙6로42, 607호 (마곡동, 사이언스타)",66.859,33000000
2,EKA0040,1,6052,***,"24년 야간조준경,K14용",물품,EKA,기동총괄계약팀,202411271400,0784F,(주)이오시스템,EOSYSTEM CO LTD,한정규,028501762,인천광역시 서구 가재울로38-0 (가좌동),85.068,2704600000
10,LDH0893,2,50553,***,(자재) 부품제작자재 ABS-M30 등 8종 구매,물품,LDH,육군종합정비창,202411271300,I91F2,지앤와이일렉텍(주),"G&Y Electech Co.,Ltd",김보영,0260911083,서울특별시 구로구 경인로53길15-0 (구로동) 중앙유통단지 가동 3116호,96.847,46507410
4,EPA0027,2,4005,***,"항공기 급유차(5,000 G/L)",물품,EPA,항공기총괄계약팀,202411271100,K8DF4,(주)유양지에스이,,오경석,0313665205,경기도 화성시 장안면 돌서지길96-28,89.235,8787000000
19,MFK0019,1,54441,***,청정소화기 등 4종 구매,물품,MFK,제9912부대,202411271100,L6BFB,주식회사 마크온탑,,신승자,07076039643,서울특별시 영등포구 여의대방로43나길10-1 (신길동)  1층,88.127,2809167
132,LCN0080,1,53430,***,24년 생도 교육 비품 구매,물품,LCN,육군사관학교,202411271100,G5A77,유노상사,youknow trading company,박연주,07087703319,"서울특별시 영등포구 여의대방로35가길19-0 (신길동, 보라매 SK VIEW)114-303",88.005,16022440
33,HCG0054,1,52745,***,마이크로필름 등 22종 구매,물품,HCG,공군본부,202411271100,KE8C9,드림워크,,김영태,07078603399,"충청남도 계룡시 엄사면 번영2길15-2, 1층 일부",88.059,22214145
7,HDN0038,1,54535,***,(24-112) 수송대대 카트리지 오일필터 등 63종 구매,물품,HDN,공군제18전투비행단,202411271100,K2717,일진펌프앤그린씰 주식회사,,박수홍,0335215030,강원특별자치도 동해시 공단7로41-0 (구호동),88.306,32291190
3,LDA0098,1,54285,***,(A 163) 00부대 비상발전기 전기인입 설치납품,물품,LDA,지상작전사령부,202411271100,I616F,주식회사 정림이엔씨,JUNGLIM,이봉호,0318517691,"경기도 의정부시 오목로205번길29, 제3층 제303호(민락동, 골든프라자-2)",88.057,7419065
11,HDN0039,1,54575,***,(24-111) 수송대대 오일필터 등 146종 구매,물품,HDN,공군제18전투비행단,202411271100,JE4A4,유현사운드,,이영배,07071766295,강원특별자치도 화천군 간동면 간척리길357-0  1층 3호,88.017,26209040
17,LGM0034,1,54476,***,(24-물품-118) 24-19차 의무물자 부대구매 계약,물품,LGM,제11기동사단,202411271100,ID5C0,주식회사 이든팜,,이은경,0313606788,"경기도 성남시 수정구 시민로137-0, 4층(신흥동)",88.11,8726722
3,UMM1267,1,53556,***,(24G296-A)지휘통신 신속대응 장비 추가 도입금융리스,물품,UMM,국군재정관리단,202411271100,B179B,롯데캐피탈(주),LOTTE CAPITAL,추광식,0234510099,"서울특별시 강남구 테헤란로 142(역삼동, ARC PLACE) 7층",96.62,2732666150
3,UMM1269,1,53266,***,(24G283-I) 00연동체계 교체사업 금융리스,물품,UMM,국군재정관리단,202411271100,B179B,롯데캐피탈(주),LOTTE CAPITAL,추광식,0234510099,"서울특별시 강남구 테헤란로 142(역삼동, ARC PLACE) 7층",97.251,166483800
3,UMM1259,2,52677,***,(24G281-I) 00부대 교환기 구축사업 금융리스,물품,UMM,국군재정관리단,202411271100,B179B,롯데캐피탈(주),LOTTE CAPITAL,추광식,0234510099,"서울특별시 강남구 테헤란로 142(역삼동, ARC PLACE) 7층",95.03,541205050
1125,UMM1274,1,49015,***,(246382-E) 인쇄장비(타공기) 구매,물품,UMM,국군재정관리단,202411271100,HEEB6,아이로드,ILLORD,서지영,01037509107,서울특별시 영등포구 가마산로46길7 (대림동) 지하층,87.995,116907129
1300,UMM1271,1,48680,***,(247369-E) 표본수집키트 구매,물품,UMM,국군재정관리단,202411271100,C9D92,주식회사 경동기공,"KYUNGDONG MACHINERY INDUSTRIAL CO., LTD.",김동조,0553434551,경상남도 김해시 진영읍 하계로232-27,87.996,81980968
8,SCG0046,1,54482,***,근속30주년 기념 금배지 제조,물품,SCG,해군본부,202411271100,GA41E,지우실업 주식회사,soyosan,김지우,0318672533,경기도 동두천시 신천로366번길13-0 (상봉암동),92.219,30295000
6,MDG0223,2,51801,***,생물안전3등급 연구시설(BL-3) 유지보수 용역,용역,MDG,국군의무사령부,202411271030,A5EDD,주식회사 녹십자이엠,Green Cross Engineering Maintenance Corporation,박충권,0312701300,"경기도 성남시 분당구 구미로8, 2층(구미동, 엠타워)",95.086,47900000
195,SCF1078,1,54629,***,목재용피스 등 5종 구매,물품,SCF,해군군수사령부,202411271030,LC499,제이엘,,이원성,01044842590,"경상남도 창원시 진해구 신항2로114, 717호(용원동, 다인로얄팰리스 부산 신항2차)",88.008,15457900
12,SCH0186,1,54546,***,얼음정수기 등 5종 임차 용역,용역,SCH,해군작전사령부,202411271030,JF4B7,푸푸크린시스템,,임광영,05116006343,부산광역시 동래구 연안로52번길99-3 (안락동),88.436,7562100
81,DSS0067,1,54521,***,잔디깎이 구매,물품,DSS,국군제1068부대,202411271030,M7445,마눈,,김민지,0316650073,"경기도 평택시 탄현1로81-0 (서정동),1층101호",88.035,8025051
3540,MDF0037,1,54489,***,소방기구 구매(청정소화기),물품,MDF,국군지휘통신사령부,202411271030,K4B80,꽃길유통,,박정화,01082626585,"경상남도 창원시 의창구 반계로104-9 (팔용동, 팔용벽산블루밍A단지) 201동 2003호",88,32753070
54,SCN0195,1,54352,***,도서 귀신들의 땅 등 93종 95권 구매,물품,SCN,제7001부대,202411271030,MCF2D,프리즘테크,,김지균,01094820801,경상남도 창원시 의창구 북면 동곡로35 (창원무동휴먼빌아파트(2단지)) 201-701,90.032,1500774
25,SCH0185,1,54568,***,24-1-28호 가지치기 체인톱 10SET 구매,물품,SCH,해군작전사령부,202411271030,MDC2B,건영패밀리,,허준영,051-334-8006,부산광역시 강서구 신호산단2로75번길49-0 (신호동),88.058,3878690
20,SCN0196,1,54544,***,스틸케노피 등 2종 구매,물품,SCN,제7001부대,202411271030,KEA13,국일광고산업,,류민근,01035899191,경상남도 창원시 마산회원구 양덕북1길3 (양덕동),88.005,3343647
66,SDF0183,1,54549,***,24-항-66 62 영내식당 취사장 청소용역,용역,SDF,제5738부대,202411271030,HA837,디케이환경,DK CLEAN SERVICE,정순정,070-7395-3648,"경상남도 창원시 의창구 의안로49번길26, 씨동 2층 201호(북동, 북동시장)",88.042,1716080
3,SCH0184,1,54529,***,24-2차 퇴역함정(고속정) 4척 오물 소제 용역,용역,SCH,해군작전사령부,202411271030,BD677,수일종합환경 주식회사,"SOOIL MARINE SERVICE CO.,LTD.",서영완,051-463-5824,부산광역시 동구 중앙대로180번길 12-10(),88.721,32298000
48,LFC0076,1,54492,***,24년 37차 장비운영소모품 구매,물품,LFC,육군훈련소,202411271030,M8097,이조유통,,조인주,01025937420,충청남도 당진시 석문면 대호만로1438  B동 1층 - 10 호,88.07,20490200
7,LKF0079,2,52121,***,120-4대대 유휴시설 철거공사 석면농도측정,용역,LKF,제6755부대,202411271030,LCE9A,주식회사 다솔석면연구소,,배인선,0545360042,"경상북도 상주시 경상대로2559, 202호 (가장동, 경북대학교 상주캠퍼스 산학협력종합지원관)",89.035,14813495
62,SCR0124,1,54422,***,USB 마이크 등 212종 구매,물품,SCR,해군제3함대사령부,202411271030,HDC6A,오피스넥스목포영암점,officenex mokpoyoungamjum,임지연,061-461-0877,전라남도 영암군 삼호읍 대불산단1로166-9,88.018,23217130
68,SFL0053,1,54308,***,24-교-C4I차양대 통신시설 정비용역,용역,SFL,제3283부대,202411271030,M5118,(주)경북제어기술,,전기웅,0543386911,경상북도 영천시 북안면 북안공단길51,88.028,9835500
107,LDG0096,1,54253,***,제초겸용 멀티 작업로봇 구매,물품,LDG,육군 탄약지원사령부,202411271030,IA5E9,신아인프라,SINA infra,배훈정,01090247904,"인천광역시 연수구 인천타워대로365, 103동 41층 3호(송도동, 힐스테이트 송도 더스카이)",88.016,29823060
22,LDG0095,1,54246,***,과학화 경계시스템 외주정비 원가계산 용역,용역,LDG,육군 탄약지원사령부,202411271030,E823F,재단법인 한국산업평가원,keii,김재열,0423858500,충청남도 천안시 서북구 봉정로116-0 (성정동) 3층 좌측 316호,88.124,4256000
65,SFG0126,1,54130,***,세단칩 봉투 및 일회용 용기 구매,물품,SFG,제9181부대,202411271030,MEA99,피치랩,,성무훈,01099952730,"경기도 김포시 김포한강2로229-0 (장기동, 한강호반베르디움) 509동 2106호",88.002,38017102
48,MGA0005,1,54106,***,전산운영용품(재생토너) 구매,물품,MGA,전략사령부,202411271030,E045E,주식회사 서트,"tonerworld Co.,Ltd.",차성호,0328671663,인천광역시 남구 미추홀대로669번길 81(도화동),88.018,24075000
4,MDQ0025,1,53901,***,팔 관통상 등 11품목 구매,물품,MDQ,국군의무학교,202411271030,BD837,(주)한일종합상사,hanil il sang sa,이희석,07044539559,대전광역시 대덕구 대전로1397번안길70-0 (읍내동),97.999,70000000
6,MDG0223,3,51801,***,생물안전3등급 연구시설(BL-3) 유지보수 용역,용역,MDG,국군의무사령부,202411271030,A5EDD,주식회사 녹십자이엠,Green Cross Engineering Maintenance Corporation,박충권,0312701300,"경기도 성남시 분당구 구미로8, 2층(구미동, 엠타워)",95.086,47900000
3,EWA0005,1,1008,***,장-III B-I 정비지원장비(1톤 전동차),물품,EWA,한국형잠수함총괄계약팀,202411261400,GC78B,주식회사 금강특장차,KUMKANGMOTORS,오세덕,0325748313,인천광역시 서구 북항로28-46 (원창동),97.293,153363000
2,HCG0052,1,47985,***,24-공군 소방서(소방구조중대) 시설기준 연구용역,용역,HCG,공군본부,202411261100,JCB18,주식회사 뉴콘,,심재일,0613360778,전라남도 나주시 봉황면 봉황농공단지길118-14,,57996000
10,HDN0037,1,54217,***,(24-115) 수송대대 8PK2105 등 67종 구매,물품,HDN,공군제18전투비행단,202411261100,I53F8,주식회사 동해신일상사,주식회사 동해신일상사,권용섭,0335222268,강원특별자치도 동해시 강원특별자치도남부로4771-0 (단봉동),89.52,21853440
52,MCR0063,1,53987,***,안보연구시리즈 제24집 발간 용역,용역,MCR,국방대학교,202411261100,MBC31,주식회사 문화공감,,정명주,041-631-7783,"충청남도 홍성군 홍북읍 충남대로24, 2층 241호(내포제나우스오피스텔)",88.015,18776931
4285,LFA0016,1,54115,***,24-2차 상용 무전기 배터리 구매,물품,LFA,제2신속대응사단,202411261100,MEE26,루루랩,,김지헌,07077700044,"경상남도 창원시 성산구 창이대로737, 111동 1807호(사파동, 동성아파트)",88,13448130
52,MCS0131,1,54044,***,소방 전자싸이렌 등 237종 구매,물품,MCS,국방부계룡대근무지원단,202411261100,MC04A,(주)준파이브픽처스,,이재원,01095567272,"충청남도 계룡시 엄사면 번영4길8-14 , 1층",88.033,52762820
66,LHQ0053,1,54035,***,항공기 배터리 충·방전기 구매,물품,LHQ,제2작전사령부,202411261100,MF53E,주식회사 인스툴,,안은숙,031-781-1775,"경기도 성남시 분당구 운중로129, 마크시티옐로우 402-2호(운중동)",88.125,83799100
44,LHM0111,1,53973,***,24년 병영도서관 및 독서카페 희망도서 구매,물품,LHM,제15보병사단,202411261100,CBAEE,흥남건재,,정옥랑,033-441-4240,강원특별자치도 화천군 사내면 수밀리길 6(),90,47344950
113,LHK0070,1,53959,***,[용역][보급과] 24년 에어컨 유지관리용역,용역,LHK,제2군단,202411261100,M426A,와이피주식회사,,박찬혁,0336337765,강원특별자치도 강릉시 경강로2165-0 (옥천동)3층 21호,88.086,44629070
525,UMM1266,1,51834,***,(246381-D) 3.5톤급 콤비롤러 장비 구매,물품,UMM,국군재정관리단,202411261100,IE2E0,우상이엔에스,,이상천,01087924181,강원특별자치도 원주시 문막읍 원문로1208-0,87.995,111817150
70,UMM1270,1,41494,***,24-F-간부회관 관급자재(오수펌프) 제조,물품,UMM,국군재정관리단,202411261100,I47EA,태성테크,Taesung Tech,하연희,0553425810,경상남도 창원시 의창구 대산면 가술산남로12번길20-1,88.03,53332200
370,UAC0058,1,53447,***,2024년 후반기 CTP판 2종 구매,물품,UAC,국방출판지원단,202411261100,B2F89,(주)상지피앤아이,"Sang Ji Printing & Intelligence Co,.Ltd",이용주,0222752500,"서울특별시 중구 마른내로54-1, 3층 306호 (인현동1가)",88.189,51985160
27,SFC0153,1,53724,***,24-해병-별관 정수기 임차 용역(1-1),용역,SFC,제9691부대,202411261100,IC455,쓰리지엠,,김성은,01057844133,"경기도 양주시 고읍로11-7 (고읍동, 산내들마을 한양수자인) 105-102",87.775,9125800
14,LIK0079,1,52952,***,25년 식기세척기 임차용역,용역,LIK,제2군수지원여단,202411261100,K1CA7,그린워터,,최안나,03216447534,경기도 용인시 수지구 동천로285 (동천동),87.847,66387290
198,LHM0112,1,51427,***,[군-탄-21] 00부대 중거리카메라 구매 및 설치,물품,LHM,제15보병사단,202411261100,C6061,주식회사 중부보안,"Jungbu security co.,LTD.",도대욱,0422545966,대전광역시 서구 벌곡로1280(가수원동),82.995,273689252
156,LGP0165,1,52497,001,25-1차 식자재 다수품목 단가계약(경기 서부),물품,LGP,제1군수지원사령부,202411261100,KEE47,주식회사 삼마기업,,이가은,01025192334,"서울특별시 마포구 월드컵로34길6, 1동 14층 1406호(성산동,태림센트윈2차)",82.999,1424965.64
180,LGP0164,1,52493,001,25-1차 식자재 다수품목 단가계약(경기 남부),물품,LGP,제1군수지원사령부,202411261100,I1C95,주식회사상아에프에스,sangafs,이진숙,0327155635,"인천광역시 남동구 찬우물로33, 2층 (수산동)",83.054,1666389.01
199,LGP0163,1,52489,001,25-1차 후식류 다수품목 단가계약,물품,LGP,제1군수지원사령부,202411261100,G27DC,주식회사 喜昶乳業,"HEECHAG DAIRY AND FOOD INDUSTRIAL CO.,LTD",박창현,0559113033,경상남도 양산시 신기로114-0 (북정동),83.033,34971.23
42,LCH0071,1,54251,***,00부대 CCTV 설치 납품(3-24-물-1),물품,LCH,특수전사령부,202411261030,L9335,우리정보통신(주),,박성용,0313044199,경기도 수원시 권선구 수성로8-0 (구운동)305호 경기중소기업성장지원센터,88.231,42860755
225,SFH0154,1,54139,***,도서(5번 레인 등 308품목) 구매 납품(도서지역),물품,SFH,제9196부대,202411261030,K0E32,인천신성서적 주식회사,,심영식,070-8889-0717,"인천광역시 계양구 계양문화로54, 10층 141-2호 (계산동, 대산월드프라자)",90.004,4351140
146,SCH0183,1,54132,***,24-1-31호 샌드위치 판넬 등 96종 구매,물품,SCH,해군작전사령부,202411261030,M7CE5,상서로지스,,박서유,01048801999,"부산광역시 부산진구 백양관문로10, 304동 605호(당감동, 주공아파트)",88.022,20881185
101,SCH0182,1,53784,***,24-1-29호 애나멜페인트 등 194종 구매,물품,SCH,해군작전사령부,202411261030,I7559,주식회사도영디와이,doyoungdy,김미영,01062566970,경상남도 창원시 성산구 대암로32-7 (남양동),88,31941600
17,LHR0053,1,53938,***,24년 실내사격장 피탄지 교체 설치납품,물품,LHR,육군 제37보병사단,202411261030,M1642,야고보산업,,김후백,01085990091,"충청북도 제천시 의병대로55-8, 102호(명동)",88.006,22917480
202,SCP0117,1,54163,***,스윙모아 1대 구매,물품,SCP,제8385부대,202411261030,L2394,준컴퓨터네트워크,,심봉기,0323222232,경기도 부천시 오정구 삼작로22 (삼정동) 100동 108호,88.005,20737900
275,SDG0061,1,54126,***,플로우힌지 등 242종,물품,SDG,제2002부대,202411261030,K4A24,주식회사 제이에이치에프컴퍼니,,장지현,0325631015,인천광역시 서구 염곡로464번길23-0 (가정동) 엔시티타워1차 905호,88.001,29733881
40,SCH0179,1,53061,***,텔레비전 1SET 구매,물품,SCH,해군작전사령부,202411261030,KF264,일광기업 주식회사,,전지영,0552422276,경상남도 창원시 마산합포구 허당로84-0 (산호동),88.014,8013617
5,SEE0055,1,54061,***,25-J-하수처리시설 위탁관리 용역,용역,SEE,제9해병여단,202411261030,M4356,탐라환경산업주식회사,,허용도,01030054849,제주특별자치도 제주시 복지로북길2-10 (도남동),88.31,17280000
105,SCK0157,1,54022,***,고무육각아령 등 146종 구매,물품,SCK,해군교육사령부,202411261030,L27F1,주식회사 부명,,조현서,07078581122,경상남도 창원시 성산구 용지로169번길11-31 (용호동) 동진빌딩3층 14호,88.089,6719300
52,SCR0123,1,54020,***,작업테이블 등 24종 구매,물품,SCR,해군제3함대사령부,202411261030,HDC6A,오피스넥스목포영암점,officenex mokpoyoungamjum,임지연,061-461-0877,전라남도 영암군 삼호읍 대불산단1로166-9,88,35194030
168,MCX0067,1,53898,***,정비 피복 조끼 구매,물품,MCX,자운대근무지원연대,202411261030,L866F,오미,,손숙정,01062016049,"대전광역시 유성구 반석동로82, 805동 1301호(반석동, 반석마을8단지)",88,11121013
1878,SCQ0128,1,53947,***,24-평 수중펌프 등 6종 구매,물품,SCQ,제9911부대,202411261030,G6FF0,네이쳐 에프에스,nature fs,김성수,01051071856,경기도 의정부시 경의로70 (의정부동),88,85358000
206,SFG0125,1,53887,***,안전장갑 등 64품목 구매,물품,SFG,제9181부대,202411261030,K7336,(주)금화이앤씨,,김종구,0325849787,인천광역시 서구 염곡로15번길24 (가좌동),88.009,11770750
268,SFC0152,1,53485,***,냉매 등 387품목 구매,물품,SFC,제9691부대,202411261030,L6FF4,온그린,,김재원,01091866118,"경기도 평택시 안중읍 안현로서6길105, 201동 1502호(현대아파트)",98.002,73000000
560,SFC0151,1,53472,***,자동3단봉 등 5품목 구매,물품,SFC,제9691부대,202411261030,L444E,주식회사 보안정보통신,,유채은,0317326250,"경기도 성남시 중원구 산성대로326-2 7층(중앙동, 수경빌딩)",88.532,18682928
7,SFC0150,1,53461,***,24-덕-2차 기념휘장 셋트 제작 구매,물품,SFC,제9691부대,202411261030,GF281,사단법인 대한민국공무원 공상유공자회,Korea Disabled Official Organization,김순재,027610600,"서울특별시 영등포구 국회대로750, 11층 1106호 (여의도동, 금산빌딩)",97.903,56782000
1540,SFC0148,1,53203,***,잉크젯 용지 등 35품목 구매,물품,SFC,제9691부대,202411261030,M79E0,루루,,오민정,010-2882-9649,"경기도 김포시 김포한강8로386, 9층 902-39호(구래동, 김포센트럴프라자2)",87.995,38715890
3746,SFC0147,1,53202,***,24-덕-홍보물(2차) 제작 구매,물품,SFC,제9691부대,202411261030,L2E31,서윤엄마,,최홍석,01098899899,"경상남도 창원시 마산합포구 월영마을로, 104동 10층 1003호(월영동, 월영현대1차아파트)",87.995,7174987
1500,SFC0146,1,53201,***,복사용지 등 12품목 구매,물품,SFC,제9691부대,202411261030,CFD40,동명이앤엘,DONG MYOUNG E&L,노홍규,07077171847,"경기도 과천시 뒷골로44-16 (과천동, 과천동 단독주택)",87.995,40624317
208,SFC0144,1,53199,***,24-덕-밀 테이블 등 3품목 구매,물품,SFC,제9691부대,202411261030,M70B8,디에스샵,,신향미,01049499992,경기도 수원시 팔달구 매산로92번길10(매산로3가),88,6438870
3,SCU0103,2,51338,***,깍두기김치 등 9종 제조(구매),물품,SCU,해군 기동함대사령부,202411261030,F0098,농업회사법인한백푸드유한회사,hanbaek food,김기대,0647482729,제주특별자치도 제주시 구좌읍 동김길13-14,90.35,175340000
31,SCU0077,2,51293,***,동그랑땡 등 6종 구매,물품,SCU,해군 기동함대사령부,202411261030,MBBBB,주식회사 탑티어로지스,,강병엽,0647990688,제주특별자치도 제주시 첨단로5길1-0 (영평동) 3층,87.996,201671360
5,SCF1074,1,54036,***,'24년 함정 유류탱크 소제 용역,용역,SCF,해군군수사령부,202411261030,HBEE5,센텀환경 주식회사,"CENTUM ENVIRONMENT CO., LTD",이형재,0514673500,부산광역시 중구 중앙대로136-0 (중앙동4가) KT중부산빌딩 5층,89.793,620882000
44,SCF1064,1,51600,001,쌈무 구매,물품,SCF,해군군수사령부,202411261030,N01B7,동부팜,,김외련,010-6225-3413,"경상남도 창원시 진해구 동진로138, 지하층 100-4호(덕산동, 송림홈타운)",88.007,6738
40,SCF1065,1,51598,001,스위트콘 구매,물품,SCF,해군군수사령부,202411261030,K2044,해송,,박수진,07088667032,경상남도 창원시 의창구 대산면 대산북로715-1,87.998,1593.5
41,SCF1066,1,51596,001,생우동 구매,물품,SCF,해군군수사령부,202411261030,ID6DF,백곰유통,,홍한표,01087766646,"경상남도 통영시 중앙로34 (도천동, 만복도천비치맨션2차)1층8호",88.025,607.93
35,SCF1073,1,51589,001,베이컨 구매,물품,SCF,해군군수사령부,202411261030,IF555,류홀마트(합포점),,최정임,055-221-6798,경상남도 창원시 마산합포구 문화동로1-0 (월포동),88.424,11209.5
48,SCF1072,1,51588,001,바나나우유 구매,물품,SCF,해군군수사령부,202411261030,J6B8D,휘휘F&B,,김정희,01020268185,"경상남도 창원시 의창구 북면 월계길9번길9-2, 1동 A호",88.022,1257.76
15,SCF1071,1,51587,001,모듬콩조림 구매,물품,SCF,해군군수사령부,202411261030,MFFA1,에이스유통,,양영호,010-8254-2550,"경상남도 창원시 진해구 충무로23, 상가1동 지하1층 비105호(신흥동, 블루빌)",88.379,6701.5
41,SCF1070,1,51586,001,명이절임 구매,물품,SCF,해군군수사령부,202411261030,L50F3,송림축산,,김미애,0555521779,"경상남도 창원시 진해구 동진로138, 지하층 100-1호(덕산동)",88.044,7589
40,SCF1069,1,51585,001,매실농축액 구매,물품,SCF,해군군수사령부,202411261030,I3E62,주식회사 온누리유통,onnuri,정만섭,01065606322,경상남도 의령군 정곡면 성황로1길41-4,88.083,8142.03
31,SCF1068,1,51584,001,맛술 구매,물품,SCF,해군군수사령부,202411261030,IF555,류홀마트(합포점),,최정임,055-221-6798,경상남도 창원시 마산합포구 문화동로1-0 (월포동),88.672,5912.5
30,SCF1067,1,51583,001,떡볶이떡 구매,물품,SCF,해군군수사령부,202411261030,N01A4,라온,,김형석,01037438305,"경상남도 창원시 의창구 북면 월계길9번길9-2, 1동 A-1호",88.027,2462.2
318,SCF1063,1,49530,***,현측작업 안전수칙판 등 31종 구매,물품,SCF,해군군수사령부,202411261030,HF48E,예광,yeagwang,이예진,0552537889,"경상남도 창원시 마산회원구 팔용로89, 104동 11층 1103호(합성동, 창원두산위브더센트럴 1단지)",88.136,10575610
82,LHN0082,1,54147,***,작전대기시설 비품 구매,물품,LHN,제7보병사단,202411261030,H03D6,주식회사 다우스,"dahws co., ltd.",황지훈,0313668241,경기도 화성시 우정읍 밤밭일원길43-1,88.207,31732600
3,LGT0089,1,49920,***,'24년 군 주거시설 개선사업 선행연구(3차),용역,LGT,제2307부대,202411261030,I5853,사단법인 위노베이트,WeNovate,박정희,01090927993,서울특별시 서초구 강남대로39길15-11 (서초동) 303호,65.933,22000000
286,LGI0100,1,53962,001,'25-1차 부대계약 후식(간식류) 구매,물품,LGI,제3군수지원여단,202411261030,L185A,주식회사 동양비즈,,신태권,01022269754,"경상북도 포항시 남구 오천읍 원동로3, 2층 203에이2호",82.995,11553.48
74,LFR0016,1,53756,***,"전차 표적지(영점, 고정, 이동) 구매",물품,LFR,육군기계화학교,202411261030,GA583,주식회사 글로벌아토,globalatto,이선미,0426330811,대전광역시 동구 우암로263-0 (가양동),88.003,39032180
7,LBA0069,1,50863,***,‘25년 1~3월 식자재 다수품목 단가계약,물품,LBA,제 2167부대,202411261000,B8DB8,씨제이프레시웨이 주식회사,CJFRESHWAY,이건일,0221496154,경기도 용인시 기흥구 기곡로32-0 (하갈동),61.526,5012489341
37,UAB0073,1,53393,***,"남수원, 동여주, 밀리연습장 전기안전관리 대행 용역",용역,UAB,국군복지단,202411251700,CE350,(주)한국전기하이테크,Hankuk Electric Hitech,박희수,0319322073,경기도 고양시 덕양구 충장로282번길72-6 (화정동),88.007,20751035
10,UAB0075,1,53446,***,태릉체력단련장 전기안전관리 대행 용역,용역,UAB,국군복지단,202411251700,J5FFA,태원전기안전관리 주식회사,,김선오,0226488204,"서울특별시 양천구 은행정로5, 204호(신정동, 에벤에셀프라자)",88.26,5708270
6,LIK0072,1,48421,001,'25년 부대계약 부식(1~3월)(일반품목)(8902부대),물품,LIK,제2군수지원여단,202411251400,B8DB8,씨제이프레시웨이 주식회사,CJFRESHWAY,이건일,0221496154,경기도 용인시 기흥구 기곡로32-0 (하갈동),54.384,1460324
3,EWAE002,2,1000A,***,장보고-III Batch-I 정비지원장비(렌치 등 38종),물품,EWA,한국형잠수함총괄계약팀,202411251400,L76C9,주식회사 서화테크,,최영식,029436346,서울특별시 성북구 아리랑로19길111-0 (정릉동),98.489,51500000
7,LIK0077,1,50182,001,'25년 부대계약 부식(1~3월)(일반품목)(6685부대),물품,LIK,제2군수지원여단,202411251400,A738F,주식회사 푸드머스,FOODMERCE,천영훈,0221402800,경기도 용인시 처인구 원삼면 맹리로2번길31,49.429,1162883
6,LIK0073,1,48426,001,'25년 부대계약 부식(1~3월)(일반품목)(2621부대),물품,LIK,제2군수지원여단,202411251400,G1811,삼성웰스토리 주식회사,SAMSUNG WELSTORY INCORPORATED,정해린,03151714408,경기도 성남시 분당구 구미로8-0 (구미동),51.255,1386750
187,HCM0073,1,53668,***,외곽펜스 조명시설 관급자재 LED투광등 제조구매 F002,물품,HCM,공군교육사령부,202411251100,D5C0C,도가테크,DOGA TECH Co.,백선영,0638351982,전북특별자치도 익산시 무왕로1248-0 (부송동),88,126201300
1307,MCS0130,1,53817,***,(지구병원-039) 장비운영소모품 29차 44종 구매,물품,MCS,국방부계룡대근무지원단,202411251100,JF430,영인,,김영신,01027097828,"대구광역시 중구 봉산문화길10, 303호 (봉산동, 은성빌딩)",88.007,22568397
642,LDA0096,1,53632,***,(D096) 주둔지 보안 취약점 개선 경계망 설치납품,물품,LDA,지상작전사령부,202411251100,L876E,디에스코리아,,박영순,07043003382,"경기도 안산시 상록구 반석로8-0 (본오동, 한양아파트) 24동 301호",88.003,7905000
265,LNT0038,1,53214,***,굴착기용 수목파쇄기 구매 설치,물품,LNT,제28보병사단,202411251100,M93A8,제니와상점,,한윤진,01036099189,"경기도 오산시 수청로142, 1001동 1101호(금암동, 죽미마을 휴먼시아아파트)",88.016,22748854
54,LHQ0052,1,53646,***,굴삭기 어테치먼트 회전링크 및 스마트크랩 구매,물품,LHQ,제2작전사령부,202411251100,J7329,유한회사 히타치코리아,,이진,0634676119,전북특별자치도 군산시 개정면 아동북길75-23,96.052,32860500
9,UMM1264,1,49153,***,(24F289-A)상병건강검진 부분위탁 위탁용역,용역,UMM,국군재정관리단,202411251100,LA353,당진종합병원,,오은옥,0413569320,충청남도 당진시 반촌로5-15 (시곡동) 당진종합병원,87.888,88263170
315,HCS0012,1,53666,***,(조달) 24-3-184 항공등화 등 7품목,물품,HCS,제3훈련비행단,202411251100,K5CD2,제이제이글로벌,,정태성,01032823858,경기도 수원시 팔달구 창룡대로144번길30 (우만동),88.005,37619000
5,LKD0078,1,51245,***,24~27년 신병교육대대 병영식당 급식 민간위탁,용역,LKD,제32보병사단,202411251030,C6195,주식회사 풀무원푸드앤컬처,"Pulmuone Food & Culture Co.,Ltd",이동훈,0234007790,서울특별시 송파구 송파대로34길29(송파동),,9855000000
206,LMH0078,1,53849,***,[B237] 24년 군단 보안용지 구매,물품,LMH,제7군단,202411251030,LEFFE,거베라,,윤아영,01025748198,경기도 시흥시 호현로9번길6-0 (신천동) 1212호,88.013,10461700
5,HCC0165,1,53829,***,24-1함 00창 소방정밀(작동기능)점검 용역,용역,HCC,해군제1수리창,202411251030,E8967,(주)에프이씨방재,FEC,김유태,0336421190,"강원특별자치도 강릉시 솔올로5번길43, 2층(교동)",88.191,2176500
3,HCC0164,1,53803,***,"글루건 등 58품목(24-05,24-06)",물품,HCC,해군제1수리창,202411251030,MBA4F,디그린,,류리,01020579254,강원특별자치도 동해시 평원5길8-1 (평릉동) 1층 101호,88.773,1541800
547,SFH0150,1,53757,***,24-B-정밀드라이버 세트등 30품목 구매납품(도서지역),물품,SFH,제9196부대,202411251030,L6577,주식회사 디자인테크,,채진영,0328320107,"인천광역시 남동구 은봉로105번길15(논현동, 남동공단 44블럭 7롯트)",88.118,32849523
376,LKF0082,1,53754,***,24년 제초용역 2차,용역,LKF,제6755부대,202411251030,J5B79,주식회사 새한산업개발,,이정민,0544656645,경상북도 구미시 구미중앙로101-2 (원평동)4층,88.002,31044797
1877,DSS0063,1,53742,***,전산운영용품 구매,물품,DSS,국군제1068부대,202411251030,I541F,가라사대주식회사,"KARASADAE CO.,LTD",김진숙,0314245875,"경기도 의왕시 경수대로257, 1층117호(고천동, 대영골든밸리)",88.002,34590518
39,MCT0060,1,53856,***,하키부 훈련용품(하키복 등 22종)구매,물품,MCT,국군체육부대,202411251030,D4F3F,미성종합체육산업 주식회사,Misungsports,전옥녀,0222529191,서울특별시 중구 을지로 294(),94.709,16927000
48,MCT0057,1,53858,***,탁구부 훈련용품(러버 등 4종)구매,물품,MCT,국군체육부대,202411251030,LC5FD,미성종합상사,,김지현,0222669112,서울특별시 마포구 성산로2길55-0 (성산동),93.931,9397000
10,SDL0036,1,53758,***,건설공사 스마트 핸드북 등 28종,물품,SDL,재경근무지원대대,202411251030,H15D0,주식회사 이음,EEUM,전병욱,0222784433,서울특별시 서대문구 포방터2길24 (홍은동),88.16,1880500
451,SCQ0125,1,53644,***,24-평 00단련장 2인승 카트 구매,물품,SCQ,제9911부대,202411251030,JA623,바람유통,,차다늬,01024693100,"경기도 김포시 고촌읍 장차로31, 101동 408호(길훈2차아파트)",88.003,25185257
144,SFD0107,1,53663,***,호텔마린 휴지등 69품목 구매,물품,SFD,제9227부대,202411251030,I673A,피닉스,pnx,오동훈,01062506610,경상북도 포항시 북구 포스코대로306-3 (죽도동),88.16,7857040
201,SFG0124,1,53572,***,허브랙 전용 선반 등 10품목 구매(통신물자),물품,SFG,제9181부대,202411251030,L1BA6,덕우컴퍼니,,강남미,010-6329-4144,"인천광역시 서구 가현로33 (마전동, 마전금호어울림아파트) 903-304호",88.005,34583920
256,SCI0130,1,53319,***,HD 양날비닐봉투 등 177종 구매,물품,SCI,제9121부대,202411251030,K8BB4,주식회사 대경코리아,,조민구,07078581122,경상남도 창원시 의창구 원이대로271 (봉곡동) 3층 314-C호,88.011,10223200
260,SCN0194,1,53450,***,복사용지 등 38종 구매,물품,SCN,제7001부대,202411251030,LAE89,호호유통,,권남경,01025493845,"경상남도 창원시 진해구 안청로126-0 (청안동, 해인로즈빌아파트) 101동 105호",88.013,11493047
1482,SCQ0126,1,53690,***,24-평 양면테이프 등 383종 구매,물품,SCQ,제9911부대,202411251030,JA368,대성OA,,석양호,0319642573,"경기도 고양시 일산동구 공릉천로66-0 (사리현동, 동문아파트) 301동1304호",88.013,14193800
23,SFC0145,1,53200,***,도서류(숙론 등 40종) 구매,물품,SFC,제9691부대,202411251030,L717D,메그(MEG),,이기찬,01077057614,경기도 남양주시 다산순환로20-0 (다산동) C동 235호,90.118,671065
166,SDF0181,1,53839,***,종이컵 13온스 등 732종 구매,물품,SDF,제5738부대,202411251030,JFE22,다드림,,김영애,07040421380,경상북도 포항시 남구 새천년대로439-36 (대잠동),88.002,26435330
31,LGP0161,1,53390,***,원주지역 부대비품(파티션) 제조 구매,물품,LGP,제1군수지원사령부,202411221330,D57E1,스쿨디자인 유한회사,"school design.co.,ltd",박병모,0636530030,전북특별자치도 순창군 인계면 인덕로427-91,88.015,65331400
166,LKG0098,1,52886,***,'25년 1~3월 부대계약(일반품목) 구매,물품,LKG,육군제53보병사단,202411221100,F3364,주식회사 참조은에스에프,chamjoeunsf,임경숙,01041928382,충청남도 공주시 정안면 정안농공단지길32-53,83.005,2782031970
9,LDA0092,1,53247,***,(B066) 00부대 본부 토양정밀조사 용역,용역,LDA,지상작전사령부,202411221100,A7F00,(재)한국환경수도연구원,korea environment water works institute,김정근,0226371234,서울특별시 영등포구 양평로28사길 29()한국환경수도연구원,88.144,18177500
34,LHG0053,2,52312,***,'24년 후반기 소방작동점검 용역,용역,LHG,제1862부대,202411221100,CF404,조은엔지니어링 주식회사,joeuneng,주현철,0337356119,강원특별자치도 원주시 가치래미길39 (가현동) 2층,88.079,23437960
8,LDA0094,1,53346,***,(D097) 소방종합정밀점검 후속조치 설치납품,물품,LDA,지상작전사령부,202411221100,JD5B3,예스소방산업 주식회사,,이현민,0316275760,"경기도 용인시 기흥구 흥덕중앙로120, 유타워 비173-1호(영덕동)",88.18,17659000
107,LDA0093,1,53263,***,(D113) UPS 배터리 구매,물품,LDA,지상작전사령부,202411221100,M769C,엘리트,,김미랑,01027080194,"경기도 용인시 기흥구 금화로58번길10, 408동 106호(상갈동, 금화마을주공그린빌)",88.026,10514240
10,LDA0095,1,53521,***,(C037) 24년 후반기 물탱크 청소 용역,용역,LDA,지상작전사령부,202411221100,I26DE,한국인프라관리 주식회사,Seungyeon Corpartion,임승연,07046491151,경기도 용인시 기흥구 죽전로10(보정동) 6층 601-53호,88.87,6701940
51,UAC0059,1,53448,***,반전기 구매,물품,UAC,국방출판지원단,202411221100,LC3BD,에스클래스주식회사,,서정미,07088484021,"경기도 고양시 일산동구 무궁화로20-18, 5층 47 (장항동, 하임빌로데오빌딩)",88.052,21755070
1094,UAC0056,1,52810,***,인쇄용지 6종 수시 구매,물품,UAC,국방출판지원단,202411221100,JD180,서진글로벌,,박미선,01047542483,"인천광역시 연수구 아카데미로343번길63, 105동 1202호  (송도동, 송도자이더스타)",82.995,384052000
532,UAC0055,1,51592,***,디지털인쇄재료 3종 수시 구매,물품,UAC,국방출판지원단,202411221100,E6743,대전인재사,DAEJEONINJAESA,고인곤,0422228538,대전광역시 동구 선화로 212(),92.482,42028800
39,MCS0128,1,52861,***,24-공조기필터 제조설치납품,물품,MCS,국방부계룡대근무지원단,202411221100,J9CF5,주식회사 부강시스템,,이종하,0319461092,경기도 파주시 산남로119번길24-0 (산남동),88.03,81077500
13,LKG0099,1,52891,***,'25년 1~3월 부대계약(빵류) 구매,물품,LKG,육군제53보병사단,202411221100,I4DF0,주식회사 신라명과,SHILLA MYUNGGUA,박창훈,0314440404,경기도 안양시 만안구 덕천로72번길30 (안양동),88.048,497653962
90,LCM0063,1,51964,***,'25년 1~3월 부대계약 부식 구매(일반품목),물품,LCM,육군교육사령부,202411221030,L109E,주식회사 그린테이블,,김흔중,0313723047,"경기도 화성시 동탄광역환승로63-0 (오산동, 동탄역 반도유보라 아이비파크 7. 106동 3층 304호0)",83.094,4508096395
49,SCI0129,1,53218,***,"기계장치, 봉합재용 2점 구매",물품,SCI,제9121부대,202411221030,M5ABC,나우,,임재성,01055801707,"경상남도 창원시 마산회원구 팔용로215-0 (구암동, 중앙하이츠) 106동 1201호",88.005,10460556
109,SFL0049,1,53163,***,25-교-CBT교실 정보화장비 유지보수용역,용역,SFL,제3283부대,202411221030,GD531,주식회사 나웅테크,NAWOONG,나학균,0419317012,충청남도 보령시 청소면 충서로3647-55,88.011,69311125
430,SDG0060,1,53475,***,복사용지 등 255종 구매,물품,SDG,제2002부대,202411221030,L0728,드림캐쳐,,백진욱,01099063292,"인천광역시 미추홀구 용정공원로33-0 (용현동, 인천 SK Sky VIEW) 119-1302",88.017,13209407
315,SCK0155,1,53306,***,잉크카트리지 등 263종 구매,물품,SCK,해군교육사령부,202411221030,M244F,한산글로벌,,김영은,01040476556,"경상남도 창원시 마산합포구 고운로118, 102호 102-A016(신월동)",88,23960420
19,LPF0080,1,53276,***,관사 신축 대관협의 용역 - 전략영향평가 24-170,용역,LPF,제51보병사단,202411221030,MC132,주식회사 대종,,황희정,03151835190,경기도 화성시 동탄순환대로823-0 (영천동) 에이팩시티 10층 1011호,88.061,85282000
31,LMH0076,1,53296,***,[B234] 통신운용대대 병영도서관 물품 구매,물품,LMH,제7군단,202411221030,HEC29,세명 에스디,semyung sd,김일동,0318711003,경기도 의정부시 흥선로168번길32-0 (의정부동)201호,88.835,4313000
27,SCF1062,1,53530,***,24-보-2차 폐목재 처리 용역,용역,SCF,해군군수사령부,202411221030,KC297,주식회사 영우드테크,,김성기,0555848882,경상남도 함안군 군북면 현포로129-0,88.01,7756299
137,SDF0178,1,53458,***,파이프 행거 등 55종 구매,물품,SDF,제5738부대,202411221030,M5939,주식회사 오정,,김윤현,07076501005,"대전광역시 서구 갈마로219번길47, 469호(괴정동, 위스퀘어빌딩)",88.041,29210526
294,SDF0177,1,53454,***,윤활 방청제 등 309종 구매,물품,SDF,제5738부대,202411221030,GC76B,백야테크,BaekyaTedh,권경자,07078180818,경상남도 창원시 의창구 명서로77번길22-9 (명서동),88.007,21020140
2,LKS0064,1,53400,***,'25년 계룡스파텔 주류 구매,물품,LKS,육군인사사령부,202411221030,G9758,유한회사 대한주류상사,daehan,김진수,0418538999,충청남도 공주시 소학동길79-10 (소학동),94.086,46635200
246,SCH0181,1,53392,***,24-1-27호 레미탈 등 89종 구매,물품,SCH,해군작전사령부,202411221030,L9560,더블유아이앤피,,박주경,01041421851,"부산광역시 부산진구 동평로173 (부암동, 협성휴포레 시티즌파크) 104동 902호",88.001,11239500
35,LMH0077,1,53355,***,[B235] 군단직할 군악대 악기 구매,물품,LMH,제7군단,202411221030,G5592,썬테크,SUNTECH,이경연,0312673300,"경기도 수원시 권선구 세권로43번길26-6 (세류동, 수원권선 어울림)세류종합상가 B101-1",88.018,6980600
5,LPG0034,1,53321,***,토양오염정밀조사 용역,용역,LPG,제5보병사단,202411221030,F7833,재단법인 한국환경조사평가원,Korea Environmental Investigation and Assessment Institute,지창환,0313117768,"경기도 시흥시 포도원로116번길25, 801호(신천동, 프라임캐슬 지식산업센터)",88.124,10358000
24,LPF0081,1,53310,***,관사 신축 대관협의 용역 - 재해영향평가 24-168,용역,LPF,제51보병사단,202411221030,FD120,주식회사 경기방재연구소,Gyeonggi Disaster Management Institute,여인정,0318894277,"경기도 용인시 수지구 광교중앙로338, 씨동 804호(상현동, 광교우미뉴브)",88.112,48585000
238,SCK0156,1,53314,***,핸디패드 등 208종 구매,물품,SCK,해군교육사령부,202411221030,JE331,로쏘,,김아라,01095037772,"경상남도 창원시 마산회원구 내서읍 호원로385-1, 5층 501호",88.077,11118988
179,SFG0123,1,53265,***,모터드라이버 등 8품목 구매,물품,SFG,제9181부대,202411221030,M8C6D,주식회사 아리코퍼레이션,,김미영,01074940580,"경기도 김포시 고촌읍 장차로1, 1동 704호(범영빌딩)",88.009,26684300
3,MDQ0024,1,53049,***,진공부목 등 8품목 구매,물품,MDQ,국군의무학교,202411221030,GE221,가드케이 충청,,김희숙,0422562035,"대전광역시 중구 동서대로1365번길12, 2층(목동)",97.03,21583000
86,SFL0050,1,53165,***,25-교-이동식 화장실 임차 용역,용역,SFL,제3283부대,202411221030,I5842,주식회사 한국용역관리협회,joumong,오귀연,07042475962,"경기도 안산시 단원구 새뿔길3-3, 1층(신길동)",88.051,50652080
3,SCF1060,2,53482,***,24-보-2차 일반폐기물(기타잡류 등 2종) 처리 용역,용역,SCF,해군군수사령부,202411221030,B4102,주식회사 케이비아이국인산업,"kookin industry co.,Ltd",시명권,0544731116,경상북도 구미시 3공단3로 46-79(),88.176,19453400
10,LHG0055,1,53438,***,'24년 민수용 작전식량(간편식) 구매,물품,LHG,제1862부대,202411221030,J38A7,씨티원 강원지점,,김은아,07087953338,"강원특별자치도 원주시 건강로23, 305호(반곡동, 하늘정원프라자)",95.514,94262820
25,LMP0046,1,53465,***,24년 보온대 구매,물품,LMP,제3보병사단,202411221030,HF42F,제일유통,Je ill Distribution,유현순,0334552220,강원특별자치도 철원군 동송읍 이평2로60,88.054,72265600
15,SDF0180,1,53466,***,고리자석 등 47종 구매,물품,SDF,제5738부대,202411221030,G79B3,참조은,Cham,유진숙,055-544-0077,"경상남도 창원시 진해구 천자로37-0 (이동, 동아기업)",88.069,1320340
27,SDF0179,1,53463,***,코팅기 등 3종 구매,물품,SDF,제5738부대,202411221030,J3DDE,엔씨,,박성묵,0552775935,"경상남도 창원시 의창구 도계로71 (도계동, 진한데파트)",88.319,2102300
111,SFD0106,1,53462,***,간부숙소 물품(3인용 소파)구매,물품,SFD,제9227부대,202411221030,J5C7B,오송글로벌,,김무웅,0542476842,경상북도 포항시 북구 새천년대로1123 (창포동)부산프라자2층215호,88.004,10702333
195,SCN0193,1,52980,***,승용식 그린모아 릴 유니트 구매,물품,SCN,제7001부대,202411221030,LE816,(주)진성엘앤피,,김영식,03180597757,경기도 화성시 양감면 발안로850-12,88.008,18923000
293,SCN0192,1,52979,***,검정비닐봉투 등 29종 구매,물품,SCN,제7001부대,202411221030,HD8F4,스타CNS,starcns,정정훈,07048374570,경상남도 창원시 의창구 북면 천주로1380-58,88.001,14116710
303,HDQ0076,1,53337,***,20비 24-361 일자 LED 등 5종,물품,HDQ,제20전투비행단,202411221030,L1F70,타이거브로스,,이계훈,01072215080,"충청남도 아산시 고불로665-0 (좌부동, 초원설화타운(3단지))303-1203",88.002,16731117
67,LPF0082,1,53323,***,관사 신축 대관협의 용역 - 산지 전용 24-169,용역,LPF,제51보병사단,202411221030,I674C,주식회사 도건엔지니어링,DOKUN ENGINEERING,박지혜,0269512602,"경기도 남양주시 와부읍 수레로49, 5층 502-1호(마이다스빌딩)",88.013,25255000
23,SDQ0124,1,53195,***,멀티탭 등 39종 구매,물품,SDQ,해군제2수리창,202411221030,MA57D,(주)새길파트너스,,김동석,07077701617,"경기도 평택시 고덕면 도시지원1길116, 4층 428호(고덕G1지식산업센터)",88.012,4640480
6,SFM0093,1,52614,***,25-S-취사용 LPG 구매,물품,SFM,제3170부대,202411221030,G48E9,주식회사 가스원,"GAS ONE Co.,Ltd.",정명수,0547777812,경상북도 경주시 내외로390-21 (외동읍),83.865,602115619
6,SFM0093,2,52614,***,25-S-취사용 LPG 구매,물품,SFM,제3170부대,202411221030,G48E9,주식회사 가스원,"GAS ONE Co.,Ltd.",정명수,0547777812,경상북도 경주시 내외로390-21 (외동읍),83.865,602115619
5,LCF0582,1,51115,***,K9 자주포 전기전자시험장비 운영체제 개선 재료 구매,물품,LCF,육군군수사령부,202411211130,G7FAE,주식회사 케이에스씨앤씨,KSCNC CO LTD,조원채,0312817889,"경기도 용인시 기흥구 동백3로11번길33,801-26호 (중동,새롬프라자)",96.039,41997120
5,LCF0583,1,52717,***,K9자주포 전기장치시험장비(ETS) SW개선 재료 구매,물품,LCF,육군군수사령부,202411211130,DA3DB,(주)씨에스글로비즈,CSGlobiz,오세록,027827500,"경기도 과천시 과천대로7길65, 과천상상자이타워 B동 1220호",95.683,25701500
18,MDG0224,1,52513,***,24년 후반기 병영도서관 도서 구매,물품,MDG,국군의무사령부,202411211100,H4CB6,도서출판 예인,YAEIN,이정식,010-8390-3122,경기도 수원시 영통구 청명로21번길19-0 (영통동) 610호 아이비즈 영통,90.001,987132
2,LFK0079,1,53010,***,24년 2수송연대 장병특식뷔페,물품,LFK,육군종합군수학교,202411211100,I4E66,주식회사 씨엠케이푸드,CMK FOOD,윤민환,0537628292,대구광역시 수성구 지범로48길30 (범물동),94.305,20633160
34,LPM0049,1,53076,***,28여단 군지대대 부대개편 자산취득비 물품 구매,물품,LPM,제9보병사단사령부,202411211100,E8ED7,주식회사 유퍼니,YOUFUNI,김정기,01099327978,경기도 포천시 호국로929번길71 (설운동),88.297,51095287
514,MCK0003,1,52689,***,'24년 후반기 전산소모품 통합구매,물품,MCK,국방전산정보원,202411211100,M54A7,지맥스,,강희도,0623853252,"서울특별시 강동구 천중로50길48-12, 1604호(길동, 라인아파트)",88.02,22993750
2650,LFK0078,1,52942,***,고무타이어 대형탈착기 구매 설치,물품,LFK,육군종합군수학교,202411211100,FBDE2,주식회사 케이에스메탈,"k.s metal.CO.,Ltd",김상수,0319460041,경기도 파주시 월롱산로61-40 (야동동),88,15071850
45,LCN0079,1,52938,***,24-4차 의무비품 구매 (2차),물품,LCN,육군사관학교,202411211100,M6FFD,에스엔알스토리,,배승호,01064872442,경기도 안양시 동안구 학의로20-0 (비산동) 135-406,88.033,6202226
753,UMM1256,1,50242,***,(246401-D) 체력단련장 예초장비 2종 구매,물품,UMM,국군재정관리단,202411211100,A4FD3,(주)오성인피니티,"OSUNG INFINITY CO., Ltd",김희숙,0220571122,"서울특별시 강남구 남부순환로365길 5, 중명 213(도곡동)",89.001,122512500
139,UMM1252,1,50151,***,24-F-간부회관 관급자재 자동제어 제조(249149-I),물품,UMM,국군재정관리단,202411211100,E11B4,주식회사 나은엔지니어링,NAEUN ENGINEERING,김철호,0325474052,"인천광역시 계양구 아나지로2번길17, 2층 (효성동)",88.013,154319785
17,UMM1262,1,47382,***,(247365-D) 출입통제용 보안검색대 등 4종 구매,물품,UMM,국군재정관리단,202411211100,KE5FF,주식회사 대동씨큐리티,,장혜경,0319828123,경기도 고양시 덕양구 꽃마을로36 (향동동) DMC 스타비즈 6블럭 1023호,88.018,117911200
14,SCG0045,1,52022,***,근속30주년 기념배지 구매(제조),물품,SCG,해군본부,202411211100,GA41E,지우실업 주식회사,soyosan,김지우,0318672533,경기도 동두천시 신천로366번길13-0 (상봉암동),89.685,26590000
8,LCK0048,1,53128,***,[일반-24-216] 11차 특정지역 특수피복(방한복) 구매,물품,LCK,수도방위사령부,202411211030,K05B6,주식회사 진영씨엔에스,,최미라,025175874,"서울특별시 서초구 나루터로75, 403호 (잠원동, 금산빌딩)",88.036,66548245
166,SFD0105,1,53125,***,정보통신물자(엑스밴드등 24품목)구매,물품,SFD,제9227부대,202411211030,MDD2B,아리아스,,김병권,0542444170,"경상북도 포항시 북구 양덕로60, 115동 1003호(양덕동, 풍림아이원아파트)",88.076,16123219
5,SCU0105,1,53067,***,25-00지역 승강기 유지관리 용역,용역,SCU,해군 기동함대사령부,202411211030,K3D20,주식회사삼성엘리베이터,,고재동,0647113228,제주특별자치도 제주시 진군2길23-1 (노형동),88.177,15364800
12,SCU0104,1,53063,***,25-00지역 전기안전관리 대행 용역,용역,SCU,해군 기동함대사령부,202411211030,H1CE9,한라전기안전관리(주),HALLAESM,강신용,0647451510,"제주특별자치도 제주시 수덕로25, 관리동 2층 (노형동,수선화아파트)",88.193,34415820
61,SDQ0123,1,52965,***,"박판, 금속제 등 7종 구매",물품,SDQ,해군제2수리창,202411211030,K0E3B,파파테크,,김능식,0322077943,경기도 평택시 청북읍 안청로4길17,88.074,13967470
2,HCM0072,1,53086,***,생환훈련정 항해장비 외주정비 계약,용역,HCM,공군교육사령부,202411211030,L4C13,(주)케이씨트로닉스,,최경식,0513267119,"부산광역시 사상구 대동로303, 1015호 (감전동, 부산디지털밸리아파트형공장)",99.727,37076466
98,SCU0107,1,53078,***,25-00전대 하수관거시설 민간위탁관리 용역,용역,SCU,해군 기동함대사령부,202411211030,I56F2,주식회사 푸름엔지니어링,Inc. Purumeng,정보민,0315044610,"경기도 시흥시 비둘기공원6길25, 4층 401호(대야동, 견우프라자)",90.039,48446000
4,LPN0025,1,52856,***,24년 후반기 이동식 화장실 임차용역,용역,LPN,수도군단,202411211030,M244E,화미글로벌,,김영은,01040476556,"강원특별자치도 원주시 서원대로500, 429-38호 (단구동, 원주프리미엄아울렛)",88.782,15620980
117,SFD0104,1,53099,***,24-P-동해면 간부숙소 신축 선행연구 용역,용역,SFD,제9227부대,202411211030,MA39C,도연컴퍼니,,김인숙,01087374395,"경기도 의정부시 서광로166, 501동 1105호(산곡동, 고산센트레빌)",88.007,51693050
4,SCH0180,1,53094,***,24-1-26호 심폐소생술 마네킹 등 2종 구매,물품,SCH,해군작전사령부,202411211030,GA94F,성화종합상사,sunghwa,이애숙,0518054447,"경상남도 창원시 성산구 신촌로95-0 (신촌동, 동성임대아파트) 102-507",88.759,1690000
201,SFG0122,1,53053,***,복사용지 등 548품목 구매,물품,SFG,제9181부대,202411211030,IE556,에이스 컴퍼니,,정택호,01045609111,"인천광역시 서구 건지로404, 207동 1501호(가좌동, 가좌한신휴플러스아파트)",88,25455810
84,LGC0036,1,53004,***,24년 의료기재(마약검사키트) 구매,물품,LGC,육군학생군사학교,202411211030,L0AE4,대박상사,,공영숙,01034120951,충청북도 청주시 상당구 동남로15 (방서동) 우미린풀하우스 108-2102,88.016,19683670
37,SCI0128,1,52561,***,수소감지기 등 7종 구매,물품,SCI,제9121부대,202411211030,LB176,미라클스해픈,,박시온,01035596299,"경상남도 창원시 마산회원구 팔용로91, 204동 1802호(합성동, 창원두산위브더센트럴 2단지)",88.047,5925310
94,LHZ0016,1,52910,***,야자매트 구매,물품,LHZ,제5767부대,202411211030,J726F,주식회사 원주컴퓨터,,장시림,07077331109,"강원특별자치도 원주시 남산로218번길34 (학성동, 영진로얄타운아파트) 201동 409호",88.164,4973761
552,SFN0094,1,52943,***,라면조리기 등 9품목 구매,물품,SFN,연평부대,202411211030,M451D,디제이인터네셔널,,김다정,01092510888,"인천광역시 연수구 컨벤시아대로252번길50, 1402동 2502호(송도동, 송도 더샵 퍼스트파크)",88.003,22438873
4,SEE0054,2,52750,***,25-J-사업장폐기물 위탁처리 용역,용역,SEE,제9해병여단,202411211030,GF618,주식회사 미래환경자원,MIRAE,권경안,0647243301,제주특별자치도 제주시 노형동3600,87.924,119293000
4,SDF0174,1,53115,***,"24-항-07 발전기세트, 디젤엔진식 외주정비",물품,SDF,제5738부대,202411211030,C825E,경성기전,KYOUNGSUNG  MACHINE ELECTRICITY,이성우,055-288-3780,경상남도 창원시 의창구 평산로38번길26-0 (팔용동),90.453,106315000
28,SCF1058,1,53052,001,땅콩조림 구매,물품,SCF,해군군수사령부,202411211030,K3F17,건천유통,,박필란,01093392838,경상남도 합천군 삼가면 삼가중앙길26,88.051,6845.53
25,SCF1057,1,51582,001,떡국떡 구매,물품,SCF,해군군수사령부,202411211030,K2044,해송,,박수진,07088667032,경상남도 창원시 의창구 대산면 대산북로715-1,88.021,3123.8
40,SCF1055,1,51579,001,단호박샐러드 구매,물품,SCF,해군군수사령부,202411211030,L0FAB,주식회사 위주축산,,조성민,0553867009,경상남도 양산시 중앙로50-0 (남부동),87.997,5884
38,SCF1054,1,51578,001,냉동피홍합 구매,물품,SCF,해군군수사령부,202411211030,K5B94,핸드메이드 초대점,,강명신,010-8000-0811,경상남도 창원시 진해구 진해대로762 (석동) 1층 127,88.518,3278
44,SCF1053,1,51577,001,핫도그 구매,물품,SCF,해군군수사령부,202411211030,E9DB3,수민,soomin,장형선,0553254522,경상남도 김해시 율하로270-61 (율하동),88.008,5995
39,SCF1051,1,51575,001,냉동새우 구매,물품,SCF,해군군수사령부,202411211030,G1EEC,지(g)-마트,G-mart,송낙천,0555523355,"경상남도 창원시 진해구 조천북로62 105(경화동,하이존상가 105~107)",97.125,9700
41,SCF1050,1,51574,001,깐메추리알 구매,물품,SCF,해군군수사령부,202411211030,EB8EE,농업회사법인 주식회사 세명축산,saemyong,권호숙,0557412142,경상남도 진주시 명석면 판문로508,88.019,5452.66
29,SCF1049,1,51573,001,까나리액젓 구매,물품,SCF,해군군수사령부,202411211030,H295B,주식회사 금오식품,keumofood,문기윤,0555521723,경상남도 창원시 진해구 명제로484번길14(제덕동),88.063,4935.5
40,SCF1048,1,51571,001,고구마샐러드 구매,물품,SCF,해군군수사령부,202411211030,FB41E,주식회사 류홀마트,new consulting,양미숙,055-546-0841,"경상남도 창원시 진해구 충무로23-0 (신흥동, 블루빌)",88,5874.5
38,SCF1047,1,51569,001,계란지단채 구매,물품,SCF,해군군수사령부,202411211030,H3C83,주식회사 프라임푸드시스템,primefood,허두임,0555523375,경상남도 창원시 진해구 안골로285번길12-1 (안골동),88.04,7705
21,SCF1046,1,51568,001,게맛살 구매,물품,SCF,해군군수사령부,202411211030,I3CEE,주식회사 마루유통,maroo,김영태,01038467423,경상남도 의령군 정곡면 성황로1길41-4,88.096,2599.76
23,SCF1045,1,51566,001,감자수제비 구매,물품,SCF,해군군수사령부,202411211030,MFFA1,에이스유통,,양영호,010-8254-2550,"경상남도 창원시 진해구 충무로23, 상가1동 지하1층 비105호(신흥동, 블루빌)",88.001,2141.5
38,SCF1043,1,51565,001,스크램블에그 구매,물품,SCF,해군군수사령부,202411211030,M597F,거제축산물급식센터 주식회사,,이정미,0556339393,경상남도 거제시 수양로210 (양정동),88.015,7456
24,SCF1042,1,51564,001,미소된장 구매,물품,SCF,해군군수사령부,202411211030,G1EEC,지(g)-마트,G-mart,송낙천,0555523355,"경상남도 창원시 진해구 조천북로62 105(경화동,하이존상가 105~107)",97.509,3580
41,SCF1041,1,51563,001,야채고기말이 구매,물품,SCF,해군군수사령부,202411211030,I431B,주식회사 이레유통,irae,강승미,01096466322,경상남도 의령군 정곡면 성황로1길41-4,88.004,11506.32
47,SCF1040,1,51562,001,견과류 구매,물품,SCF,해군군수사령부,202411211030,K3F17,건천유통,,박필란,01093392838,경상남도 합천군 삼가면 삼가중앙길26,88.059,518.44
41,SCF1038,1,51418,001,컵밥 구매,물품,SCF,해군군수사령부,202411211030,ID6DF,백곰유통,,홍한표,01087766646,"경상남도 통영시 중앙로34 (도천동, 만복도천비치맨션2차)1층8호",88.086,2360.51
27,SCF1037,1,51415,001,소고기스프 구매,물품,SCF,해군군수사령부,202411211030,I431B,주식회사 이레유통,irae,강승미,01096466322,경상남도 의령군 정곡면 성황로1길41-4,88.024,6646.86
48,SCF1039,1,51409,001,오리훈제슬라이스 구매,물품,SCF,해군군수사령부,202411211030,L0FAB,주식회사 위주축산,,조성민,0553867009,경상남도 양산시 중앙로50-0 (남부동),88.027,14971
312,LPN0026,1,53003,***,25년 군 주거시설 도배장판 설치납품(안양권역),물품,LPN,수도군단,202411211030,L9267,제이와이엘글로벌,,장아롱,01074231979,"경기도 의정부시 신곡로13 (신곡동, 현대2차아파트) , 208동 808호",83.011,431354540
104,LNG0093,1,52534,***,마일즈 컨테이너(장비 보관 및 정비용) 제조 구매,물품,LNG,육군 제1군단,202411211030,B79A9,영림산업주식회사,"younglimindustry  Co. , Ltd",최영문,0319381520,경기도 고양시 덕양구 무원로6번길12-0 (행신동) 대흥빌딩 303호,87.999,156275000
60,UAB0071,1,52729,***,국군복지단 체력단련장 소방안전관리 용역,용역,UAB,국군복지단,202411201700,GA6D4,주식회사 굿모닝방재,"Good Morning Disaster Co.,Ltd",손미희,0312465119,경기도 수원시 장안구 경수대로862-0 (조원동) 303호,88.009,8527990
709,UAB0070,1,52696,***,국군복지단 체력단련장 방역소독 위탁용역,용역,UAB,국군복지단,202411201700,CFD2A,주식회사 케이원시스템,K1 system,김연화,0552767000,"경상남도 창원시 성산구 반송로 149(반림동, 경상남도교통문화연수원)",88,13670740
11,UAB0069,1,52650,***,국군복지단 체력단련장 승강기 안전점검 위탁용역,용역,UAB,국군복지단,202411201700,K7218,한길승강기 주식회사,,조선일,0312385991,경기도 화성시 병점로37-6 (진안동) 2층 201호,88.117,14058000
3,EWAE003,1,1002,***,장보고-III Batch-I 정비지원장비(펌프 등 12종),물품,EWA,한국형잠수함총괄계약팀,202411201400,L76C9,주식회사 서화테크,,최영식,029436346,서울특별시 성북구 아리랑로19길111-0 (정릉동),99.543,92800000
122,UMM1243,1,46279,***,24-N-호이스트크레인 제조(248252-F),물품,UMM,국군재정관리단,202411201100,G1B9B,프로엔지니어링,PRO ENGINEERING,현성덕,0313574163,"경기도 화성시 송산면 송산포도로651,1동",87.997,156087210
123,MCR0062,1,51839,***,24-5차 4분기 국외도서 구매,물품,MCR,국방대학교,202411201100,M551E,보테도담,,임종택,01089178331,"충청남도 보령시 구시4길37-4, 310호(대천동)",88.009,12106130
329,MCR0061,1,51833,***,24-5차 4분기 국내도서 구매,물품,MCR,국방대학교,202411201100,H72CF,인포북스,infobooks,황규숙,0415710607,충청남도 천안시 서북구 미라1길53-0 (쌍용동),90,30271290
37,LDA0089,1,52899,***,(C036) 후반기 소방작동기능점검 용역,용역,LDA,지상작전사령부,202411201100,MCAEC,중부소방 주식회사,,최은정,0337610119,강원특별자치도 원주시 흥업면 남원로125-0   (흥업리 29-1),88.256,6757250
36,UAC0057,1,52811,***,2024년 4차 전산운영용품 구매,물품,UAC,국방출판지원단,202411201100,JFEAF,미주통상,,정채린,010-4411-2344,충청남도 계룡시 엄사면 엄사중앙로97,88.041,9190000
99,SFJ0019,1,52624,***,레이저각인기 등 21품목 구매 납품,물품,SFJ,제2112부대,202411201100,L338E,호암,,경도현,01053950336,경상북도 포항시 남구 송림로6번길41-0 (송도동),88.028,3405099
19,LMU0056,1,52860,***,24-물용-022 정비피복 제조 계약,물품,LMU,제7군수지원단,202411201100,L8A93,다온,,김진호,01021089875,경기도 시흥시 정왕천로23-0 (정왕동) 시화공단 3바 506호,88.023,28276877
33,LKP0152,1,52728,***,'24-2차 오성마을 도배ㆍ장판 교체납품,물품,LKP,5군수지원사령부,202411201100,GECFA,주식회사 부민,BU MIN,강철구,0539855909,대구광역시 동구 옻골로20길23 (둔산동),88.023,12858600
4261,MCD0082,1,51130,***,군종도서(기독교) 구매,물품,MCD,국방부(운영지원과),202411201100,M5A63,스카이 월드,,한현식,07082852302,"경상북도 포항시 북구 우창동로71, 102동 704호(우현동, 우현풍림아이원)",90,32118837
149,LCN0078,1,51814,***,24년 군악기 마칭테너드럼 등 6종 구매,물품,LCN,육군사관학교,202411201100,K1AAF,이스타,,이정민,01035877757,경기도 시흥시 마유로423번길20-2 (정왕동) 202호,88.017,10559920
1053,UMM1251,1,52198,***,"24-D-냉장, 냉동고 구매(241061-F)",물품,UMM,국군재정관리단,202411201100,L6A3B,주식회사 경현,,노현서,0432981777,충청북도 청주시 청원구 내수읍 내수로358,88.01,91673580
553,UMM1261,1,51751,***,(246399-F) 빅데이터 유통체계 저장장치 구매설치,물품,UMM,국군재정관리단,202411201100,LD02C,주식회사 이현코리아,,이순화,07042422949,경상남도 창원시 마산합포구 해안대로11 (해운동) 401-10호,87.998,166843900
335,UMM1260,1,48682,***,(247378-E) 자동세척건조기 구매,물품,UMM,국군재정관리단,202411201100,H127E,조광유통,jokwang dis.,장상원,01063416542,경상북도 영덕군 강구면 강구시장1길17,88,86434767
294,HCM0071,1,52514,***,24-09-312  취사기구(스마트 야채절단기 등) 14품목,물품,HCM,공군교육사령부,202411201030,J9BC3,정화기획,,김정식,0553890848,경상남도 양산시 덕계로104(덕계동),88.001,93915760
541,SFH0148,1,52674,***,24-B-라면조리기용기 등 15품목 구매 납품(도서지역),물품,SFH,제9196부대,202411201030,L1A70,해리엔터프라이즈,,신창훈,01021353920,"인천광역시 남동구 용천로87번길23, 3102동 802호(구월동, 구월힐스테이트)",88.004,89350000
98,SCK0153,1,52672,***,화이트보드 등 48종 구매,물품,SCK,해군교육사령부,202411201030,JB481,대명상사,,최영우,070-8800-0323,경상남도 창원시 마산합포구 동서북4길22 (서성동) 2층,88.02,5101570
516,SFH0147,1,52670,***,24-B-펜치 등 153품목 구매 납품(도서지역),물품,SFH,제9196부대,202411201030,LF74E,스튜디오가이,,신재완,01082487203,"인천광역시 남동구 남동대로860-0 (간석동, 간석래미안자이아파트)",88,21043054
354,SFH0146,1,52666,***,24-B-NVR 등 5품목 구매 납품(도서지역),물품,SFH,제9196부대,202411201030,F4193,(주)아성넷,A Sung Net,조학수,0324224200,"인천광역시 남동구 구월로159-0 (간석동, 원빌딩) 501호",88.007,14660000
19,LMK0045,1,52892,***,[24-C99] 24년 5차 병참물자(취사기구) 구매 계약,물품,LMK,제6보병사단,202411201030,JB417,주영 디엔에스,,김종철,07077865007,경기도 포천시 군내면 유교로163,88.484,3754000
2,LMK0046,1,52900,***,[24-C100] 24년 16차 병참물자(동력버너) 구매 계약,물품,LMK,제6보병사단,202411201030,MAE31,선우산업,,이재숙,01074863687,경기도 포천시 소흘읍 죽엽산로167번길21-26,96.635,3181500
3,SCU0082,1,52859,***,25-00전대 간부숙소 및 관사 폐기물처리 용역,용역,SCU,해군 기동함대사령부,202411201030,F3154,서부환경개발공사,The West Environment Development Corporation,김재권,0647944145,제주특별자치도 서귀포시 대정읍 영서중로36-8,88.188,35225900
17,LCZ0032,2,51451,***,24년 00부대 창고 물자 PP박스 제조 납품,물품,LCZ,동원전력사령부,202411201030,E45A4,주식회사 아주프라텍,ajouplatech,임경수,0313520102,경기도 화성시 은행나무로46-12,88.44,83490000
1761,SCQ0124,1,52852,***,지퍼백 등 38종 구매,물품,SCQ,제9911부대,202411201030,K2E56,에쓰오전력 주식회사,,한만용,0316180133,"경기도 평택시 도일유통길27, 201호(도일동)",88,38865039
52,SDG0059,1,52848,***,24-인-군 주거시설 도배장판 구매설치,물품,SDG,제2002부대,202411201030,BBA81,주식회사 휴리스,"HURIS CO., LTD.",남기철,0324319500,"인천광역시 부평구 백범로577번길20, 123호 (십정동, 경인센타)",88.006,11026200
5,SCP0115,1,52847,***,벽면실험대 등 7종 구매,물품,SCP,제8385부대,202411201030,C0914,(주)동건,DONG GUN CO.,윤영현,0332422612,강원특별자치도 동해시 전천로245-2 (북평동),88.168,6733000
8,SCR0122,1,52813,***,마션 등 22종 22권 구매,물품,SCR,해군제3함대사령부,202411201030,MA3A0,코코유통,,최수민,01037984035,"충청남도 천안시 서북구 월봉로126, 901-A64호",90.127,669375
5609,SDF0170,1,52655,***,안전모보관함 등 11종 구매,물품,SDF,제5738부대,202411201030,KDD20,주식회사 블루에스랩 (blue S Lab),,이채현,07088087701,"서울특별시 강남구 개포로623, 223호(개포동, 대청타워)",88,56085740
134,LFC0074,1,52658,***,24년 생활관 2차 에어컨 청소 용역(벽걸이형),용역,LFC,육군훈련소,202411201030,L2DC2,나라티엔지,,한기창,0413587988,충청남도 당진시 송산면 서정4길1-0,88.018,53105300
133,LFC0073,1,52636,***,24년 생활관 1차 에어컨 청소 용역(벽걸이형),용역,LFC,육군훈련소,202411201030,M9D26,만수르컴퍼니,,남범현,07076129238,충청남도 천안시 동남구 목천읍 삼성리9-403 원앙마을부영2단지아파트 208동 4층 403호,88.006,42257990
5036,SCP0116,1,52866,***,군종실(성당) 장의자 등 2종 납품 설치,물품,SCP,제8385부대,202411201030,IB8DB,도깨비유통,,양유종,01052961110,서울특별시 노원구 동일로180길14,88.001,16811510
2,SCH0178,1,52817,***,3차원 전시기 외주정비 용역,용역,SCH,해군작전사령부,202411201030,H46AF,주식회사 지오티에스,"GOTS CO., Ltd",임준호,0512207601,"부산광역시 강서구 유통단지1로41, 121동 107호 (대저2동, 부산티플렉스)",94.072,21150000
5195,LCH0070,1,52732,***,천마전투사격장 고무블럭 구매(7-24-물-1),물품,LCH,특수전사령부,202411201030,F7B26,클린톤전자,clean-tone electronics,김미화,027196779,서울특별시 용산구 원효로41가길17-0 (원효로3가),88,28149570
3,SCK0154,1,52803,***,24-00교 정보초급반 42기 버스임차용역,용역,SCK,해군교육사령부,202411201030,C1EB0,주식회사 명신관광,myeongsin tour,안종주,0552385040,"경상남도 창원시 성산구 상남로37,비이 101호 (상남동 덕산베스트텔)",88.038,2340000
68,SCR0120,1,52800,***,HI CA 밧데리 등 2종 52점 구매,물품,SCR,해군제3함대사령부,202411201030,K3211,아테나,,성민경,01071991889,"전라남도 목포시 산정로109번길16, 1층(산정동)",88.012,24282040
593,LKF0081,1,52798,***,24년 안전물자세트 구매,물품,LKF,제6755부대,202411201030,F5920,서현테크,seo hyun tech,이정희,05022628700,"대구광역시 중구 공평로6-0 (삼덕동2가, 빌리브 프리미어)",88.01,21747970
8,SCL0050,1,52705,***,사관후보생 수료 및 임관식 영상장비 임차 용역,용역,SCL,해군사관학교,202411201030,H85FE,주식회사 화이트플러스,whiteplus,정태호,070-7576-2022,경상남도 창원시 마산회원구 봉암공단2길6-0 (봉암동),88.068,24207000
3,MDQ0023,1,52702,***,기도관리 종합실습 마네킨 구매,물품,MDQ,국군의무학교,202411201030,GE221,가드케이 충청,,김희숙,0422562035,"대전광역시 중구 동서대로1365번길12, 2층(목동)",97.481,44250000
4,SFH0149,1,52782,***,24-B-소방시설 작동기능점검 용역(도서지역),용역,SFH,제9196부대,202411201030,LB25A,(주)한국기술소방,,황현정,032-545-0119,"인천광역시 계양구 도두리로70, 상가동 비01호 (작전동, 도두리마을대동아파트)",88.048,27684461
9,LFC0075,1,52769,***,24년 36차 장비운영소모품 구매,물품,LFC,육군훈련소,202411201030,J7641,케이엠글로벌,,박미영,0415770063,"충청남도 천안시 서북구 검은들3길46, 8층 803-2(8020)호(불당동, 미래시티빌딩)",88.085,26790780
2,SCU0102,1,51337,***,배추김치(조각) 등 3종 제조(구매),물품,SCU,해군 기동함대사령부,202411201030,F0098,농업회사법인한백푸드유한회사,hanbaek food,김기대,0647482729,제주특별자치도 제주시 구좌읍 동김길13-14,89.189,193560000
14,SCU0101,1,51334,***,파인애플 등 14종 구매,물품,SCU,해군 기동함대사령부,202411201030,GA542,오도유통,ODO,윤선숙,01050972520,제주특별자치도 제주시 구좌읍 김녕로129,88.121,203986490
14,SCU0100,1,51333,***,초코파이 등 23종 구매,물품,SCU,해군 기동함대사령부,202411201030,M5594,미도찬,,최소이,01097272351,"제주특별자치도 제주시 신대로145, 6층 2-5호(연동)",88.016,196254733
14,SCU0099,1,51332,***,매운맛라면(봉지) 등 24종 구매,물품,SCU,해군 기동함대사령부,202411201030,M3A7E,제주로운,,배윤선,01054664981,제주특별자치도 제주시 신대로145-0 (연동) 6층 1-14호,88.014,201834563
14,SCU0098,1,51330,***,커피음료 등 13종 구매,물품,SCU,해군 기동함대사령부,202411201030,GA542,오도유통,ODO,윤선숙,01050972520,제주특별자치도 제주시 구좌읍 김녕로129,88.005,202996470
15,SCU0097,1,51329,***,콜라음료 등 11종 구매,물품,SCU,해군 기동함대사령부,202411201030,L90CB,제주그린유통,,박정석,010-4300-8485,"제주특별자치도 제주시 신대로145-0 (연동), 1층 B-179",88.02,206457398
14,SCU0096,1,51328,***,식빵 등 18종 구매,물품,SCU,해군 기동함대사령부,202411201030,FE34B,주식회사 한라로지스틱,HALLA LOGISTIC,강성구,0647475990,"제주특별자치도 제주시 첨단로5길1, 3층(영평동)",88.1,191600700
14,SCU0095,1,51326,***,오징어 진미채 등 10종 구매,물품,SCU,해군 기동함대사령부,202411201030,L8BB7,제주푸른컴퍼니,,고승정,07077788187,"제주특별자치도 제주시 신대로145, 4층 B-178호(연동, 맨써빌딩)",88.152,188427930
14,SCU0094,1,51325,***,돈까스 소스 등 20종 구매,물품,SCU,해군 기동함대사령부,202411201030,IB076,주식회사 제주플로우,"Namcheon Tour Co.,Ltd",조화현,0647475990,"제주특별자치도 제주시 첨단로5길1, 3층(영평동)",88.031,181230600
16,SCU0093,1,51324,***,즉석밥 등 11종 구매,물품,SCU,해군 기동함대사령부,202411201030,L90CB,제주그린유통,,박정석,010-4300-8485,"제주특별자치도 제주시 신대로145-0 (연동), 1층 B-179",88.06,204837682
14,SCU0092,1,51323,***,슬라이스치즈 등 10종 구매,물품,SCU,해군 기동함대사령부,202411201030,L8BB7,제주푸른컴퍼니,,고승정,07077788187,"제주특별자치도 제주시 신대로145, 4층 B-178호(연동, 맨써빌딩)",88.001,208679540
14,SCU0091,1,51322,***,멸치육수 등 26종 구매,물품,SCU,해군 기동함대사령부,202411201030,LEA46,주식회사 비비,,방은우,000000000,제주특별자치도 제주시 신대로145 (연동) 4층 C2-16,88.25,206155730
14,SCU0090,1,51320,***,소고기 장조림 등 9종 구매,물품,SCU,해군 기동함대사령부,202411201030,I104A,소망영농조합법인,somang farming association corporation,강성구,0647475990,제주특별자치도 제주시 한북로112 (오등동),88.384,208802880
14,SCU0089,1,51314,***,찰순대 등 9종 구매,물품,SCU,해군 기동함대사령부,202411201030,L2951,주식회사 유풍시그니처,,송계훈,010-2693-9076,"제주특별자치도 제주시 서사로63, 3층(삼도이동, 제이에스빌딩)",88.064,205354200
14,SCU0088,1,51313,***,반판두부 등 16종 구매,물품,SCU,해군 기동함대사령부,202411201030,M5594,미도찬,,최소이,01097272351,"제주특별자치도 제주시 신대로145, 6층 2-5호(연동)",87.997,204211006
15,SCU0087,1,51311,***,돼지족발 등 3종 구매,물품,SCU,해군 기동함대사령부,202411201030,L8BB7,제주푸른컴퍼니,,고승정,07077788187,"제주특별자치도 제주시 신대로145, 4층 B-178호(연동, 맨써빌딩)",88.059,208679540
14,SCU0086,1,51308,***,콤피네이션 사각피자 등 19종 구매,물품,SCU,해군 기동함대사령부,202411201030,M5594,미도찬,,최소이,01097272351,"제주특별자치도 제주시 신대로145, 6층 2-5호(연동)",88.045,188298460
14,SCU0085,1,51307,***,중화면 등 12종 구매,물품,SCU,해군 기동함대사령부,202411201030,LEA46,주식회사 비비,,방은우,000000000,제주특별자치도 제주시 신대로145 (연동) 4층 C2-16,88.019,184224270
14,SCU0084,1,51304,***,부대찌개모듬햄 등 12종 구매,물품,SCU,해군 기동함대사령부,202411201030,M5594,미도찬,,최소이,01097272351,"제주특별자치도 제주시 신대로145, 6층 2-5호(연동)",88.021,176806066
15,SCU0083,1,51302,***,간장 소불고기 등 7종 구매,물품,SCU,해군 기동함대사령부,202411201030,LEA46,주식회사 비비,,방은우,000000000,제주특별자치도 제주시 신대로145 (연동) 4층 C2-16,88.229,207910240
14,SCU0081,1,51300,***,어묵 등 9종 구매,물품,SCU,해군 기동함대사령부,202411201030,GA542,오도유통,ODO,윤선숙,01050972520,제주특별자치도 제주시 구좌읍 김녕로129,88.097,181722730
16,SCU0080,1,51297,***,베이컨 등 11종 구매,물품,SCU,해군 기동함대사령부,202411201030,I2A63,참좋은사람들,champ,배상진,01021303414,제주특별자치도 제주시 지석11길6 (삼양이동) 203호,88.029,200014920
15,SCU0079,1,51296,***,새우튀김 등 10종 구매,물품,SCU,해군 기동함대사령부,202411201030,L2951,주식회사 유풍시그니처,,송계훈,010-2693-9076,"제주특별자치도 제주시 서사로63, 3층(삼도이동, 제이에스빌딩)",88.013,181014200
16,SCU0078,1,51294,***,치킨너겟 등 6종 구매,물품,SCU,해군 기동함대사령부,202411201030,MBBBB,주식회사 탑티어로지스,,강병엽,0647990688,제주특별자치도 제주시 첨단로5길1-0 (영평동) 3층,88.216,183000400
15,SCU0076,1,51289,***,너비아니 등 4종 구매,물품,SCU,해군 기동함대사령부,202411201030,I104A,소망영농조합법인,somang farming association corporation,강성구,0647475990,제주특별자치도 제주시 한북로112 (오등동),88.607,188850000
16,SCU0075,1,51285,***,부추해물완자 등 6종 구매,물품,SCU,해군 기동함대사령부,202411201030,M5BA4,대정,,임태국,01094193752,"제주특별자치도 제주시 한경면 두신로145, 1동 1층 103호",87.997,203523270
16,SCU0074,1,51280,***,통등심돈까스 등 6종 구매,물품,SCU,해군 기동함대사령부,202411201030,I104A,소망영농조합법인,somang farming association corporation,강성구,0647475990,제주특별자치도 제주시 한북로112 (오등동),88.087,207930700
4,SCP0114,1,50602,***,24-0함대 민간예인선 위탁 용역,용역,SCP,제8385부대,202411201030,JA919,미래마린서비스 주식회사,,하세봉,0542739354,"경상북도 포항시 북구 장량로190번길30, 3층(양덕동)",88.477,95500789
3,SCN0191,1,52834,***,24~28 00숙소(2964회선) 유선TV방송 및 인터넷용역,용역,SCN,제7001부대,202411201030,A83F9,주식회사 케이티,KT Corporation,김영섭,0317270114,경기도 성남시 분당구 불정로 901층(정자동),78.674,1103356377
515,SCF0988,1,50492,***,"(긴급) 제어기,환경시스템용 등 15종",물품,SCF,해군군수사령부,202411201030,M1E67,일용상사,,권윤주,010-4611-6464,경상남도 창원시 의창구 북면 동곡로35-0 (창원무동휴먼빌아파트(2단지)) 205-804,90.475,25230835
569,SCF0986,1,50479,***,"(긴급) 분사기,조립체,연료용 등 32종",물품,SCF,해군군수사령부,202411201030,M1E67,일용상사,,권윤주,010-4611-6464,경상남도 창원시 의창구 북면 동곡로35-0 (창원무동휴먼빌아파트(2단지)) 205-804,91.863,89827616
144,LMP0045,1,52804,***,'24년 훈련 급식용 간편식 구매,물품,LMP,제3보병사단,202411201030,M5EF5,농업회사법인본돈주식회사,,유원경,0315216845,경기도 남양주시 화도읍 재재기로89-74 마동1층,83.01,306140345
299,LGI0099,1,52116,001,'25-1차 부대계약 후식(유제품류) 구매,물품,LGI,제3군수지원여단,202411201030,E3EDC,주식회사 대흥푸드,"DAE HUNG FOOD Co.,Ltd.",정점례,0327155785,인천광역시 서구 검단로93번길9(오류동),83.027,3900.58
322,LGI0098,1,52115,001,'25-1차 부대계약 후식(기타) 구매,물품,LGI,제3군수지원여단,202411201030,ED9DD,(주)해도식품,haedofood,윤현주,0616427322,전라남도 여수시 국동남8길10(국동),82.998,6653.71
317,LGI0097,1,52114,001,'25-1차 부대계약 후식(과일류) 구매,물품,LGI,제3군수지원여단,202411201030,BDF62,호미식품,gomi,장 세성,0328360537,인천광역시 옹진군 백령면 백령로280번길 7(),82.999,15924.82
4,HFD0015,1,51957,001,공군제38전투비행전대 액화석유가스(LPG)공급 계약,물품,HFD,공군제38전투비행전대,202411201030,M9D68,익산LPG충전소,,노장원,0638337770,전북특별자치도 익산시 하나로16 (금강동),85.945,1160.08
2,MCD0081,1,50208,***,25년 삼정검 수여식 행사 용역,용역,MCD,국방부(운영지원과),202411191700,D73BB,주식회사 메가온,MEGAON.CO.LTD.,박경선,024680452,서울특별시 마포구 백범로10길30-0 (신수동),,75800000
395,LFR0015,2,52316,***,"전차 표적지(영점, 고정, 이동) 구매",물품,LFR,육군기계화학교,202411191700,1266F,주식회사 유피앤아이,1,김기업,029218581,서울특별시 도봉구 마들로584 (방학동),65.198,29077010
2,MHD0097,2,48675,***,RDP-A 체결 대비 중소기업 영향성 분석 등 연구,용역,MHD,방위사업청(운영지원과),202411191500,A58C7,산업연구원,KIET,권남훈,0442873114,세종특별자치시  시청대로370-0,,74860000
11,LDH0897,1,50555,***,(자재) 부품제작자재 철판 등 15종 구매,물품,LDH,육군종합정비창,202411191300,K2789,하나상공,,조현영,07088368810,경상남도 창원시 의창구 창이대로187번길61 (봉곡동),88.253,62097692
7,LDH0908,1,52328,***,(자재) 황동봉 등 35종 구매,물품,LDH,육군종합정비창,202411191300,E6419,주식회사 우경엔텍,"WOO KYUNG METAL CO.,LTD",박순성,0513132340,부산광역시 사상구 학감대로177번길19(학장동),88.361,72124690
6,LDH0907,1,52326,***,(자재) 알루미늄용 작업베이스 구매,물품,LDH,육군종합정비창,202411191300,J4F9C,상일상사,,조용경,07077666240,경상남도 창원시 마산회원구 합포로274 (양덕동) 401호,88.806,7888171
16,LDH0912,1,51550,***,K1전차 베어링 구매,물품,LDH,육군종합정비창,202411191300,HDC98,세진테크,sejinteck,변규익,031-521-2195,"경기도 남양주시 경춘로337번길, 102-1304(도농동,효성 해링턴타워)",88.497,9997200
11,LDH0911,1,51549,***,K1전차 봉합재키트 구매,물품,LDH,육군종합정비창,202411191300,I3063,이든산업,Ideun Industry,박용철,070-4647-0245,부산광역시 강서구 호계로57번길20-0 (죽동동),88.677,8882650
2,LDH0910,1,51547,***,K9자주포 실린더조립체 구매,물품,LDH,육군종합정비창,202411191300,K5061,인성테크,,이주연,051-313-8822,부산광역시 사상구 학감대로123번길40 (학장동),98.783,4708900
2,LDH0906,1,51228,***,(자재) 에폭시프라이머코팅키트 등 2종 구매,물품,LDH,육군종합정비창,202411191300,D0D7C,에스에이치씨피주식회사,SHCP,한향순,0417522186,충청남도 금산군 추부면 한사래길 6(),94.663,26378400
5,LDH0904,1,50877,***,K1전차 베어링 등 2종 구매,물품,LDH,육군종합정비창,202411191300,JBE8B,동백상사,,신종민,051-853-4345,부산광역시 부산진구 진사로48번길42 (개금동) A-232호,88.021,6327600
7,LDH0900,1,50700,***,(자재) 부품제작자재 스프링강판 등 17종 구매,물품,LDH,육군종합정비창,202411191300,MC9DA,운창,,여경숙,010-7338-1106,"대구광역시 북구 구암로65길9, 303동 105호(구암동, 화성그랜드파크)",96.654,96309665
6,LDH0899,1,50698,***,(자재) 부품제작자재 마봉특수강 등 27종 구매,물품,LDH,육군종합정비창,202411191300,E6419,주식회사 우경엔텍,"WOO KYUNG METAL CO.,LTD",박순성,0513132340,부산광역시 사상구 학감대로177번길19(학장동),94.723,34704120
7,LDH0898,1,50697,***,(자재) 부품제작자재 스프링강선 등 39종 구매,물품,LDH,육군종합정비창,202411191300,MB288,원욱,,김선한,010-5502-9269,"경상남도 창원시 성산구 용지로169번길13, 3층 320호(용호동, 라이크빌-1)",91.152,56034158
165,HDL0027,1,52332,***,25년 예성회관 식자재 계약의뢰,물품,HDL,공군제16전투비행단,202411191100,MB59F,(주)돌담축산,,정용석,05177141553,부산광역시 강서구 낙동북로102번길71-0 (강동동),83.107,445287000
16,LHK0066,1,52335,***,24년 VoIP 교환기용 기기인증서 구매 및 설치(재공고),물품,LHK,제2군단,202411191100,G4039,주식회사플러스넷,PLUSNET,김길종,0553145177,경상남도 김해시 호계로559번길17-0 (대성동),88.095,56978280
12,LFT0010,2,48507,***,소형 굴삭기(타이어형) 구매,물품,LFT,육군공병학교,202411191100,G1D4E,현대중장비전남판매(주),HYUNDAI HEAVY INDUSTRY,임승채,0623668611,전라남도 나주시 교원교촌길4-0 (남평읍),93.253,86900000
4,HDF0062,2,51046,***,태백관사 오븐레인지 교체 용역,용역,HDF,공군 제8전투비행단,202411191100,K079C,주식회사 동주설비,,이상오,0336470482,"강원특별자치도 강릉시 청량학동길55번안길37-0 (입암동),201호",97.596,24730000
20,SCG0044,1,50913,***,'24년 해군군악대 정기연주회 대행,용역,SCG,해군본부,202411191100,J14B4,주식회사 팬메이트,,김준석,07042409326,"서울특별시 마포구 성미산로92-0, 3층 좌측(성산동)",88.101,36886539
388,UMM1241,1,51388,***,24-D-00사 지휘통제실 비디오월 구축,물품,UMM,국군재정관리단,202411191100,C70C5,(주)다올씨앤씨,DaolCNC,김승용,0323633470,인천광역시 부평구 부평대로301-0 (청천동) 남광센트렉스 303호,83.001,223066462
2,UMM1242,1,51371,***,24-N-원격통합통신체계 구축 등 7건 금융리스,물품,UMM,국군재정관리단,202411191100,M501B,미래에셋캐피탈(주),,이만희,027879295,"서울특별시 중구 을지로5길26, 6층 (수하동, 미래에셋센터원 웨스트타워)",97.1,25820064300
51,UMM1254,1,49525,***,(24G066-H)정보통신장비 통합유지보수용역,용역,UMM,국군재정관리단,202411191100,B28EB,주식회사 케이원,,손기봉,028535250,"서울특별시 금천구 가산디지털2로14,  14층 1405, 1406호(가산동)",78.152,872959000
1446,UMM1255,1,48023,***,(247375-D) 초음파 수술 흡인기 구매,물품,UMM,국군재정관리단,202411191100,I93CA,드림북,dream book,임인자,01081928894,세종특별자치시  조치원읍 새내12길54 223호,87.995,164054430
10,UMM1073,2,39328,***,(24F192-I) 군 사격장 소음영향도 조사용역,용역,UMM,국군재정관리단,202411191100,FF4F4,주식회사 엔브이티,NVT,정태량,0222315543,"서울특별시 중구 동호로7길41, 2층(신당동)",87.071,173700000
1039,UAC0054,1,52401,***,스마트 북 제작 플랫폼 구매,물품,UAC,국방출판지원단,202411191100,IE8CA,지니하우스,,고혜진,01036658679,서울특별시 관악구 청룡10길45 (봉천동) 105동 1502호,87.996,155294350
1435,SCG0043,1,52242,***,진술녹화시스템 구매(설치),물품,SCG,해군본부,202411191100,K6FBD,준유통,,김민경,01063769490,"강원특별자치도 강릉시 선수촌로113 (유천동, 엘에이치선수촌8단지)",87.995,7823490
1333,SCG0042,1,52234,***,현장수사용 휴대용프린터 등 20종 구매,물품,SCG,해군본부,202411191100,K78AF,비율,,김보리,070-4001-7630,"경기도 시흥시 월곶중앙로48-0 , 1501호(월곶동, 월곶동 유호 NPLUS VILLE)",87.995,37119240
4932,SCG0041,1,51093,***,3단 완전자동우산 구매,물품,SCG,해군본부,202411191100,LD72F,한국바이오랩,,하성림,010-6329-5701,경기도 고양시 덕양구 통일로542번길91-0 (대자동) A동,87.995,14406515
5,MCD0063,3,39803,***,사례분석을 통한 對아세안 국방협력 발전방안 연구,용역,MCD,국방부(운영지원과),202411191100,EA823,재단법인 세종연구소,The Sejong Foundation,이용준,027396760,서울특별시 종로구 율곡로2길25-0 (수송동) 연합뉴스빌딩 6층,,69000000
115,HFK0035,1,52212,***,'24년 수성회관 식자재 371종 구매,물품,HFK,제1방공유도탄여단,202411191100,E9DB3,수민,soomin,장형선,0553254522,경상남도 김해시 율하로270-61 (율하동),83.181,226410500
21,LDG0094,1,51683,***,24-2차 탄약폐기물(폐목재) 위탁처리 용역,용역,LDG,육군 탄약지원사령부,202411191030,K0BBC,주식회사 효산에너지,,성준,0313580616,경기도 화성시 장안면 포승장안로1032,84.348,74156099
169,HCG0053,1,52637,***,'24년 공군 월력 후가공 제작,물품,HCG,공군본부,202411191030,BA6E0,금양문화사,KumYang Design and Printing,김상섭,0222632231,서울특별시 중구 을지로18길39-17 (인현동1가),88.014,32830300
4,LKF0080,1,52128,***,122-5대대 유휴시설 철거공사 석면농도측정,용역,LKF,제6755부대,202411191030,LCE9A,주식회사 다솔석면연구소,,배인선,0545360042,"경상북도 상주시 경상대로2559, 202호 (가장동, 경북대학교 상주캠퍼스 산학협력종합지원관)",88.848,1126304
425,LKH0043,1,52463,***,119-4대대 더 좋은 병영식당 취사기구류 구매,물품,LKH,제6128부대,202411191030,MF7E0,지호상사,,송범호,0547273320,"경상남도 창원시 마산회원구 3·15대로732, 4층 4280호(합성동, 남산빌딩)",88.005,13433856
569,SCK0152,1,52441,***,24-00단 생활관 매트리스 세척 및 소독용역,용역,SCK,해군교육사령부,202411191030,CDB34,(주) 대성공사,daesung,양지원,0534241926,"대구광역시 중구 경상감영길 54, 쌍용빌딩2층(서문로1가)",90,29713227
5783,LKQ0031,1,52423,***,4분기 실습재료 물품 구매,물품,LKQ,육군항공학교,202411191030,IBD7E,더제이원(THE J-ONE),,신지현,01095280927,"경기도 고양시 일산서구 현중로64, 603동 604호(탄현동, 탄현마을)",88.001,20785000
464,SFG0121,1,52414,***,가정용 일체형 세탁건조기 구매 설치,물품,SFG,제9181부대,202411191030,HB532,주식회사아람송,,장정희,0328130844,"인천광역시 남동구 능허대로649번길83,  2층 (고잔동)",88.006,83953499
3813,LCZ0033,1,52575,***,24년 00부대 치장창고 물자 구매(고소작업대 등 6종),물품,LCZ,동원전력사령부,202411191030,LD7CF,에프엠지제이,,김은화,01076370235,"대구광역시 남구 대명복개로4길109-3, 401호(대명동, 라이프빌)",88,74723775
32,SCP0113,1,52536,***,대용량 종이컵 등 171종 구매,물품,SCP,제8385부대,202411191030,KAA71,현대상사,,김영락,01052181431,강원특별자치도 동해시 부곡6길6(부곡동),88.014,6829170
3,LFH0016,1,52496,***,에어컨 유지 및 관리 용역,용역,LFH,육군부사관학교,202411191030,G161F,유한회사 서동환경,(Yu) sudonghankung,장정순,0638413999,"전북특별자치도 익산시 인북로46길11-0 (영등동, 주택)",88.346,8610932
11,LGT0090,1,51720,***,'24년 후반기 소방시설점검 용역(24-GS-45),용역,LGT,제2307부대,202411191030,J535E,(주)가람소방,,최순남,0336423119,"강원특별자치도 강릉시 화부산로14, 2층(교동) 202호",88.094,13426500
475,LMR0060,1,52537,***,전차 주간표적지 구매,물품,LMR,제5군단사령부,202411191030,IC12B,레드박스,,장미영,01067430301,"경기도 안양시 동안구 경수대로462, 217동 804호 (호계동, 호계2차현대홈타운)",88.011,30414580
178,SFD0103,1,52563,***,고압세척기호스등 637품목 구매,물품,SFD,제9227부대,202411191030,KD763,이성우-성도종합중기,,이성우,0542473500,경상북도 포항시 북구 새마을로8 (용흥동),88.009,60442260
16,HCC0163,1,52565,***,도어락 등 34품목(24049),물품,HCC,해군제1수리창,202411191030,L9BFF,산들산업,,김언지,070-8870-0072,강원특별자치도 동해시 논산길16-0 (묵호진동),88.039,9166126
1341,SDF0169,1,52464,***,필라델피아 등 41종 구매,물품,SDF,제5738부대,202411191030,M3551,모닝,,강길모,01092531248,"인천광역시 남동구 호구포로779, 2층 209호(구월동)",88.004,21422124
33,HCC0162,1,52556,***,수세미 등 360품목(281),물품,HCC,해군제1수리창,202411191030,KC052,환희,,심환희,01095929543,강원특별자치도 동해시 송정1길23(송정동),88.058,8307151
235,LGC0035,1,52503,***,24년 동계 교육훈련 물품(장갑 등) 구매,물품,LGC,육군학생군사학교,202411191030,I403E,테크원,"Techone co.,ltd",우창승,01097974670,충청북도 청주시 흥덕구 덕암로47번길47-0 (봉명동),88.011,35900740
163,LHP0052,1,52507,***,'24년 기타유지물자(이동식 안전사다리) 구매,물품,LHP,제22보병사단,202411191030,JFD62,강원물류상사,,송명숙,01085051094,"강원특별자치도 춘천시 동면 소양강로363, 1층",88.011,9085790
54,SCF1021,1,51211,001,돼지등갈비(냉동) 구매,물품,SCF,해군군수사령부,202411191030,M609C,주식회사 통영해인,,이정대,03180397023,"경상남도 통영시 광도면 죽림2로14-16, 403호",88.007,8906
60,SCF1020,1,51204,001,대패삼겹살(냉동) 구매,물품,SCF,해군군수사령부,202411191030,M03A3,새싹,,곽미선,0553264177,경상남도 김해시 분성로707번길48(지내동),87.999,10402
58,SCF1019,1,51200,001,돼지삼겹살(냉동)구매,물품,SCF,해군군수사령부,202411191030,J6B8D,휘휘F&B,,김정희,01020268185,"경상남도 창원시 의창구 북면 월계길9번길9-2, 1동 A호",88.034,10340
51,SCF1003,1,51197,001,돼지등뼈(냉동) 구매,물품,SCF,해군군수사령부,202411191030,L7026,영진식자재,,권영희,010-9331-7380,경상남도 창원시 진해구 조천북로62-0 (경화동) 101호,88.331,3390
52,SCF1004,1,51167,001,LA돼지갈비(냉동) 구매,물품,SCF,해군군수사령부,202411191030,H3C83,주식회사 프라임푸드시스템,primefood,허두임,0555523375,경상남도 창원시 진해구 안골로285번길12-1 (안골동),88.076,9030
55,SCF1006,1,51152,001,돼지목심(냉동) 구매,물품,SCF,해군군수사령부,202411191030,J6B8D,휘휘F&B,,김정희,01020268185,"경상남도 창원시 의창구 북면 월계길9번길9-2, 1동 A호",88.018,15511
52,SCF1007,1,51137,001,부챗살(냉동/덩어리) 구매,물품,SCF,해군군수사령부,202411191030,I3CEE,주식회사 마루유통,maroo,김영태,01038467423,경상남도 의령군 정곡면 성황로1길41-4,88.019,22107.24
57,SCF1008,2,51071,001,살치살(냉동/덩어리) 구매,물품,SCF,해군군수사령부,202411191030,MFFA1,에이스유통,,양영호,010-8254-2550,"경상남도 창원시 진해구 충무로23, 상가1동 지하1층 비105호(신흥동, 블루빌)",88.039,29997.5
57,SCF1008,1,51071,001,살치살(냉동/덩어리) 구매,물품,SCF,해군군수사령부,202411191030,MFFA1,에이스유통,,양영호,010-8254-2550,"경상남도 창원시 진해구 충무로23, 상가1동 지하1층 비105호(신흥동, 블루빌)",88.039,29997.5
56,SCF1018,1,51064,001,부챗살(냉동/스테이크용) 구매,물품,SCF,해군군수사령부,202411191030,EB8EE,농업회사법인 주식회사 세명축산,saemyong,권호숙,0557412142,경상남도 진주시 명석면 판문로508,87.995,22519
52,SCF1017,1,51061,001,살치살(냉동/스테이크용) 구매,물품,SCF,해군군수사령부,202411191030,LE553,농업회사법인 현대씨앤에프 주식회사,,한광희,0557625188,경상남도 진주시 지수면 청담길175번길16-16 농업회사법인 현대씨앤에프 주식회사,88.138,33126
395,LFR0015,1,52316,***,"전차 표적지(영점, 고정, 이동) 구매",물품,LFR,육군기계화학교,202411191030,1266F,주식회사 유피앤아이,1,김기업,029218581,서울특별시 도봉구 마들로584 (방학동),65.198,29077010
13,SFC0131,2,48155,***,24-덕-달력 후가공(벽걸이) 제작 구매,물품,SFC,제9691부대,202411191030,E6743,대전인재사,DAEJEONINJAESA,고인곤,0422228538,대전광역시 동구 선화로 212(),88.047,23779920
29,SCF1033,1,52417,001,모듬해물 구매,물품,SCF,해군군수사령부,202411191030,FB41E,주식회사 류홀마트,new consulting,양미숙,055-546-0841,"경상남도 창원시 진해구 충무로23-0 (신흥동, 블루빌)",88.38,8302.5
2974,SCF1032,1,51481,***,라쳇 핸들 등 164종 구매,물품,SCF,해군군수사령부,202411191030,J1CDC,백제기업,,백진영,01074493999,"충청남도 천안시 동남구 청수로99-0 102동 1203호 (청수동,극동아파트)",87.998,26664900
35,SCF1034,1,51406,001,떠먹는발효유 구매,물품,SCF,해군군수사령부,202411191030,FB41E,주식회사 류홀마트,new consulting,양미숙,055-546-0841,"경상남도 창원시 진해구 충무로23-0 (신흥동, 블루빌)",88.173,515.5
39,SCF1030,1,51399,001,비엔나소시지 구매,물품,SCF,해군군수사령부,202411191030,MFFA1,에이스유통,,양영호,010-8254-2550,"경상남도 창원시 진해구 충무로23, 상가1동 지하1층 비105호(신흥동, 블루빌)",88.335,8553.5
37,SCF1029,1,51397,001,체다슬라이스치즈 구매,물품,SCF,해군군수사령부,202411191030,M03A3,새싹,,곽미선,0553264177,경상남도 김해시 분성로707번길48(지내동),88.023,3888.8
36,SCF1028,1,51392,001,포장족발(슬라이스) 구매,물품,SCF,해군군수사령부,202411191030,I431B,주식회사 이레유통,irae,강승미,01096466322,경상남도 의령군 정곡면 성황로1길41-4,88.043,18066.89
46,SCF1027,1,51390,001,순살햄 구매,물품,SCF,해군군수사령부,202411191030,N01B7,동부팜,,김외련,010-6225-3413,"경상남도 창원시 진해구 동진로138, 지하층 100-4호(덕산동, 송림홈타운)",88.011,10877
36,SCF1026,1,51385,001,카스타드 구매,물품,SCF,해군군수사령부,202411191030,MCCAF,더클래식,,임은미,0553372535,경상남도 김해시 칠산로307-14 (화목동),88.032,328.07
29,SCF1025,1,51379,001,단무지 구매,물품,SCF,해군군수사령부,202411191030,D7C93,농협김치영업소,nonghyupkimchiyoungoupso,박영미,0555447669,"경상남도 창원시 진해구 명제로484번길14, 1층 (제덕동)",88.164,5532.5
27,SCF1024,1,51376,001,요구르트 구매,물품,SCF,해군군수사령부,202411191030,K5B94,핸드메이드 초대점,,강명신,010-8000-0811,경상남도 창원시 진해구 진해대로762 (석동) 1층 127,88.093,129.4
54,SCF1021,2,51211,001,돼지등갈비(냉동) 구매,물품,SCF,해군군수사령부,202411191030,M609C,주식회사 통영해인,,이정대,03180397023,"경상남도 통영시 광도면 죽림2로14-16, 403호",88.007,8906
60,SCF1020,2,51204,001,대패삼겹살(냉동) 구매,물품,SCF,해군군수사령부,202411191030,M03A3,새싹,,곽미선,0553264177,경상남도 김해시 분성로707번길48(지내동),87.999,10402
58,SCF1019,2,51200,001,돼지삼겹살(냉동)구매,물품,SCF,해군군수사령부,202411191030,J6B8D,휘휘F&B,,김정희,01020268185,"경상남도 창원시 의창구 북면 월계길9번길9-2, 1동 A호",88.034,10340
51,SCF1003,2,51197,001,돼지등뼈(냉동) 구매,물품,SCF,해군군수사령부,202411191030,L7026,영진식자재,,권영희,010-9331-7380,경상남도 창원시 진해구 조천북로62-0 (경화동) 101호,88.331,3390
52,SCF1004,2,51167,001,LA돼지갈비(냉동) 구매,물품,SCF,해군군수사령부,202411191030,H3C83,주식회사 프라임푸드시스템,primefood,허두임,0555523375,경상남도 창원시 진해구 안골로285번길12-1 (안골동),88.076,9030
45,SCF1005,1,51159,001,냉동수육용삼겹살 구매,물품,SCF,해군군수사령부,202411191030,I3CEE,주식회사 마루유통,maroo,김영태,01038467423,경상남도 의령군 정곡면 성황로1길41-4,87.995,17158.77
55,SCF1006,2,51152,001,돼지목심(냉동) 구매,물품,SCF,해군군수사령부,202411191030,J6B8D,휘휘F&B,,김정희,01020268185,"경상남도 창원시 의창구 북면 월계길9번길9-2, 1동 A호",88.018,15511
52,SCF1007,2,51137,001,부챗살(냉동/덩어리) 구매,물품,SCF,해군군수사령부,202411191030,I3CEE,주식회사 마루유통,maroo,김영태,01038467423,경상남도 의령군 정곡면 성황로1길41-4,88.019,22107.24
57,SCF1008,3,51071,001,살치살(냉동/덩어리) 구매,물품,SCF,해군군수사령부,202411191030,MFFA1,에이스유통,,양영호,010-8254-2550,"경상남도 창원시 진해구 충무로23, 상가1동 지하1층 비105호(신흥동, 블루빌)",88.039,29997.5
56,SCF1018,2,51064,001,부챗살(냉동/스테이크용) 구매,물품,SCF,해군군수사령부,202411191030,EB8EE,농업회사법인 주식회사 세명축산,saemyong,권호숙,0557412142,경상남도 진주시 명석면 판문로508,87.995,22519
52,SCF1017,2,51061,001,살치살(냉동/스테이크용) 구매,물품,SCF,해군군수사령부,202411191030,LE553,농업회사법인 현대씨앤에프 주식회사,,한광희,0557625188,경상남도 진주시 지수면 청담길175번길16-16 농업회사법인 현대씨앤에프 주식회사,88.138,33126
48,SCF1016,1,51056,001,소갈비(냉동/갈비탕용)  구매,물품,SCF,해군군수사령부,202411191030,N01B7,동부팜,,김외련,010-6225-3413,"경상남도 창원시 진해구 동진로138, 지하층 100-4호(덕산동, 송림홈타운)",88.01,13663
52,SCF1015,1,51048,001,소갈비순살(냉동/슬라이스) 구매,물품,SCF,해군군수사령부,202411191030,I431B,주식회사 이레유통,irae,강승미,01096466322,경상남도 의령군 정곡면 성황로1길41-4,88.018,19854.29
60,SCF1014,1,51042,001,차돌박이(냉동/슬라이스) 구매,물품,SCF,해군군수사령부,202411191030,KA620,오케이팜,,오세옥,0556073058,경상남도 창원시 진해구 안청남로6번길8-1 (안골동) 1층,88.1,20666
48,SCF1013,1,51034,001,LA갈비(냉동) 구매,물품,SCF,해군군수사령부,202411191030,G4B3D,주식회사 광성식품,kwangseongfoods,김현수,03180397023,경상남도 양산시 산막공단남8길20-0 (호계동),88.049,22474
40,SCF1012,1,51030,001,김말이튀김 구매,물품,SCF,해군군수사령부,202411191030,K5B55,주식회사 늘찬푸드,,오현석,0553434002,경상남도 김해시 진영읍 서부로218번길24-0,88.005,4584
33,SCF1011,1,51027,001,오징어튀김 구매,물품,SCF,해군군수사령부,202411191030,K5B94,핸드메이드 초대점,,강명신,010-8000-0811,경상남도 창원시 진해구 진해대로762 (석동) 1층 127,88.075,10594
29,SCF1010,1,51022,001,야채튀김 구매,물품,SCF,해군군수사령부,202411191030,H295B,주식회사 금오식품,keumofood,문기윤,0555521723,경상남도 창원시 진해구 명제로484번길14(제덕동),88.203,10798.5
29,SCF1009,1,51012,001,고구마튀김 구매,물품,SCF,해군군수사령부,202411191030,J1559,행복유통,,이윤영,055-546-0842,경상남도 창원시 진해구 태평로48번길2-0 (태평동)1층,88.084,6187.5
48,SCF1001,1,50417,001,"워터젤리(과채음료, 혼합음료, 캔디류) 구매",물품,SCF,해군군수사령부,202411191030,K5B55,주식회사 늘찬푸드,,오현석,0553434002,경상남도 김해시 진영읍 서부로218번길24-0,88.017,782.6
41,SCF1000,1,50401,001,과일푸딩(캔디류) 구매,물품,SCF,해군군수사령부,202411191030,IF555,류홀마트(합포점),,최정임,055-221-6798,경상남도 창원시 마산합포구 문화동로1-0 (월포동),88.03,521.6
52,SCF0993,1,50293,001,짜먹는 발효유(발효유류) 구매,물품,SCF,해군군수사령부,202411191030,K5B94,핸드메이드 초대점,,강명신,010-8000-0811,경상남도 창원시 진해구 진해대로762 (석동) 1층 127,88.034,345
49,SCF0992,1,50276,001,마시는 발효유(발효유류) 구매,물품,SCF,해군군수사령부,202411191030,L7026,영진식자재,,권영희,010-9331-7380,경상남도 창원시 진해구 조천북로62-0 (경화동) 101호,88.489,650
48,SCF0994,1,50269,001,떠먹는 발효유(발효유류),물품,SCF,해군군수사령부,202411191030,G1EEC,지(g)-마트,G-mart,송낙천,0555523355,"경상남도 창원시 진해구 조천북로62 105(경화동,하이존상가 105~107)",88.333,560
40,SCF0991,1,50262,001,찹쌀떡 아이스크림,물품,SCF,해군군수사령부,202411191030,I3E62,주식회사 온누리유통,onnuri,정만섭,01065606322,경상남도 의령군 정곡면 성황로1길41-4,88.029,937.45
40,SCF0990,1,50244,001,팩형 아이스크림 구매,물품,SCF,해군군수사령부,202411191030,H295B,주식회사 금오식품,keumofood,문기윤,0555521723,경상남도 창원시 진해구 명제로484번길14(제덕동),88.057,932.3
39,SCF0996,1,50236,001,샌드형 아이스크림,물품,SCF,해군군수사령부,202411191030,ID6DF,백곰유통,,홍한표,01087766646,"경상남도 통영시 중앙로34 (도천동, 만복도천비치맨션2차)1층8호",88.448,923.67
36,SCF0997,1,50231,001,컵형 아이스크림 구매,물품,SCF,해군군수사령부,202411191030,L7026,영진식자재,,권영희,010-9331-7380,경상남도 창원시 진해구 조천북로62-0 (경화동) 101호,88.283,2100
40,SCF0998,1,50226,001,콘형 아이스크림 구매,물품,SCF,해군군수사령부,202411191030,ID6DF,백곰유통,,홍한표,01087766646,"경상남도 통영시 중앙로34 (도천동, 만복도천비치맨션2차)1층8호",88.199,898.35
50,SCF0995,1,50221,001,이온음료(혼합음료류),물품,SCF,해군군수사령부,202411191030,H3C83,주식회사 프라임푸드시스템,primefood,허두임,0555523375,경상남도 창원시 진해구 안골로285번길12-1 (안골동),88.009,584.2
393,SCF1023,1,46899,***,"회전자씰, 축용 등 3종 구매",물품,SCF,해군군수사령부,202411191030,I11F4,화성엔지니어링,HWASUNG ENGINEERING CO,한기관,052-224-7061,울산광역시 중구 다운5길14-4 (다운동),91.102,114000000
8,SCF0968,2,43183,***,DDG RCS 차폐막 정비,물품,SCF,해군군수사령부,202411191030,BFD14,(주)테크플라워,"TECH FLOWER CO., LTD",김종철,0513208222,부산광역시 사상구 대동로303-0 (감전동),84.871,1368820200
483,SCF0851,2,39065,***,"펌프, 회전식 등 1종 구매",물품,SCF,해군군수사령부,202411191030,GDF11,효성종합 주식회사,"HYO SUNG GENERAL CO., Ltd.",김영환,0318611285,경기도 양주시 광적면 현석로117-14,88.342,102300000
7,MDR0068,1,51804,***,0000부대 특수요원 모집 영상 제작,용역,MDR,제9965부대,202411191030,J3C9A,주식회사 비씨디이엔씨,,이희윤,0318772016,"경기도 양주시 광적면 부흥로847, 431호(경기벤처타운)",88.003,28380000
15,MCX0066,1,52224,***,24-자운대지역 기계설비성능점검 용역,용역,MCX,자운대근무지원연대,202411191030,D70EC,(주)현대관리공사,"H,D",최윤예,0424710458,대전광역시 유성구 교촌로6번길37-18 (교촌동),87.766,182891000
326,LPN0024,1,52286,***,25년 군 주거시설 도배장판 설치납품(화성권역),물품,LPN,수도군단,202411191030,J5C55,잡스,,경도현,01053950336,"경기도 여주시 가남읍 일신로29, 상가동 3층 301호",82.999,233756378
509,LPN0023,1,52261,***,25년 군 주거시설 도배장판 설치납품(인천/김포),물품,LPN,수도군단,202411191030,K6931,찐(JJIN),,김형은,01096399833,"경기도 부천시 도약로146 (중동, 덕유마을주공아파트) 209동 1502호",82.999,237668220
18,LNH0016,1,52325,***,'24-1차 굴삭기 어테치먼트 및 버켓 구매(제조),물품,LNH,육군제7163부대,202411181130,IE08C,미소테크,,차미경,01063237833,경기도 고양시 일산서구 탄현로80-0 (탄현동),88.012,38248270
9,HCQ0082,1,47651,***,24-215 엑스선기 600MA 디지털 TFT식 등 1종,물품,HCQ,공군제5공중기동비행단,202411181100,BFF9B,(주)디알젬,DRGEM Corporation,박정병,07088902378,"경기도 광명시 하안로60-0 (소하동, 광명테크노파크) E동 7층",83.108,193387700
38,LHG0054,1,52314,***,굴삭기 어태치먼트(수목파쇄기) 구매,물품,LHG,제1862부대,202411181100,KECA2,창전동,,정용민,01092913128,강원특별자치도 원주시 중앙로86-0 (중앙동) 2층 203호,88.018,22803346
21,LHM0110,1,52219,***,24년 더 좋은 병영식당 물품구매(38-1대대)(2차),물품,LHM,제15보병사단,202411181100,KAF35,주니컴퍼니,,윤인혜,010-8363-3524,강원특별자치도 화천군 화천읍 산수화로2길21-5,88.023,28528980
20,MDK0064,1,52076,***,'24-5차 청해부대 재보급물자 수송관리용역,용역,MDK,국군수송사령부,202411181100,C8440,주식회사 천일로직스,chunil logics,김규달,0426321001,"대전광역시 동구 한밭대로1301, 엔에스빌딩 제1동, 301호(용전동)",88.334,38573300
3,UMM1245,1,51410,***,(24G280-A내부망 웹메일 및 메신저 노후교체 금융리스,물품,UMM,국군재정관리단,202411181100,B179B,롯데캐피탈(주),LOTTE CAPITAL,추광식,0234510099,"서울특별시 강남구 테헤란로 142(역삼동, ARC PLACE) 7층",98.694,227382250
3,UMM1244,1,51400,***,(24F292-A) 24-2차 정보화사업 통합금융리스,물품,UMM,국군재정관리단,202411181100,M501B,미래에셋캐피탈(주),,이만희,027879295,"서울특별시 중구 을지로5길26, 6층 (수하동, 미래에셋센터원 웨스트타워)",97.134,6183926150
6,LCK0047,1,52196,***,[일반-24-213] 대테러초동조치부대 물자 구매 2차,물품,LCK,수도방위사령부,202411181030,F8CB4,주식회사 플라이쿱,flyqup,김기선,027427539,서울특별시 성동구 동일로287(송정동) 플라이쿱빌딩,84.154,175417500
269,DSS0062,1,52223,***,전산운영용품(잉크 및 드럼) 구매,물품,DSS,국군제1068부대,202411181030,G7627,주식회사 태광종합관리,tae kwang,김에스더,07050145430,경기도 안산시 단원구 광덕2로50-3 (초지동) 2층,88.007,5973820
18,SCH0177,1,52235,***,24-1-25호 병영도서 72종 구매,물품,SCH,해군작전사령부,202411181030,H751B,진성,ZinSung,신진업,070-8870-0072,경상남도 창원시 의창구 대산면 봉강가술로519-0 번지,90.043,1470317
25,SDF0168,1,52305,***,열화상 카메라,물품,SDF,제5738부대,202411181030,M7D4B,코코스토어,,최수민,01037984035,광주광역시 광산구 첨단중앙로47번길3 (월계동) 201호,88.02,968105
33,SDF0167,1,52300,***,도서(계기비행 조종사 표준교재 등 22종) 구매,물품,SDF,제5738부대,202411181030,L12D9,소망돌,,장민정,07082852302,"경상북도 포항시 남구 상도로8번길19-7, 302호(상도동)",90.017,1096492
84,SDF0166,1,52229,***,활주로 액상 제설제 등 16종 구매,물품,SDF,제5738부대,202411181030,L73C5,정무역,,김미숙,0226640275,서울특별시 강서구 금낭화로135-0 (방화동),88.01,14096800
7,MCX0064,1,52216,***,24-6차 소방시설 점검용역,용역,MCX,자운대근무지원연대,202411181030,C4FA2,주식회사 태정방재,taejungjbanggai,김정문,0428253027,대전광역시 유성구 유성대로736번길 58 지하102호(장대동),88.274,19747170
443,SDG0056,1,52217,***,혼합음료 등 3종 구매,물품,SDG,제2002부대,202411181030,M77E1,주식회사 극동 아이.씨.엠,,이영심,07076182002,"인천광역시 남동구 은청로4-7, 비동 2층 224호(고잔동, 남동공단산업용품상가)",88.005,18400709
7,LKF0076,1,52122,***,120-4대대 유휴시설 철거공사 재해예방기술지도,용역,LKF,제6755부대,202411181030,M9F4D,(주)신경북안전컨설팅,,전선정,0547050003,경상북도 경주시 현곡면 금장5길15-0,88.03,5425530
196,SDG0055,1,52214,***,씻어나온 쌀 등 11종 구매,물품,SDG,제2002부대,202411181030,LF74E,스튜디오가이,,신재완,01082487203,"인천광역시 남동구 남동대로860-0 (간석동, 간석래미안자이아파트)",88.001,27237171
45,SCK0150,1,52210,***,이동형차양막 등 51종 구매,물품,SCK,해군교육사령부,202411181030,M6E80,제이제이,,노선영,01023171220,"경상남도 창원시 성산구 용지로169번길13, 3층 306호(용호동, 라이크빌-1)",88.051,6841420
6,LKF0075,1,52126,***,122-5대대 유휴시설 철거공사 재해예방기술지도,용역,LKF,제6755부대,202411181030,K111E,주식회사 공감안전컨설팅,,유동훈,0537217897,"경상북도 구미시 야은로740-1 (신평동), 2층",88.003,5452100
23,LGQ0039,1,52045,***,24년 군 주거시설 정기안전점검 용역 계약,용역,LGQ,제36보병사단,202411181030,HDB44,주식회사 흥찬엔지니어링,hengchaneng,배석복,0337473915,강원특별자치도 원주시 건강로17-1 (반곡동) 202호,88.014,35091800
26,LKF0073,1,52120,***,120-4대대 유휴시설 철거공사 석면해체감리용역(상주),용역,LKF,제6755부대,202411181030,B6187,명도건축사사무소,Mung Do,조윤,0544752131,"경상북도 구미시 산호대로32길 5,  6층(옥계동)",88.025,13597260
94,LKF0072,1,52125,***,122-5대대 유휴시설 철거 해체공사 감리용역(상주),용역,LKF,제6755부대,202411181030,J91B7,건축사사무소 명지 주식회사,,김선화,0547770104,"경상북도 안동시 풍천면 천년숲서로15 , 코아루어반스위트 202호",88.005,17286500
97,LKF0070,1,52119,***,120-4대대 유휴시설 철거 해체공사 감리용역(상주),용역,LKF,제6755부대,202411181030,CEA62,Kei 건축사사무소,kei,김은영,0542759411,경상북도 포항시 북구 천마로66-0 (양덕동) 환호빌딩 3층 301호,88.001,23082680
402,HDG0032,1,52187,***,24-198 후방카메라 등 5품목 구매,물품,HDG,공군제10전투비행단,202411181030,K0313,제이브릿지,,윤장호,01048472709,"경기도 구리시 동구릉로103번길61, 103동 2201호",88,22658250
138,SCN0190,1,52004,***,의무물자(1cc 1회용 주사기 등 64종)구매,물품,SCN,제7001부대,202411181030,M7A3A,유한회사 골드,,안준영,07086574125,전라남도 여수시 한재로116-0 (봉강동) 1층,88.014,27852620
263,SCI0126,1,52099,***,낮은접시머리 별렌치 등 8종 구매,물품,SCI,제9121부대,202411181030,M1935,앤즈,,김정학,01083964860,경상남도 창원시 의창구 창이대로321번길18-1 (봉곡동),88.002,22541150
316,LMH0074,1,52324,***,[B225] 동원베네스트 8세대 도배장판 설치납품,물품,LMH,제7군단,202411181030,G75B6,주식회사 비아트,BIART,복기탁,0315276070,경기도 남양주시 화도읍 재재기로71번길84 2층,88.008,24642180
1753,LMH0073,1,52322,***,[B224] 군 주거시설 동계물품 구매,물품,LMH,제7군단,202411181030,LE3C7,수영지,,최정윤,01032234284,"경기도 고양시 일산동구 위시티3로111 (식사동, 일산자이3차)  208동2403호",88,17054228
24,LMH0072,1,52320,***,[B223] 정신전력교육용 조명장비 설치납품,물품,LMH,제7군단,202411181030,M8C6D,주식회사 아리코퍼레이션,,김미영,01074940580,"경기도 김포시 고촌읍 장차로1, 1동 704호(범영빌딩)",88.091,4386250
77,SCI0125,1,51624,***,미니 수정테이프 등 113종 구매,물품,SCI,제9121부대,202411181030,HE871,주식회사 복은,BOKEUN,김령은,01044011789,"경상남도 창원시 진해구 용원북로17번길15-0 (용원동, 가온빌 101호)",88.037,4131120
32,LBA0073,1,52005,***,'24년 파레트 캐리어 구매,물품,LBA,제 2167부대,202411181030,KAC2C,트라치,,정준,01099059808,경기도 포천시 소흘읍 호국로287번길9-24 22-208호,88.174,25819550
182,SFM0092,1,51981,***,스텐평식기 등 2품목 구매,물품,SFM,제3170부대,202411181030,MF91A,월포카페 11월,,박정미,01041945225,"경상북도 포항시 북구 청하면 월포로143, 나동",88,55799570
6,LKF0077,1,52124,***,120-4대대 유휴시설 철거 석면해체 재해예방기술지도,용역,LKF,제6755부대,202411181030,M9F4D,(주)신경북안전컨설팅,,전선정,0547050003,경상북도 경주시 현곡면 금장5길15-0,88.023,1921160
227,SCI0127,1,52138,***,알루미늄 사각파이프 등 7종 구매,물품,SCI,제9121부대,202411181030,MFFA1,에이스유통,,양영호,010-8254-2550,"경상남도 창원시 진해구 충무로23, 상가1동 지하1층 비105호(신흥동, 블루빌)",88.005,13050150
2,MDG0222,1,49114,***,25년 방사선 선량계 판독 용역,용역,MDG,국군의무사령부,202411151630,B2799,주식회사 일진라드,,정영근,025410975,서울특별시 강남구 선릉로111길36 (논현동),88.896,13501000
2,MCD0080,1,49456,***,사회변화를 반영한 군 일하는 문화 개선방안,용역,MCD,국방부(운영지원과),202411151600,GF8AD,사단법인 한국국가전략연구원,KRINS,한민구,027989555,"서울특별시 용산구 한강대로62길41, 3층 (한강로1가)",,38500000
3,MCD0079,1,49457,***,'24년 국방 지능정보화 컨퍼런스 행사용역,용역,MCD,국방부(운영지원과),202411151600,IDE7E,주식회사 엠플레넷,,민병유,07042457740,서울특별시 강서구 마곡중앙로161-8 (마곡동) 두산더랜드파크 B동 610호,,94102668
4,EBB0348,1,8520A,***,신형 소대급 교전훈련장비체계,물품,EBB,지상공통전력운영계약팀,202411151100,B9E1E,(주)네스랩,NESSLAB,이재호,0428671081,대전광역시 유성구 테크노2로 194(),84.217,18057853000
424,LNT0037,1,51807,***,'24년 후반기 민간인력 제초관리용역,용역,LNT,제28보병사단,202411151100,GB524,상상조경(주),sangsang landscape,박태진,0315480074,경기도 용인시 기흥구 흥덕1로79번길2 (영덕동) 404호,88.031,21596340
90,LDA0088,1,51898,***,(C035) 00부대 기계설비성능점검 용역,용역,LDA,지상작전사령부,202411151100,DC348,백두이앤씨 주식회사,BAEK-DU Engineering&Construction,조정미,023030415,"경기도 고양시 덕양구 삼송로257-4, 2층(지축동, 서원빌딩)",88.009,27027632
3,UMM1238,1,50873,***,(24G275-I) 대테러 RF기동영상전송장비 리스,물품,UMM,국군재정관리단,202411151100,B179B,롯데캐피탈(주),LOTTE CAPITAL,추광식,0234510099,"서울특별시 강남구 테헤란로 142(역삼동, ARC PLACE) 7층",98.012,256135030
3,UMM1218,2,46377,***,"(24G278-A) 25년 위례 출,퇴근버스 임차용역",용역,UMM,국군재정관리단,202411151100,JA5AB,더조은여행사주식회사,,이민규,031-562-4401,경기도 양평군 양평읍 미리내길178,99.985,77149000
1577,SCG0040,1,50083,***,이동식 속도측정기 구매,물품,SCG,해군본부,202411151100,LF23E,나라상사,,민승원,01062038516,"경기도 김포시 김포대로926번길15, 316동 1103호 (북변동, 풍년마을서광신안아파트))",87.995,43535660
2990,SCG0039,1,50082,***,모니터 스피커 등 12종 구매,물품,SCG,해군본부,202411151100,K7A6B,홍해,,심보혜,01071777486,강원특별자치도 원주시 우산공단길129-10 (우산동),87.995,41809400
397,LHN0079,1,51536,***,주둔지 경계용 CCTV 구매 및 설치,물품,LHN,제7보병사단,202411151030,HFA18,주식회사 월드씨엔에스,"World CNS, INC.",조성현,0262997245,"경기도 광명시 새빛공원로67, 비동 1813호 1814호 1815호 309호 905호(일직동, 광명역 자이타워)",87.999,61571407
34,SCR0114,1,50548,***,24-취사장(심학관 등 10개소) 청소 용역,용역,SCR,해군제3함대사령부,202411151030,J024F,해선,,박지영,0615426580,전라남도 무안군 삼향읍 삼향로88-0  406호,90.066,17248490
23,UHC0031,1,51688,***,24-2여-대13 관사보일러 설치납품,물품,UHC,공군 작사예하 방포사예하 제2여단,202411151030,GC42D,주식회사 신한도시가스,shinhan,오수정,0413573130,충청남도 당진시 먹거리길80-22,88.169,68562142
29,LNQ0040,1,51811,***,송0 실내사격장 피탄지 교체 설치납품,물품,LNQ,제17보병사단,202411151030,I12CD,주성엠에스,jusung m/s,이선호,01054936260,"경기도 파주시 파주읍 봉암길223, 1동",88.529,25260500
45,SCL0049,1,51694,***,공기청정기 필터 구매,물품,SCL,해군사관학교,202411151030,BAE03,동주산업,DONG JU INDUSTRIES,전구근,031-976-5832,경기도 고양시 일산동구 문봉길62번길10-27 (문봉동),88.02,5938800
647,LPG0031,1,51866,***,경고방송용 확성기 구매 및 설치,물품,LPG,제5보병사단,202411151030,G25F9,(주)북차카,Wisdommall,서정환,07040704028,경기도 고양시 일산동구 일산로138-0 (백석동) 414호,88,26515212
5,SCU0071,1,51827,***,'24~27-ㅇ전단 함정 식기세척기 4대(4개소) 임차,용역,SCU,해군 기동함대사령부,202411151030,J501B,매직토탈,,김덕수,0316333002,경기도 이천시 서희로7-15 (중리동),88.064,24179879
21,SEE0053,1,51712,***,24-J-3종 시설물 정기안전점검 용역,용역,SEE,제9해병여단,202411151030,C1530,주식회사드림하우징,dream housing,김종길,0647123928,"제주특별자치도 제주시 애월읍 하광로439, 101호",98.67,9400000
58,HDT0026,1,51948,***,오산 복지대대 수납장 3종,물품,HDT,공군작사근무지원단,202411151030,J7322,마티아,,손숙연,01091373843,경기도 여주시 강천면 마감로267-1,88.013,6944742
537,LMH0071,1,51831,***,궤도장비(정비용장비) 구매계약,물품,LMH,제7군단,202411151030,C6395,주식회사 휴먼앤드,"HUMANAND Co.,LTD",최영일,0319665114,"경기도 고양시 덕양구 향기로182, 13층 티-1308호(향동동, 현대테라타워향동)",88.008,56834723
2,SCQ0115,2,50232,***,24-평 00단련장 농약(액상수화제 등 2종) 구매,물품,SCQ,제9911부대,202411151030,J0724,제일농약사,,양기영,070-7517-5028,"경기도 안산시 단원구 화랑로98, 바동 5호(원곡동)",88.916,6998640
232,LMK0043,1,51936,***,[24-C90] 굴삭기 어태치먼트(수목파쇄기) 구매,물품,LMK,제6보병사단,202411151030,L4BBF,주식회사 참좋은,,배지희,01055785900,"경기도 평택시 중앙2로13, 602-1-655호(평택동, 센텀스카이)",88.008,23336410
4,SCU0070,2,50485,***,24-ㅇ전단 식당(세탁기) 청소 및 매트리스 소독 용역,용역,SCU,해군 기동함대사령부,202411151030,GB163,나날글로텍 주식회사,nanal glotech,이송미,0647440742,제주특별자치도 제주시 애월읍 상고길47-7,88.383,24644600
64,LHP0051,1,51795,***,24년 경고방송용 확성기 구매,물품,LHP,제22보병사단,202411151030,DF403,세종하이텍주식회사,SeJongHiTech.co.Ltd,윤국진,0612763200,전라남도 목포시 대양산단로149번길4(대양동),88.045,27239129
25,SEE0052,1,51703,***,훈련장 입간판 구매 설치,물품,SEE,제9해병여단,202411151030,H8ACE,주식회사우정상사,WooJungSangSa,오지녕,07046512888,"제주특별자치도 제주시 연북로21-0, 에코에비뉴 1609호",88.013,11783800
2,SDL0035,1,51691,***,24-ㅇㅇ대대 2차 폐기물 처리용역,용역,SDL,재경근무지원대대,202411151030,A4C41,도원환경(주),,박종모,0234910160,서울특별시 도봉구 마들로28길 63대능빌딩 2층,89.992,39405600
72,LDG0093,1,51680,***,임실 대창교 정밀안전점검 용역,용역,LDG,육군 탄약지원사령부,202411151030,C9122,(주)대들보구조안전기술단,DDB,박태준,0632450481,전북특별자치도 전주시 덕진구 동부대로634-0 (우아동3가),88.001,20825024
50,MDF0036,1,51678,***,24-3차 물자사업 구매(취사기구),물품,MDF,국군지휘통신사령부,202411151030,E27E4,정우테크,JUNGWOOTWCH,김현숙,01067661740,"경기도 수원시 권선구 구운중로22번길36, 1층(구운동)",88.979,4673200
32,LMB0022,1,51350,***,포신 정비용 장비 셋,물품,LMB,제8278부대,202411151030,L7B90,주식회사 윤슬,,김양숙,01091425560,경기도 구리시 안골로49-0 (교문동) 7층 710-8호,88.149,27548500
8,LDG0092,1,51675,***,2탄약창 식기세척기 임차 용역,용역,LDG,육군 탄약지원사령부,202411151030,CE308,고은상사,goeun,김진웅,0318641519,경기도 동두천시 평화로2349번길8-9 (생연동),94.314,22143000
2,SFL0046,1,51581,***,25-교-CBT제작실 유지보수용역,용역,SFL,제3283부대,202411151030,G0B25,(주)앤디커뮤니케이션,"ND Communication Co.,Ltd.",엄의정,023251993,"서울특별시 영등포구 영등포로150, 비1308호(당산동1가, 생각공장 당산)",96.41,11400000
1,SFC0135,1,49747,***,24-해병-사고예방 영상 제작 대행,용역,SFC,제9691부대,202411151030,D8D03,주식회사 단군픽쳐스,,조상환,027146320,"서울특별시 강서구 금낭화로51, 3층(방화동)",72.476,9600000
3,LQG0076,1,51531,***,(육성) 00부대 드론 재밍건 제조 납품,물품,LQG,육군 52보병사단,202411141500,F3183,주식회사 삼정솔루션,Sam jung solution,최춘화,0313421120,"경기도 수원시 권선구 산업로198, 429호, 430호, 431호, 505호, 506호 (고색동, 수원델타원)",88.673,36353009
6,LDH0879,1,50712,***,(화공) 니켈광택제지 등 6종 구매,물품,LDH,육군종합정비창,202411141300,A92E4,마창케미칼 주식회사,Machang Chemical,주시연,0552324011,경상남도 창원시 마산회원구 내서읍 중리공단로 183(),88.349,13748950
2,LDH0880,1,50756,***,(자재) 부대운영자재 제재목 등 3종 구매,물품,LDH,육군종합정비창,202411141300,DF3AB,(주)전일우드텍,jeonil woodtec,문연실,0635463141,전북특별자치도 김제시 백구면 금백로1162,95.954,9653000
431,HCM0070,1,51274,***,"24-10-360 도시락, 수통 IED 등 41품목 구매",물품,HCM,공군교육사령부,202411141100,GC2CC,이엔에스(E&S),e,이상서,01053663576,"강원특별자치도 춘천시 춘천로220-0 (효자동)3층, 1소",87.995,62201690
4638,LGP0159,1,51425,***,'24년 병영도서관/독서카페 도서 구매,물품,LGP,제1군수지원사령부,202411141100,HF367,에이블,Able,최자혜,01082912111,"인천광역시 남동구 서창남순환로190-100, 607동 203호(서창동, 에코 에비뉴)",90,19070860
9,LDA0087,1,51473,***,(B065) 00부대 토양정밀조사 용역,용역,LDA,지상작전사령부,202411141100,EE9B6,재단법인 한국환경산업연구원,KEIRI,편서연,0312836923,"경기도 수원시 영통구 대학4로17 (이의동) 에이스광교타워 413호,412호,411호,410호",88.051,9506000
2,UMM1230,1,50380,***,(24F287-A) 정보화사업 13건 통합금융리스,물품,UMM,국군재정관리단,202411141100,B179B,롯데캐피탈(주),LOTTE CAPITAL,추광식,0234510099,"서울특별시 강남구 테헤란로 142(역삼동, ARC PLACE) 7층",98.211,34280148560
448,UMM1246,1,47307,***,(247380-C) 환자관찰장치 이동형 구매,물품,UMM,국군재정관리단,202411141100,I8FF2,주식회사 한스메디칼,HANS MEDICAL co.,한재희,0313463093,경기도 군포시 고산로148번길17-0 (당정동) 318호,97.66,121058880
4810,SCG0037,1,50081,***,접이식 실리콘 텀블러 구매,물품,SCG,해군본부,202411141100,M915A,뭉쳐라아이스 모종힐스점,,한수민,01095491273,"충청남도 아산시 모종샛들1길8, 1동 1층 105호(모종동)",87.995,17285963
316,SCG0035,1,50078,***,캐릭터(이나비) 볼펜 등 3종 구매,물품,SCG,해군본부,202411141100,L2F70,정진글로벌,,이정진,01053413105,충청남도 당진시 신평면 서해로7489-138,88.03,37961347
20,LFK0077,1,51407,***,3수송교육연대 교육생생활관 문화재시굴조사용역,용역,LFK,육군종합군수학교,202411141100,B16A7,재단법인 중앙문화유산연구원,Central Institute of Cultural Heritage,조상기,031-708-8001,경기도 성남시 분당구 판교역로178-0 (삼평동) 서건타워 904호,86.756,101385900
2,EKA0037,1,7020A,***,"24년 소총,5.56mm,K2C1",물품,EKA,기동총괄계약팀,202411141030,1203F,에스앤티모티브주식회사,"SNT Motiv Co.,Ltd",권형순,0515092033,부산광역시 기장군 철마면 여락송정로 363(),85.685,9420584000
115,LGQ0038,1,51412,***,통일아파트 도어락 설치납품,물품,LGQ,제36보병사단,202411141030,I6DE9,이투유통,ETWO Company,유순한,07042561477,"강원특별자치도 원주시 송림길40-29, 102호 (개운동)",88.011,52524960
5,SEE0050,1,51378,***,교육용심장충격기 등 2품목 구매,물품,SEE,제9해병여단,202411141030,I63A8,알파유통 주식회사,"Alpha Distribution Co., Ltd.",정승호,01044842590,"제주특별자치도 제주시 연북로21, 1609호 (노형동, 에코에비뉴)",88.618,8224280
24,SFH0144,1,51540,***,'24~'29년 복지시설 정수기 임차 용역(도서지역),용역,SFH,제9196부대,202411141030,J7CCA,씨앤엘,,조명희,01092098853,"인천광역시 남동구 장아산로158 (서창동, 임광 그대가),112-604",88.151,10215140
171,SFD0102,1,51537,***,공병정비물품(PE파이프등 152품목)구매,물품,SFD,제9227부대,202411141030,K1A7A,아산,,문미영,07082852302,"경상북도 포항시 북구 새천년대로1235, 103동 202층(장성동, 두산 위브 더 제니스)",88.009,61189233
97,LMK0040,1,51557,***,[24-C91] 내진 성능평가 용역(8공구),용역,LMK,제6보병사단,202411141030,I9527,주식회사 광명엔지니어링건축사사무소,INC. GwangMeong CM,허태섭,0313173411,"경기도 시흥시 새재로3, 1층 119~123호 (장현동, 장현2엔플러스빌)",88.027,87610000
23,LMK0039,1,51556,***,[24-C91] 내진 성능평가 용역(7공구),용역,LMK,제6보병사단,202411141030,J1FC1,주식회사이솔구조건축사사무소,,박상열,0337478300,"강원특별자치도 원주시 양지로80 (반곡동), 9층 801호",88.013,88477741
174,SDF0165,1,51508,***,커버링 테이프 등 109종 구매,물품,SDF,제5738부대,202411141030,D90C1,다온종합상사,,김기범,0542742581,경상북도 포항시 남구 효성로88 (효자동) 302-904,88.088,48031260
6,SCR0118,1,51505,***,24년 0함대 소방시설 작동기능 및 정밀점검 용역,용역,SCR,해군제3함대사령부,202411141030,F98FF,주식회사 덕양,DEOKYANG,장성영,0614322119,전라남도 강진군 성전면 별뫼로268-2,99.203,20974000
9,MCS0127,1,51499,***,24-OO지역 소방시설 종합정밀점검 용역,용역,MCS,국방부계룡대근무지원단,202411141030,D1FD8,대신방재주식회사,DAISHIN FIRE CO. LTD,김용재,0415571119,충청남도 천안시 동남구 충무로475 (원성동),88.104,46880700
2,SEE0051,1,51496,***,타이어(코란도) 등 14품목 구매,물품,SEE,제9해병여단,202411141030,L8044,주식회사 고은,,김종현,01030772277,"제주특별자치도 제주시 첨단로330-0 D동 3층 13호(영평동, 세미양빌딩)(영평동)",88.642,8170000
83,LMK0041,1,51558,***,"[24-C92] 내진 성능평가 검증 용역(6,7,8공구)",용역,LMK,제6보병사단,202411141030,L1220,주식회사 정민구조엔지니어링,,양종민,0316991984,경기도 하남시 미사대로520-0 (덕풍동) D동 942호,88.02,42857818
23,LMK0038,1,51554,***,[24-C91] 내진 성능평가 용역(6공구),용역,LMK,제6보병사단,202411141030,A4835,주식회사 동서엔지니어링,DONGSEO Engineering,이익상,024091230,강원특별자치도 춘천시 후석로44 (석사동) 3층,88.005,87115000
26,SFH0145,1,51545,***,'24~'29년 간부숙소 정수기 임차 용역(도서지역),용역,SFH,제9196부대,202411141030,H03C2,홍주리더스 주식회사,hongjuleaders,김영용,15448754,인천광역시 서구 염곡로14번길10-0 (가좌동),88.002,61607000
62,SCR0117,1,51466,***,일의 기쁨과 슬픔 등 38종 574권 구매,물품,SCR,해군제3함대사령부,202411141030,LE822,신동,,김선영,0612770357,"전라남도 목포시 고하대로641-10,201동 413호 (산정동,신안비치2차아파트)",90.008,12004914
7,SFC0143,1,51507,***,캐비닛 등 2품목 제조 구매,물품,SFC,제9691부대,202411141030,F49EC,(주) 에스엠인테리어,"SM INTERIOR COM.,LTD.",오옥연,0317651382,경기도 광주시 초월읍 용수길53,88.286,31429790
518,SFC0141,1,50509,***,24-덕-디지털 카메라 등 12품목 구매,물품,SFC,제9691부대,202411141030,K4650,한경코리아,,김지훈,01092197471,경기도 의정부시 둔야로45번길11 (의정부동)1층1221호,87.995,27389102
581,SCF0985,1,50459,***,"(긴급) 가열기, 냉각제, 엔진용 등 34종",물품,SCF,해군군수사령부,202411141030,M1E67,일용상사,,권윤주,010-4611-6464,경상남도 창원시 의창구 북면 동곡로35-0 (창원무동휴먼빌아파트(2단지)) 205-804,91.209,40187720
584,SCF0989,1,50106,***,"(긴급)호스,비금속제 등 24종",물품,SCF,해군군수사령부,202411141030,M93AA,디케이유통,,이도균,01055963032,"대전광역시 서구 대덕대로248, 에이동 1506호(둔산동, 넥서스밸리)",87.995,28521980
3,MDI0005,1,51432,***,노후 통신지원차량 교체사업,물품,MDI,제7016부대,202411141030,H8510,주식회사 성진테크놀러지,sung jin technology,박정근,0313533210,경기도 화성시 남양읍 현대기아로202-51,91.108,418600000
8,HCF0245,1,50537,***,[60전대] 경사각도 실린더 조립체 등 16종,물품,HCF,공군군수사령부,202411141030,B91B7,중앙기업,JOONGANG ENTERPRISE,안태진,053-957-9497,대구광역시 북구 침산로67길50 (침산동),96.772,31280000
14,HCF0246,1,50526,***,[60전대] 실린더 버터플라이 밸브 등 90종,물품,HCF,공군군수사령부,202411141030,E964F,신라통상,,김대성,0535277633,대구광역시 서구 통학로40길6-0 (평리동),96.176,129998000
8,EBH0136,1,8520P,***,24년 KCTC교전훈련장비(마일즈)용 충전지,물품,EBH,해상공중전력운영계약팀,202411131400,B9E1E,(주)네스랩,NESSLAB,이재호,0428671081,대전광역시 유성구 테크노2로 194(),84.597,1019150000
14,HDN0036,1,51140,***,'24년 폐목재류 처리용역,용역,HDN,공군제18전투비행단,202411131300,D2FB8,대관령산업(주),Daegwallyeongindustry,김영숙,0333351338,강원특별자치도 평창군 대관령면 오리골길 86-12(),84.261,74636000
2,LMU0055,1,51269,***,24-물용-014 지정폐기물 처리 용역(2차),용역,LMU,제7군수지원단,202411131100,EE5C4,(주)케이에스에너지,KSENERGY,김광수,0313171674,경기도 화성시 정남면 내향로240-55 (주)케이에스에너지,84.522,42295000
32,LGP0157,1,51032,***,24년 의료용가스(산소) 보호캡 구매,물품,LGP,제1군수지원사령부,202411131100,B85E2,석전의료공업 주식회사,SUKJEON,성용제,0313744031,경기도 오산시 황새로149번길16-0 (누읍동),88.039,4620990
1420,LNR0033,1,49783,***,K1A2 전차 안전장치(블랙박스) 구매,물품,LNR,수도기계화보병사단,202411131100,M8319,모든마켓,,한미원,01051335543,경기도 평택시 포승읍 서동대로1124-0 1동 6층(우일빌딩),88.002,36368810
91,UMM1234,1,50493,***,(246342-C) 교육생생활관 관급자재(자동제어) 제조,물품,UMM,국군재정관리단,202411131100,G8332,주식회사 이티씨,ETC,윤영희,0548425596,경상북도 안동시 풍산읍 풍산공단길17,87.998,218077038
4,UMM1226,1,49923,***,24-N-OO부대 브리핑/화상회의체계 교체 금융리스,물품,UMM,국군재정관리단,202411131100,M501B,미래에셋캐피탈(주),,이만희,027879295,"서울특별시 중구 을지로5길26, 6층 (수하동, 미래에셋센터원 웨스트타워)",96.711,1858257561
2,UMM1229,1,49161,***,(24F290-A) 상병건강검진 영상판독 위탁용역,용역,UMM,국군재정관리단,202411131100,D2701,(사)대한결핵협회,knta,신민석,0226339461,서울특별시 서초구 바우뫼로6길57 (우면동),87.962,99262650
284,UMM1237,1,47894,***,(247377-D) 기관지내시경 구매,물품,UMM,국군재정관리단,202411131100,J0E01,다을상사,,정상훈,01074493040,충청남도 논산시 해월로259번길23 (대교동) 105동 701호,87.998,58850300
36,UMM1232,1,47358,***,(247394-C) 대테러 작전조끼 제조,물품,UMM,국군재정관리단,202411131100,G40C5,지지올레,GIGIOLLE,이윤희,01083350224,"경기도 부천시 원미구 옥산로208번길37, 4층(도당동)",88.166,68000400
340,UAC0052,1,49893,***,수리부속 21종 구매,물품,UAC,국방출판지원단,202411131100,E6743,대전인재사,DAEJEONINJAESA,고인곤,0422228538,대전광역시 동구 선화로 212(),94.009,31972000
244,HCM0069,1,50063,***,24-10-364 학과용 가방(디지털백팩) 구매,물품,HCM,공군교육사령부,202411131030,MFAB0,가원유통,,최가원,01045467767,"경상남도 창원시 의창구 북면 무동서로24, 113동 203호(창원 무동 센텀파라디아)",88,49116829
181,SFD0100,1,51275,***,사무용도품(볼펜등 75품목)구매,물품,SFD,제9227부대,202411131030,F428D,드림조경 주식회사,Dream Landscaping Inc.,권혁진,0542816718,경상북도 포항시 남구 문예로132-1 (해도동),88.015,56937940
33,SCR0116,1,51123,***,저마찰 엔진오일 등 57종 구매,물품,SCR,해군제3함대사령부,202411131030,J17CA,동원샘물유통,,서준호,061-464-9540,전라남도 영암군 삼호읍 대불산단1로166-9,88.129,38007930
45,SFG0120,1,50836,***,아세트아미노펜정 등 159품목 구매(의약품),물품,SFG,제9181부대,202411131030,I5146,(주)씨오에스,COS,장근홍,0314877602,경기도 안산시 상록구 천문3길7-1 (사동) 1층,88.004,78553530
359,SFL0045,1,50998,***,DVR 등 13품목 구매,물품,SFL,제3283부대,202411131030,MD685,경산에어컨청소혜경클린,,김명선,0535222921,"경상북도 경산시 경산로40길11, 2층 2A-70호(옥산동)",88.003,14196134
7,LHN0078,1,51181,***,24년 체육기자재 구매(덤벨),물품,LHN,제7보병사단,202411131030,EF2CA,대광종합상사,DaKang a general trading company,김정현,0336539838,강원특별자치도 강릉시 경강로2496,89.495,2687600
21,LBB0044,1,51062,***,"화력 정비용장비 (검사세트,포신형,로봇형) 구매(2차)",물품,LBB,육군제7789부대,202411131030,GED7B,이지프라자,easyplaza,김형규,07088098710,"경기도 고양시 일산동구 백석로108번길59-15, 1층 (백석동)",88.023,27069430
26,LHP0050,1,51065,***,'24년 K-9 유압유플러싱장비 구매,물품,LHP,제22보병사단,202411131030,H8D43,그린스틸,GRSTEEL,김상진,0553877877,경상남도 양산시 학동길60-0 (어곡동),88.275,56273200
2,LKS0057,1,51035,***,'24 ~ '25년 체력단련장 식자재 구매(전라권),물품,LKS,육군인사사령부,202411131030,H2881,한울F&S,HANUL F&S,백명실,07087425810,전라남도 목포시 삼학로241번길22(산정동),93.242,34798000
64,SCR0115,1,51052,***,스텐판 등 134종 구매,물품,SCR,해군제3함대사령부,202411131030,MBE2A,퍼스트인,,오혜인,01097464200,"전라남도 목포시 영산로93-1, 3층 356호 (명륜동)",88.022,28608491
315,SCN0187,1,51291,***,복사용지 등 1060종 구매,물품,SCN,제7001부대,202411131030,M3956,스페이스종합상사,,강형석,01093153039,경상남도 창원시 마산회원구 회원동31길16-1 (회원동),88.005,34388210
6,SDG0054,1,51292,***,탁구대 구매,물품,SDG,제2002부대,202411131030,C3F95,툴데포,Tooldepot,홍승표,0328188909,인천광역시 연수구 청솔안로5번길12-0 (청학동),98.641,880000
6,LKS0062,1,51098,***,'24년 체력단련장 정보체계 유지보수,용역,LKS,육군인사사령부,202411131030,L261E,신진아이티주식회사,,한상진,01050400037,"대전광역시 서구 계백로900, A701호(관저동, YB트램시티)",88.43,25607650
278,LDC0022,1,51003,***,24-40 무정전전원장치 UPS 정비 용역,용역,LDC,육군과학화전투훈련단,202411131030,LFDA9,주식회사 대양이엔지,,손윤주,01034580043,강원특별자치도 춘천시 동내면 대룡산길145-6,88.041,42761340
13,LKF0069,1,51262,***,00부대 육성 특전예비군 수중장비 통합 구매,물품,LKF,제6755부대,202411131030,H2499,코미스,comis,구동천,053-313-6611,대구광역시 북구 영송로15-0 6210호 (태전동) 대구보건대 창보,88.07,14188950
159,SCH0175,1,51260,***,24-1-22호 중소형 텐트 1SET 구매,물품,SCH,해군작전사령부,202411131030,M8BA1,닛시,,강동인,01051586424,"서울특별시 영등포구 도신로29길28-0 (영등포동, 영등포푸르지오) 105동 601호",88.008,36727803
318,LDF0018,1,51084,***,'24년 4분기 실습재료비 구매,물품,LDF,육군정보통신학교,202411131030,MC678,에이스글로벌,,정소영,01089022479,"대전광역시 서구 대덕대로325, 5층90호 내 한밭비지니스센터 503호(월평동,스타게이트몰)",88,26646087
327,SCN0185,1,50944,***,장화 등 95종 구매,물품,SCN,제7001부대,202411131030,H73C5,주식회사 에스이엔지,,임세완,0557168855,경상남도 창원시 의창구 평산로23-0 (팔용동) 318호(신화테크노벨리),88.003,45485176
233,SCN0183,1,50910,***,아연사각파이프 등 52종 구매,물품,SCN,제7001부대,202411131030,G7D11,재현종합상사,JAE HYUN,이기재,0552773429,경상남도 창원시 의창구 원이대로178번길44-0 (명서동),88,25995750
236,LKT0078,1,51281,***,24년 11~12월 부대조달 급식품목(빵류) 구매,물품,LKT,제1989부대,202411131030,IFC68,주식회사 삼성에프엔비,,정재훈,0553330010,경상남도 김해시 장유로346-1 (신문동) 1층,82.997,203979804
163,LKS0061,1,51051,***,'24 ~ '25년 체력단련장 식자재 구매(경북권),물품,LKS,육군인사사령부,202411131030,G1F48,삼정샘물 주식회사,samjeongwater,전계윤,0522546661,울산광역시 울주군 두서면 옥동길116-0,83,356928430
158,LKS0060,1,51047,***,'24 ~ '25년 체력단련장 식자재 구매(경기권),물품,LKS,육군인사사령부,202411131030,J1935,파머스 미트,,조성겸,01075973832,"부산광역시 강서구 맥도강변길912-43, 별관 1층(대저2동)",82.996,354904000
151,LKS0059,1,51044,***,'24 ~ '25년 체력단련장 식자재 구매(충청권),물품,LKS,육군인사사령부,202411131030,H26CA,디에프에스주식회사,sm food,이경연,0428266614,대전광역시 대덕구 신탄진로115번안길28(신대동),83.048,2591437000
42,LKS0058,1,51041,***,'24 ~ '25년 체력단련장 식자재 구매(경남권),물품,LKS,육군인사사령부,202411131030,HC6D5,주식회사 원양에프엔지 농업회사법인,wonyang,심세진,0552712845,경상남도 창원시 마산합포구 진전면 팔의사로511-97,88.002,167312286
11,LBA0072,1,50960,***,‘25년 1~3월 부대조달 부식(돈가스 6품목) 제조/구매,물품,LBA,제 2167부대,202411131030,MA7F1,지푸드(G-FOOD),,정재천,0316115806,경기도 평택시 청북읍 청오로405-15,88.332,525620867
227,LBA0071,1,50959,***,‘25년 1~3월 부대조달 부식(빵류 58품목) 구매,물품,LBA,제 2167부대,202411131030,B9586,주식회사 에스피씨삼립,samlip,김범수,01053682751,경기도 시흥시 공단1대로 101(정왕동),83.004,1367011854
320,LBA0070,1,50958,***,‘25년 1~3월 부대조달 부식(햄류 2품목) 구매,물품,LBA,제 2167부대,202411131030,L531C,노을,,조웅현,01047570745,"서울특별시 서대문구 증가로10길37, 3층(남가좌동)",83.005,220921319
2,MHD0096,3,45104,***,국방 분야 보안과제 적용방안 및 제도정비 연구,용역,MHD,방위사업청(운영지원과),202411121500,C5CA1,국민대학교산학협력단,Industry-Academic Cooperation Foundation,손진식,029105390,"서울특별시 성북구 정릉로 77, 국민대학교내(정릉동)",,69272674
305,SCI0124,1,50552,***,복사용지 등 382종 구매,물품,SCI,제9121부대,202411121430,JE781,주식회사 제이원,,김영기,07047722900,"경상남도 창원시 성산구 연덕로184번길28, 3동2층6호A3(내동)",88.008,33733100
8,LDH0863,1,49229,***,K9자주포 보조통접착물 구매,물품,LDH,육군종합정비창,202411121300,L182F,우진테크,,김우진,0553392541,경상남도 김해시 분성로557번길60-7 (어방동),88.798,4630000
4,LDH0889,1,50887,***,K1전차 오링 등 18종 구매,물품,LDH,육군종합정비창,202411121300,M0932,다연테크,,홍다연,010-7207-3737,"부산광역시 부산진구 동평로218, 104동 8층 802호(부암동, 일동미라주 아파트)",88.082,10113019
8,LDH0862,1,50201,***,"(특무) 스위치,토글식 등 24품목 구매",물품,LDH,육군종합정비창,202411121300,J96AA,제원테크,,문제원,070-4772-1096,경기도 연천군 군남면 삼왕로8,88.199,15165097
2,LDH0886,1,50084,***,K77지휘차 너트 등 10종 구매,물품,LDH,육군종합정비창,202411121300,MD822,주식회사 앰솔,,이열우,0553299833,경상남도 김해시 김해대로2575번길25(어방동),88.143,1310000
6,LDH0873,1,49446,***,K77지휘차 호스조립체 등 10종 구매,물품,LDH,육군종합정비창,202411121300,M07DE,원탑 하이테크,,박경순,0518318757,부산광역시 강서구 녹산산업중로100-0 (송정동),88.178,13243300
4,LDH0871,1,49439,***,K77지휘차 개스킷 등 11종 구매,물품,LDH,육군종합정비창,202411121300,M81CD,도하테크,,이은선,051-303-5134,부산광역시 강서구 대저로3번길52-15 (대저1동),88.772,3650400
189,LCG0097,1,49459,***,[24-육-280] 법률도서 구매 4차,물품,LCG,육군본부,202411121230,MBE2A,퍼스트인,,오혜인,01097464200,"전라남도 목포시 영산로93-1, 3층 356호 (명륜동)",90.008,3008678
3673,LCG0099,1,50213,***,[24-육-279] 육군인권존중센터 홍보물품 구매(모자),물품,LCG,육군본부,202411121230,IC28D,평화상사,,성혜정,01037321602,"경기도 남양주시 와부읍 덕소로213-0, 102동 504호(덕소강변서희스타힐스)",88.001,15080800
753,HCM0067,1,50464,***,24-09-328 신호발생기 1품목 구매,물품,HCM,공군교육사령부,202411121100,F938B,VOK(비전오브코리아),VISION OF KOREA,전진순,07044154123,"경기도 남양주시 진접읍 해밀예당1로50-47, 506호 C95(리첸타워)",87.997,25395606
75,LFD0011,1,50748,***,25-1기 교육재료비 추가 물품구매,물품,LFD,육군대학,202411121100,L4F64,바오 Bao,,전수현,01088518609,"대전광역시 대덕구 계족산로135-0 (송촌동, 선비마을아파트) 401동 1202호",88.003,5315530
115,LHG0052,1,50949,***,24년 민간인력 제초용역 2차,용역,LHG,제1862부대,202411121100,L287B,주식회사 연,,김선희,0336460314,"강원특별자치도 강릉시 경강로2071, 지하층 2호(임당동, 한성빌딩)",88.012,13727489
91,SCG0038,1,49606,***,'24년 해군 0함대사 스마트 군항 구축(통신공사) 감리,용역,SCG,해군본부,202411121100,A7A89,주식회사 세영통신,saytel,고영복,028693700,"경기도 광명시 하안로294-9, 402호(하안동, 양정빌딩)",88.024,17153900
29,LNR0032,1,50854,***,'24년 후반기 시설물검사(전기안전관리대행) 용역,용역,LNR,수도기계화보병사단,202411121100,IE844,주식회사 태일전기안전관리공사,,김상욱,0318468286,경기도 양주시 부흥로1643 (마전동),88.249,19896550
95,UMM1236,1,50876,***,(246069-G)교육훈련관리체계(DTMS)HW구축(리스자산),물품,UMM,국군재정관리단,202411121100,D956B,(주)우리텍,WOORITECH,김완복,0625113511,광주광역시 서구 천변좌하로484번길5(쌍촌동),82.998,710944300
5213,UMM1231,1,49444,***,24-F-보조배터리 1품목 구매,물품,UMM,국군재정관리단,202411121100,MC4E8,효심컴퍼니,,신영순,01022329280,"세종특별자치시  다정북로109-0 (다정동, 가온마을3단지) 317-604호",87.995,156806312
1404,UMM1212,1,48576,***,"24-N-공구키트, 폭발물처리반용 구매",물품,UMM,국군재정관리단,202411121100,M6E45,가장에무게,,안효준,01072760039,"경기도 이천시 구만리로191-0 (안흥동, 이천 롯데캐슬 골드스카이)",87.997,172469064
132,UMM1235,1,42762,***,(24F265-I) 24년~27년 얼음정수기 임차용역,용역,UMM,국군재정관리단,202411121100,J79F4,주식회사 레이나(REINA Inc.),,김예림,01052891856,"서울특별시 강북구 도봉로77길6, 404호 (수유동 이테크밸리오피스텔)",85.545,295481000
180,LPM0048,1,50962,***,24년 얼음 정수기 임차 계약의뢰(2차)2,용역,LPM,제9보병사단사령부,202411121100,M6420,보름달미디어,,양윤재,01063543686,"경기도 부천시 원미구 부천로66번길57,지하층 C-61호(심곡동,호정빌딩)",87.75,212090000
161,LGC0034,1,50892,***,25~27년 얼음정수기 임차용역,용역,LGC,육군학생군사학교,202411121030,M14B3,나나아울렛,,김수나,01025806391,"경기도 안산시 상록구 해양4로31, 109동 2804호(사동, 그랑시티자이)",87.769,92736880
295,SFL0044,1,50956,***,군 피복(교관티셔츠 등 12품목) 구매,물품,SFL,제3283부대,202411121030,K4D28,가람기프트,,이경미,07047155174,"경상북도 포항시 남구 동해면 호미로2790번길10-4 ,  202호",88.008,56657100
406,SFL0043,1,50955,***,상장케이스 등 82품목 구매,물품,SFL,제3283부대,202411121030,J6037,하우웰,,이정선,0542832563,경상북도 포항시 남구 연일읍 연일로199번길4-23,88.005,26551367
93,SCK0147,1,50909,***,인덱스탭 등 105종 구매,물품,SCK,해군교육사령부,202411121030,JE331,로쏘,,김아라,01095037772,"경상남도 창원시 마산회원구 내서읍 호원로385-1, 5층 501호",88.006,4365857
163,SCK0145,1,50896,***,도서(현대사회 생존법 등 200종) 구매,물품,SCK,해군교육사령부,202411121030,LA077,미끌,,손지혜,01050204143,경상남도 창원시 의창구 북면 무동서로76-0 110동 902호,90,4072640
2138,LDG0091,1,50823,***,실사출력기용 코팅기 구매,물품,LDG,육군 탄약지원사령부,202411121030,LDA2D,가을마루,,전필영,01093316323,"경상남도 김해시 관동로27번길95, 108동 201호(관동동, 김해 율하 서희스타힐스)",88,12220230
45,HCC0159,1,50809,***,오일 열교환기 등 1품목(270),물품,HCC,해군제1수리창,202411121030,K668E,케이플러스,,이주연,07047890055,강원특별자치도 동해시 동해대로5464-0 (평릉동) 2층 203-54호,88.027,14175721
48,LHD0050,1,50785,***,"24-25차 의약품, 의료기재 등 구매(X117)",물품,LHD,제21보병사단,202411121030,H4032,송은메디칼,songeunmedical,박송이,0538111337,"경상북도 경산시 경청로226길2-0 (백천동),311호",88.007,16207620
500,LCZ0031,1,50793,***,24년 00부대 휴대용 위성전화기 구매,물품,LCZ,동원전력사령부,202411121030,M93AA,디케이유통,,이도균,01055963032,"대전광역시 서구 대덕대로248, 에이동 1506호(둔산동, 넥서스밸리)",88,42818925
1562,HCR0040,1,50932,***,키록 등 7품목(24-217),물품,HCR,공군제15특수임무비행단,202411121030,J2E75,바른유통,,안은순,01056644342,경기도 남양주시 진접읍 봉현로51-4 (길훈아파트) 106-101,88,18813060
224,SCK0146,1,50903,***,더블포켓화일 등 68종 구매,물품,SCK,해군교육사령부,202411121030,M393C,토브,,김성찬,01072101265,"경상남도 창원시 마산합포구 가포순환로33, 118동 1501호(월영동, 창원월영마린애시앙부영아파트)",88.02,8330849
150,SFG0117,1,50144,***,청룡 작은도서관 도서 구매,물품,SFG,제9181부대,202411121030,L42E1,해리솔루션,,류해리,01048712474,경기도 양주시 장흥면 호국로597번길15 (송추역 북한산 경남아너스빌) 103동 704호,90,8597990
221,SFG0116,1,50139,***,가레지작기 등 26품목 구매,물품,SFG,제9181부대,202411121030,MFA65,유에프오,,이강후,01044171894,경기도 김포시 김포한강5로321-0 (구래동) 듀클래스 324호,88.005,20460856
106,SFG0118,1,50381,***,충전임팩드라이버렌치 등 105품목 구매,물품,SFG,제9181부대,202411121030,LF23E,나라상사,,민승원,01062038516,"경기도 김포시 김포대로926번길15, 316동 1103호 (북변동, 풍년마을서광신안아파트))",88,26713320
115,SFG0119,1,50495,***,방진마스크 등 3품목 구매,물품,SFG,제9181부대,202411121030,MA95C,하연토탈뷰티,,김은영,01053244142,경기도 김포시 김포한강9로75번길102-0 (구래동) 지오파크 5층 503호,88.009,55317010
2,HDM0056,1,50828,***,24-산소호흡기 장비 외주정비,용역,HDM,공군제17전투비행단,202411121030,MA68B,주식회사 바론에어로,,김현숙,0432215035,"충청북도 청주시 상당구 중고개로252 , 3층 (금천동)",88.586,36146470
3,HFD0014,1,50721,***,24-126 방탄헬멧,물품,HFD,공군제38전투비행전대,202411121030,GC8D0,주식회사 비엠아이,"BMI co.,Ltd",나인겸,0318417887,"경기도 남양주시 진건읍 진관산단로54번길3, 2층",88.137,12343550
47,HCC0158,1,50716,***,파이프 등 8품목(269),물품,HCC,해군제1수리창,202411121030,MAF8F,동해유통,,김종호,01099275747,강원특별자치도 동해시 동해대로5464-0 (평릉동)203-59호,88.038,17072197
129,SFM0090,2,50170,***,군장품(철제정장 등 56품목) 제조,물품,SFM,제3170부대,202411121030,BF77C,일신정밀,IL SHIN JUNG MIL,윤광열,01053336880,경기도 양주시 은현면 화합로1112번길2-12,88,54672400
2,SCP0112,1,50935,***,24-동 지정폐기물(유해화학물질) 위탁처리 용역,용역,SCP,제8385부대,202411121030,K5B1D,에이치환경,,이혁재,07041150801,"인천광역시 남동구 소래역남로16번길8-7, 1동 6층 602호(논현동, 소래씨티프라자)",88.48,4480000
354,LGQ0035,1,50701,***,24년 병영도서관 도서 구매,물품,LGQ,제36보병사단,202411121030,F5ED5,진원서적,,이원중,0337423242,강원특별자치도 원주시 상지대길28-0 (우산동),90,17439800
8,SFL0042,1,50946,***,의약품(세포세틸정 등 137품목) 구매,물품,SFL,제3283부대,202411121030,HC418,성원약품,sungwonpharm,조맹환,0542758491,경상북도 포항시 남구 연일읍 유강길9번길37-0,88.344,31219050
10,UAB0068,1,50869,***,24년 밀리토피아골프연습장 폐연습공 매각,물품,UAB,국군복지단,202411121030,CE308,고은상사,goeun,김진웅,0318641519,경기도 동두천시 평화로2349번길8-9 (생연동),88.241,11979090
2,MCS0124,2,49855,***,25-지정폐기물(폐페인트) 처리용역,용역,MCS,국방부계룡대근무지원단,202411121030,A3BDB,(주)동양환경,DongYang Environment,채상협,0429330450,대전광역시 대덕구 문평동로48번길 125(문평동),88.868,4070000
18,SCH0174,1,50840,***,24-1-23호 덤벨세트 5SET 구매,물품,SCH,해군작전사령부,202411121030,JC499,제이에스컴퍼니,,이찬,01041843336,경상남도 창원시 성산구 정동로62번길61 (성주동),88.039,4167500
19,MDQ0021,2,47502,***,원외도상훈련 키드 구매,물품,MDQ,국군의무학교,202411121030,M5F42,디솔브디자인,,최정화,031-8003-1070,"경기도 화성시 10용사3길32-4, 102호(반송동)",99.529,7659300
347,MCX0063,1,50713,***,24-자운대지역 소나무 전정 용역,용역,MCX,자운대근무지원연대,202411121030,I6457,주식회사 두산조경,,이수창,01054080434,"대전광역시 유성구 한우물로21, 비동 105호(대정동)",88.006,19514820
317,SFC0137,1,50044,***,교육용 드론 구매,물품,SFC,제9691부대,202411121030,L86EC,제이에스씨 코퍼레이션,,남궁복자,01027198741,"경기도 용인시 처인구 한터로152번길45-0 (고림동, 인정피렌체빌리지1차아파트) 106-505",88.001,20061000
11,SFC0138,1,50036,***,24-덕-별관 원형회전판 식탁 제조,물품,SFC,제9691부대,202411121030,DB346,벨로스주식회사,BELLOS,권순신,0315945492,경기도 남양주시 수동면 비룡로654-12,88.208,16694100
4814,SCF0977,1,50474,***,페인트 희석용기 등 194종 구매,물품,SCF,해군군수사령부,202411121030,LFAD6,더힐컴퍼니,,최영실,01081393163,경기도 의왕시 양지편로39-23 (포일동),87.995,16764291
3091,SCF0972,1,49121,***,CNC 목공선반 1대 구매,물품,SCF,해군군수사령부,202411121030,L053E,에이제이코리아,,안진,01087087448,"인천광역시 미추홀구 낙섬동로9 (용현동, 금호타운) 6-1502",87.998,20359600
700,SCF0980,1,47520,***,"(긴급) 밸브, 버섯형, 엔진용 등 112종",물품,SCF,해군군수사령부,202411121030,I7B2E,모두의상사,modu inc,김영진,01039939026,"인천광역시 부평구 부흥로286번길30, 1401호",83.002,253289290
600,SCF0971,1,45525,***,"장치대, 탄력형, 일반 목적용 등 19종 구매",물품,SCF,해군군수사령부,202411121030,H71D4,디앤에스,DNS,강다겸,01048001352,"전라남도 광양시 광장로112-11, 102동 308호(중동, 태영아파트)",87.997,73486540
334,MGA0002,1,50626,***,00부대 기능실 브리핑 시스템 구축 설치 및 납품,물품,MGA,전략사령부,202411121030,EA93E,주식회사 시트론정보통신,"Citron Info-Communication Technology Co., Ltd.",권혁준,0328669911,"인천광역시 서구 가남로61, 에이동 211호(가좌동, 토지산업2차 지식산업센터)",83.011,224471000
226,LIK0078,1,50893,001,‘25년 부대계약 부식(1~3월)(빵류) 제조/구매,물품,LIK,제2군수지원여단,202411121030,2442F,(주)빙그레,binggrae,김광수,01020565447,경기도 남양주시 다산순환로45 (다산동),83.035,342542.45
5,EKAE003,1,4160A,***,소형전술차량 5차양산 지원장비,물품,EKA,기동총괄계약팀,202411120930,1215F,(주)서광오토테크,SEOKWANG AUTOTEC,신창재,0319229070,경기도 고양시 일산서구 송산로515번길52-0 (덕이동),93.082,32238100
8,LDH0860,1,50058,***,(정비) 연마포 등 12종 구매,물품,LDH,육군종합정비창,202411111300,I91F2,지앤와이일렉텍(주),"G&Y Electech Co.,Ltd",김보영,0260911083,서울특별시 구로구 경인로53길15-0 (구로동) 중앙유통단지 가동 3116호,88.11,22660220
94,HCM0068,1,50512,***,외곽펜스 조명시설 관급자재 가로등주 제조구매 F002,물품,HCM,공군교육사령부,202411111100,JFC29,에스디솔루션 주식회사,,한영상,0553317476,경상남도 김해시 삼계중앙로31-0 (삼계동),88.012,168481868
5,LDA0083,1,50633,***,(D107) 24-2차 JFOS-K 운용 용품 구매,물품,LDA,지상작전사령부,202411111100,JDDB0,현진테크,,예현철,01053708160,"경기도 용인시 처인구 남사읍 한숲로123, 311동 701호",98.551,7625772
35,MCS0126,1,50532,***,(지구병원-036) 의약품 35차 7종 구매,물품,MCS,국방부계룡대근무지원단,202411111100,HC8AA,제이메디케어,Jmedicare,정지혜,07050883007,경기도 구리시 안골로44-1 (교문동) 다건씨티 203호,88.012,33608110
38,MDN0021,2,45389,***,일반용 천막 구매,물품,MDN,국군화생방방호사령부,202411111100,M4122,동영사,,안광선,010-2635-8497,"부산광역시 금정구 금사로35, 2층(서동)",96.666,7455000
205,LDA0082,1,50628,***,(D109) 00부대 지뢰제거작전 물품 구매,물품,LDA,지상작전사령부,202411111100,MEC40,파타리제이(PATARI J),,송정화,01032790291,"경기도 용인시 처인구 이동읍 백옥대로624번길12, 1층 101호",88.071,21241920
59,MCR0060,1,50444,***,외국군수탁생 숙소 청소용역,용역,MCR,국방대학교,202411111100,A3559,정원기업(자),jungwon,이정호,0425227777,대전광역시 서구 변동중로 61-1(),88.008,6190970
22,LCN0075,1,50427,***,24년 육군박물관 전쟁사관리 도록 발간 용역,용역,LCN,육군사관학교,202411111100,CCE82,큐디자인,qdesign,차문규,0222681410,서울특별시 중구 퇴계로37길14-0 (충무로4가) 기종빌딩 207호,88.014,18067000
3265,HFK0034,1,50405,***,24-조달-10-002 흡연부스 구매,물품,HFK,제1방공유도탄여단,202411111100,CF80D,미래화학상사,mirae chemical co,송영식,01087403326,"경기도 시흥시 공단1대로 204, 38동 204호(정왕동, 공구상가)",88,61390000
12,LDA0085,1,50637,***,(D106) 24년 1차 군사지도제작용 전산 재료 구매,물품,LDA,지상작전사령부,202411111100,K0230,유니버스,,김선민,01042899007,경기도 용인시 처인구 금학로403-0 (김량장동),88.299,14184875
116,LNR0031,1,50636,***,23-A-00부대 간부숙소 신축 자동제어 제조설치,물품,LNR,수도기계화보병사단,202411111100,I04BF,주식회사 루트,ROOT,이순미,0635323656,전북특별자치도 정읍시 태인면 태인공단1길119,88.001,65501493
66,LNR0030,1,50635,***,23-A-00부대 간부숙소 신축 제로에너지 제조설치,물품,LNR,수도기계화보병사단,202411111100,D8BA9,주식회사 이엠시스텍,"EMSystec Co., Ltd",김예준,0513028761,부산광역시 사상구 사상로336번길 42(),88.024,66937756
6,LDA0084,1,50634,***,(D105) 24년 6차 전산운용재료 구매,물품,LDA,지상작전사령부,202411111100,K0230,유니버스,,김선민,01042899007,경기도 용인시 처인구 금학로403-0 (김량장동),88.136,5557248
16,LHM0109,1,50335,***,[군-탄-19] 38여단 군수지원대대 리프트 구매,물품,LHM,제15보병사단,202411111100,DF36A,현대전력 (주),"hyundai electricity co.,ltd.",김서현,0334323051,강원특별자치도 화천군 화천읍 중앙로40,88.072,27901230
855,UMM1223,1,47494,***,24~25-N-폭발물 원격 이동기 구매,물품,UMM,국군재정관리단,202411111100,KF15B,로템컴퍼니,,최우준,01024361862,"서울특별시 양천구 오목로23길38, 102호(신정동, 중앙빌라)",83,277516130
263,SCG0034,1,49619,***,넥타이핀 등 4종 구매,물품,SCG,해군본부,202411111100,I2E53,율로실업,Yulro Corp,나유진,01084513807,"충청남도 천안시 서북구 한들3로100 (백석동, 백석마을 아이파크) 107-2401",88.01,26562750
47,HCC0157,1,50247,***,오일 열교환기 등 1품목(264),물품,HCC,해군제1수리창,202411111030,MB437,세경엔지니어링,,이상영,0335221775,강원특별자치도 동해시 공단7로32-0 (구호동),89.564,7315000
3167,HDC0044,1,50606,***,24-230 노출형 진입등 등 6종,물품,HDC,공군제1전투비행단,202411111030,M4CA9,어울림,,박연주,01093372169,인천광역시 부평구 장제로98-0 (부평동)스위트홈2동1402호,88,40191181
6,SCL0048,1,50523,***,DVD(1947 보스톤 등 74종) 구매,물품,SCL,해군사관학교,202411111030,L02B4,제이앤제이 이엔지,,노선영,0512911220,부산광역시 강서구 명지국제8로30-0 (명지동),88.542,1588220
128,HCQ0079,1,50595,***,"24-335, 24-336 PEO 허브 등 36종",물품,HCQ,공군제5공중기동비행단,202411111030,KBFED,디와이시스템,,채가희,0519713856,"부산광역시 강서구 명지국제7로111-0, 108동 805호(명지동, 명지더웨스턴)",88.006,24696190
178,SFD0099,1,50582,***,교육훈련물품(롤지(백상지)등 839품목)구매,물품,SFD,제9227부대,202411111030,MD3D4,골보이포항,,신형섭,05066551010,경상북도 포항시 북구 중앙로294번길3-1 (상원동) 3층 비15호,88.003,82909862
26,SCN0182,1,50574,***,24-진-58 매트리스 세척 및 소독 용역,용역,SCN,제7001부대,202411111030,F2D2B,(주)대산종합관리,DAESAN,박재권,055-232-2553,경상남도 창원시 마산회원구 내서읍 호계안길91-0 (중리2차 서광아파트),88.085,1328640
204,LPG0029,1,50522,***,24-4차 일반장비유지비(나무파쇄기) 구매,물품,LPG,제5보병사단,202411111030,M5A41,태웅상사,,서태웅,01023204722,"경기도 시흥시 함송로29번길54-0 (정왕동, 세종아파트) 117동 703호",88.054,23486790
6,MCM0020,1,50277,***,사령부 안보현장 견학 버스 용역,용역,MCM,4284부대,202411111030,A8479,(주)세일여행사,SEIL TOUR,김중수,027391261,"서울특별시 종로구 삼일대로 4698층 (경운동, 서원빌딩)",88.303,6984000
28,LKH0042,1,50514,***,무정전전원공급기(UPS) 등 3종 설치납품,물품,LKH,제6128부대,202411111030,F062A,주식회사 파워드림,POWER DREAM COMPANY,하춘이,0553462700,경상남도 김해시 진영읍 하계로13-0,88.155,23709471
31,SCR0113,1,50475,***,우편발송 라벨 등 257종 구매,물품,SCR,해군제3함대사령부,202411111030,J719B,동산 주식회사,,김진아,0612770357,전라남도 목포시 삼학로303-1 (용해동),88.026,5619400
56,SCR0111,1,50456,***,퓨어니트릴 라이트 등 399종 구매,물품,SCR,해군제3함대사령부,202411111030,J099F,일등산업,,지윤환,07080272831,전라남도 목포시 산정로134번길29-2 (용당동),88.047,11505400
23,HCQ0080,1,50598,***,24-322 블록게이지 세트 등 1종,물품,HCQ,공군제5공중기동비행단,202411111030,KC941,대림시스템,,배현주,01022071141,경기도 양평군 강상면 강남로1333-1,94.264,36894880
162,SDF0164,1,50573,***,에어크리너 등 49종 구매,물품,SDF,제5738부대,202411111030,H5610,가온상패공장,pohangprint,윤혜정,07040421380,경상북도 포항시 남구 상공로82(상도동),88,14510859
8,LPK0028,1,50564,***,24년 OO부대 개발제한구역 관리계획 수립용역,용역,LPK,제8기동사단,202411111030,I3952,주식회사 에이스디이씨,"ACE DEC CO.,LTD",이병대,0313850740,"경기도 용인시 기흥구 기흥로58-1, 에이동 2009호 (구갈동)",95.944,53200000
27,LFH0015,1,50491,***,4분기 교육예산(교육 및 실습재료비) 구매,물품,LFH,육군부사관학교,202411111030,LD7EC,라온제나,,이순영,01035196847,"전북특별자치도 익산시 선화로41-0 (모현동1가, 익산배산사랑으로부영1차) 104-1703",88.074,37047356
17,SCR0112,1,50461,***,콜릿척 세트 등 34종 구매,물품,SCR,해군제3함대사령부,202411111030,K0053,우성종합상사,,이동건,061-243-1722,전라남도 목포시 삼학로141 (산정동) 2층,88.032,1531136
20,HCL0071,1,50455,***,24-338 액상방식 3D 프린터 등 2종,물품,HCL,공군사관학교,202411081100,HEDB4,엠앤티 M&T,M&T,김선한,010-5502-9269,대구광역시 달서구 대명천로51길70-0 (본리동) 103호,88.125,29790149
263,LFD0010,1,50310,***,'24년 교육 참고도서구매,물품,LFD,육군대학,202411081100,J2E26,한마음,,안진권,0428253568,"대전광역시 유성구 반석로7 (반석동) 4층 404-A06호(반석동, 애니빌프라자)",90.001,77145210
81,HDS0010,1,50260,***,미-24-KAMD 작전센터 작전화면 시현장비 구매,물품,HDS,공군미사일방어사령부,202411081100,KB89D,다담시스 주식회사,,장근수,07041933232,서울특별시 금천구 가산디지털1로1 (가산동) 1208호,91.711,53800000
45,MCR0059,1,50222,***,"안보총서 137호, 138호 발간 용역",용역,MCR,국방대학교,202411081100,K5022,중앙애드피아,,유현정,01051575850,대전광역시 동구 대전로849-9 (정동) 2층,88.007,7130790
117,LFK0076,1,50156,***,24년 4분기 교육지원물품 구매,물품,LFK,육군종합군수학교,202411081100,LEC75,시온유통,,송현주,01040193429,"대전광역시 중구 목동로37, 117동 1103호(목동, 목양마을아파트)",88.003,20480157
12,LCN0073,1,50023,***,드론교육센터 교육장비 드론 구매,물품,LCN,육군사관학교,202411081100,K64D0,주식회사 순돌이드론,,조순식,024082777,경기도 하남시 하남대로947 (풍산동) C-1202,91.1,4407400
1164,LDA0081,1,50321,***,(D101) 공기호흡기 구매,물품,LDA,지상작전사령부,202411081100,LC3D3,연천이엔지,,임보라,07047097189,"경기도 연천군 전곡읍 양원로222, 101호",88.002,75456000
349,LKP0151,1,50184,***,24-1차 취사기구 구매,물품,LKP,5군수지원사령부,202411081100,M9948,나겸기획,,이유나,07076129238,"전라남도 보성군 득량면 공룡로960-23, 1층",88.026,45518254
1528,MDJ0060,1,49847,***,의무장비(환자관찰장치 중앙 침상형) 구매계약,물품,MDJ,국군대전병원,202411081030,KD7D4,연우마켓,,장연우,01076233569,경기도 화성시 남양읍 역골중앙로118 (동광뷰엘) 103동 2103호,87.998,102390800
1877,SCQ0117,1,50315,***,24-평 수퍼그립장갑 등 14종 구매,물품,SCQ,제9911부대,202411081030,EE583,아투문,A-Two Moon,오문숙,07078699295,"경기도 안양시 동안구 동안로35-0 (호계동, 무궁화아파트)110-1605",88,16032600
1818,SCQ0116,1,50305,***,24-평 도서(무기의 경제학 등 29종) 구매,물품,SCQ,제9911부대,202411081030,MC9BE,에스유통,,신동한,07046471270,"경기도 부천시 소사구 범안로180, 4동 3층 3호 303호(범박동, 일루미스테이트)",90.001,35761190
5,SDF0163,1,50346,***,"발모형(힘줄, 근육) 등 2종 구매",물품,SDF,제5738부대,202411081030,HBE14,효경상사,hyokyong trading company,우단애,01071281781,경상북도 경주시 용황로10길16-20 (용강동),88.271,790890
25,SCU0069,1,50116,***,충전임팩렌치 등 212종 구매,물품,SCU,해군 기동함대사령부,202411081030,K182E,알덱스이엔지,,설수국,01062644720,제주특별자치도 제주시 우도면 연평리1571-3,88.034,17420615
1883,LMH0070,1,50178,***,[B218]야전전투용 600W 앰프류 설치납품,물품,LMH,제7군단,202411081030,M998C,케이상사,,송문철,01090259144,"경기도 부천시 오정구 역곡로284번길31, 1층(작동)",88.001,23818000
40,SFM0091,1,50169,***,군장품(정근장 등 24품목) 제조,물품,SFM,제3170부대,202411081030,MB426,주식회사 거성인스,,우선금,0315544972,경기도 남양주시 사릉로34번길48-0 지층(금곡동),88.024,34671384
8,SDF0162,1,50342,***,철직자 등 96종 구매,물품,SDF,제5738부대,202411081030,F7F97,종합 에너지,whdgkq dpsjwl,최혜경,0542925141,경상북도 포항시 남구 충무로55-0 (오천읍),88.613,839520
46,SFD0097,1,50336,***,의무약품 및 물자(티눈밴드등 219품목)구매,물품,SFD,제9227부대,202411081030,E186F,주식회사 한스피엠아이,HANS P.M.I Corp.,한경아,0313463092,경기도 군포시 고산로151번길28-0 (당정동) 403호,88.161,40024530
43,SCR0110,1,50322,***,냉장고 205리터 1종 89점 구매,물품,SCR,해군제3함대사령부,202411081030,L0A77,삼성케어,,이병선,0619012262,"전라남도 목포시 하당로99 (상동), 2층",88.052,32649290
1842,SCQ0118,1,50318,***,24-평 톤백마대 구매,물품,SCQ,제9911부대,202411081030,L56A6,(ZIA)컴퍼니,,서지숙,01033302230,경기도 김포시 김포한강1로97번길10-9 (장기동) 304호,88.003,17089200
16,SCH0170,1,50316,***,24-1-18호 병영도서 66권 구매,물품,SCH,해군작전사령부,202411081030,MD7F2,선일북스,,김영준,010-5526-4440,부산광역시 사하구 다대로305-0 (장림동) 상가동 503호,90.013,1224130
49,SFM0089,1,50171,***,군장품(포제정장 등 76품목) 제조,물품,SFM,제3170부대,202411081030,M3D9F,연홍코퍼레이션,,지애경,0313114130,"경기도 시흥시 연성로83, 5층 501, 502,503호(하상동, 현대프라자)",88.003,39581128
13,LFN0038,1,50173,***,24년 교육장비(무반향 챔버) 제조,물품,LFN,육군3사관학교,202411081030,E60F6,주식회사 케이이알,"KER Co.,Ltd",장세희,0428259988,세종특별자치시  연동면 원합강1길50-0,97.891,78500000
1957,SCQ0121,1,50371,***,수중모터 등 98종 구매,물품,SCQ,제9911부대,202411081030,L551F,와이제이,,최연진,01031051364,"경기도 고양시 일산동구 위시티3로110 (식사동, 일산자이 센트리지) 103동 405호",88,86613948
1903,SCQ0119,1,50369,***,종이컵 등 992종 구매,물품,SCQ,제9911부대,202411081030,L56A6,(ZIA)컴퍼니,,서지숙,01033302230,경기도 김포시 김포한강1로97번길10-9 (장기동) 304호,88.004,65953900
103,LKQ0030,1,50332,***,LAH훈련센터 자산취득 물품 구매(24-8차),물품,LKQ,육군항공학교,202411081030,1932F,(주)에이치케이비즈,"hkbiz co.,ltd",오명해,027163750,서울특별시 영등포구 버드나루로14가길3-0 (영등포동7가),88.106,8625843
168,SCH0172,1,50329,***,24-1-20호 병영도서 43종 구매,물품,SCH,해군작전사령부,202411081030,I5B89,에이치제이시스템,HJSYSTEM,윤현정,07048374689,경상남도 창원시 의창구 지귀로63-0 (봉곡동),90,4865500
17,LNG0092,1,50325,***,과학화훈련장비 제조 구매 설치,물품,LNG,육군 제1군단,202411081030,IAF7E,주식회사 마루솔루션,"maru solution co.,Ltd",심현주,0313423400,"경기도 군포시 고산로166, 101동 902호(당정동, 에스케이벤티움)",96.231,85718600
213,SCH0171,1,50324,***,24-1-19호 병영도서 68종 구매,물품,SCH,해군작전사령부,202411081030,JAEBB,주식회사 예린,,이중호,07047727683,"경상남도 창원시 성산구 연덕로184번길28, 3동2층6호(5호)(내동)",90,7077340
2,LDH0851,1,48622,***,K21 베어링 등 2종 구매,물품,LDH,육군종합정비창,202411071300,2351F,덕산베아링,DUCKSAN Bearing CO.,신복승,0518045604,부산광역시 부산진구 서전로9번길 38(),89.034,1269600
36,LDH0856,1,48634,***,통신 캐패시터(012768070) 구매,물품,LDH,육군종합정비창,202411071300,M5928,주식회사 오성테크,,김윤현,07076501005,"인천광역시 남동구 앵고개로490번길53, 남동공단142블럭 20로트 2층 1호(고잔동)",88.015,12044209
107,LKG0097,1,50103,***,17해안감시기동대대 개편 자동제어 제조설치,물품,LKG,육군제53보병사단,202411071100,JD5A6,주식회사 더메이테크,,한정향,07077239277,"인천광역시 부평구 부평대로283,C동 6층 609B호(청천동, 부평우림라이온스밸리)",88.007,57467013
29,MCS0125,1,49896,***,장병편의시설 체육비품 구매,물품,MCS,국방부계룡대근무지원단,202411071100,J5799,주식회사 기선,,박재은,01032553210,충청남도 계룡시 엄사면 엄사중앙로66 (계룡엄사 성원아파트),88.008,11850124
633,LDA0080,1,50059,***,(D102) 방탄탑(중형 굴삭기) 제조 설치/납품,물품,LDA,지상작전사령부,202411071100,L2394,준컴퓨터네트워크,,심봉기,0323222232,경기도 부천시 오정구 삼작로22 (삼정동) 100동 108호,88.001,57986000
984,UMM1227,1,39571,***,(24F250-I) 가지치기 및 수목제거 용역,용역,UMM,국군재정관리단,202411071100,DE98F,주식회사 남우,"NANWOOCONSTRUCTIONCO.,LTD.",조소영,0312259704,"경기도 수원시 영통구 대학로34,  906호 (이의동)",87.995,51847300
382,NIT0026,1,50057,***,감정장비(배양기) 구매,물품,NIT,국방부조사본부,202411071100,DC906,(주) 솔포스텍,"SOLPOSTECH CO., LTD.",오문진,0215880349,"서울특별시 송파구 송파대로24길5-6 (가락동,1층)",94.21,13750000
451,NIT0025,1,50051,***,감정장비(자동핵산추출시스템) 구매,물품,NIT,국방부조사본부,202411071100,MB1A2,주식회사 다인피아이디,,신한진,07041320460,"인천광역시 연수구 센트럴로313, 씨동 23층 1호 13-2(송도동, 송도씨워크인테라스한라)",87.995,67003750
312,NIT0024,1,50024,***,감정장비(DNA 보관냉장고) 구매,물품,NIT,국방부조사본부,202411071100,DC906,(주) 솔포스텍,"SOLPOSTECH CO., LTD.",오문진,0215880349,"서울특별시 송파구 송파대로24길5-6 (가락동,1층)",93.831,27000000
243,NIT0023,1,50018,***,유전자과 자동염기서열분석기 정비,물품,NIT,국방부조사본부,202411071100,J48D8,젠트리거,,김승준,0269256332,서울특별시 강서구 마곡중앙5로1길20 (마곡동) 520호,94.961,43987240
18,DSS0058,1,48497,***,방탄헬멧 제조구매,물품,DSS,국군제1068부대,202411071030,K1F2D,주식회사 에코프로비(eco pro B),,배혜진,028536686,"인천광역시 부평구 주부토로236, 에이동 701호 (갈산동, 인천테크노벨리)",91.754,172896000
340,UAZ0023,1,49784,***,외국군 수탁생 숙소 청소 용역,용역,UAZ,합동군사대학교,202411071030,KCE88,명성종합관리,,송은영,07050809485,"경기도 성남시 분당구 성남대로343번길10-6, 3층 3446호(정자동)",88.014,6598540
7,HCF0240,1,50009,***,라우터 머신 1점,물품,HCF,공군군수사령부,202411071030,H9C71,한국씨엔에스,Han Kook cns,김유석,0536426900,대구광역시 달서구 한실로6길120-45 (대곡동) 1층,99.538,74910000
199,SCH0169,1,50002,***,24-1-17호 가솔린 엔진오일 등 19종 구매,물품,SCH,해군작전사령부,202411071030,MF831,배르주아,,배경민,07051844339,부산광역시 금정구 중앙대로1742번길34-0 (부곡동) 에펠하우스 501호,88.011,10913080
4,SCK0144,1,49967,***,24-2차 군고반 현장학습 버스임차용역,용역,SCK,해군교육사령부,202411071030,C5D5E,주식회사 대진고속관광,DAEJIN TOUR,김재식,0555452226,경상남도 창원시 진해구 충장로 235(),88.415,689920
297,SCH0168,1,50000,***,24-79호 휴대용 멀티박스 등 188종 구매,물품,SCH,해군작전사령부,202411071030,J656E,제이예스,,정진승,01090999514,"경상남도 창원시 마산회원구 봉암공단로6, 1층 136호-A135호(봉암동, 마산산업용재백화점)",88.006,28142540
44,LHP0048,1,49958,***,굴삭기 어태치먼트(브러쉬 등) 구매,물품,LHP,제22보병사단,202411071030,J9E14,주식회사 비전오브코리아,,전진순,01030301597,"강원특별자치도 춘천시 충혼길52번길10, 306호 (온의동,드림타워)",88.006,35863754
6,SCK0139,2,48466,***,24-00사 해고반 181기 버스 임차용역,용역,SCK,해군교육사령부,202411071030,C5D5E,주식회사 대진고속관광,DAEJIN TOUR,김재식,0555452226,경상남도 창원시 진해구 충장로 235(),88.223,1811040
50,SCP0111,1,50066,***,유한아세트아미노펜정 500mg 등 107종 구매,물품,SCP,제8385부대,202411071030,LA9E2,베네시아팜주식회사,,이창희,07086729109,경기도 양주시 장흥면 호국로487. 305호(온유빌딩),88.054,17518290
1004,LMH0068,1,50069,***,[B209] 24년 병영도서관 도서 구매,물품,LMH,제7군단,202411071030,GB6DA,하늘문고,Skybook,김지혜,07086673153,경기도 남양주시 진건읍 진건오남로105번길9 2층 202호,90,23275190
297,SCH0167,1,49986,***,24-78호 물티슈 등 451종 구매,물품,SCH,해군작전사령부,202411071030,LA59E,싹(SSAK),,최은일,07047700655,경상남도 창원시 의창구 차상로150번길10 (팔용동)229호,88.018,18889000
3473,SFC0136,1,50025,***,아크릴표지판 등 193품목 구매,물품,SFC,제9691부대,202411071030,L7366,에스엘,,한지선,01025445672,"경기도 하남시 덕산로39-0 (덕풍동, 한솔리치빌아파트1단지) 108-1803",87.996,10426937
1410,SCK0143,1,49306,***,마약검사 키트(6종) 등 2종 구매,물품,SCK,해군교육사령부,202411071030,IF5EA,플러스컴퍼니,,이태우,07051025975,"인천광역시 동구 송현로39-0 (송현동, 솔빛마을주공2차아파트) 201동2004호",87.995,24441670
914,LQG0075,1,49834,***,(육성) 00부대 모니터 등 7종 구매 납품,물품,LQG,육군 52보병사단,202411071030,I008F,가온 네트워크,gaon network,노영선,01090601653,경기도 남양주시 화도읍 가곡로61-28  B동,88.328,65858850
3,LQG0074,1,49825,***,(육성) 00부대 PC(본체) 제조 설치 납품,물품,LQG,육군 52보병사단,202411071030,DE770,주식회사 컴윈,COMWIN,정연철,0313514575,경기도 화성시 팔탄면 온천로122-9,88.68,34013808
2,ELA0032,1,2055B,***,"부품키트,포구초속측정기용(K55A1용)",물품,ELA,화력총괄계약팀,202411071030,3553F,(주)디에스티,dst.co.ltd,홍미정,0314588110,"경기도 군포시 엘에스로172, 1011호(금정동 한림휴먼타워)",85.014,2610776448
5544,MCL0008,2,49278,***,00체계 UPS 배터리 구매,물품,MCL,국방정보본부,202411071000,LCFF0,명성공인중개사사무소,,이정열,023814455,경기도 고양시 덕양구 삼송로181-0 (삼송동),87.995,81551304
75,LPN0021,1,49922,***,24년 00단 어태치먼트 자재 구매,물품,LPN,수도군단,202411061500,J0F7A,광명산업,,이계순,0262681050,경기도 광명시 원노온사로15-0 (노온사동),94.04,22200000
2,MHD0083,2,38867,***,효과적인 무기체계 부품국산화 국산화율 정교화 연구,용역,MHD,방위사업청(운영지원과),202411061500,C7CD2,사단법인 안보경영연구원,SMI,김주형,025445937,"서울특별시 강남구 언주로527, 10층 (역삼동)",,68800000
2,EBB0343,1,5531R,***,24년 105밀리 연습예광탄 파라핀지환통,물품,EBB,지상공통전력운영계약팀,202411061430,D3C15,(주)오성지관,"O SUNG PAPER TUBE MFG.CO.,LTD",오형수,0318587092,경기도 양주시 칠봉산로337번길11 (봉양동),86.177,330292500
3,LDH0846,1,49164,***,(자재) 부품제작자재 용사파우더 구매,물품,LDH,육군종합정비창,202411061300,G3AF6,주식회사 세원하드페이싱,SEWONHARDFACING,곽찬원,0632110828,전북특별자치도 완주군 봉동읍 완주산단1로43-0,91.008,38000000
41,LDH0847,1,49298,***,K21 축전기 등 6종 구매,물품,LDH,육군종합정비창,202411061300,M5928,주식회사 오성테크,,김윤현,07076501005,"인천광역시 남동구 앵고개로490번길53, 남동공단142블럭 20로트 2층 1호(고잔동)",88.024,22862069
8,LPK0025,1,49702,***,24-2차 동력버너 구매,물품,LPK,제8기동사단,202411061130,MAE31,선우산업,,이재숙,01074863687,경기도 포천시 소흘읍 죽엽산로167번길21-26,89.856,10415401
85,LPK0027,1,49710,***,자동화 사격장 방호판 구매,물품,LPK,제8기동사단,202411061130,EFD69,영창 MGS,,윤영창,0315352756,경기도 포천시 학동로 5(),88.041,9001479
6,LPK0026,1,49708,***,24년 물류취급물자 물품 구매,물품,LPK,제8기동사단,202411061130,MAE31,선우산업,,이재숙,01074863687,경기도 포천시 소흘읍 죽엽산로167번길21-26,88.136,7733465
740,LDA0076,1,49280,***,(A164) 24년 주거시설 도배 및 장판 설치납품,물품,LDA,지상작전사령부,202411061100,LFD47,엠케이플레이스,,김익환,01098302292,"경기도 용인시 기흥구 덕영대로2077번길20, 202동 805호(영덕동, 용인영덕신일아파트)",87.995,109457346
104,LIK0076,1,49797,***,24년 시설예비용 보온대 구매,물품,LIK,제2군수지원여단,202411061100,ACE97,예준건설(주),,정문숙,0332525825,강원특별자치도 춘천시 동면 금베이길15-17,88.001,17608900
41,LGP0156,1,49857,***,국가기술자격검정용 자동차 검사장비 설치납품,물품,LGP,제1군수지원사령부,202411061100,D5904,상원산업 주식회사,SANG WON SAN UP,신옥이,0332544787,강원특별자치도 춘천시 옛경춘로562-22 (온의동),88.055,48244660
30,LCH0069,1,49836,***,13여단 간부숙소 노후 싱크대 교체(주-집-5)(수정),물품,LCH,특수전사령부,202411061100,G12A5,준디자인주식회사,"jun design co.,ltd",박형호,0319412203,"경기도 파주시 조리읍 명봉산로79번길44-130, 1동",94.17,40920000
43,UMM1220,1,49130,***,24-M-공기청정기 필터 제조,물품,UMM,국군재정관리단,202411061100,B7816,주식회사 월드필터,"WORLD FILTER CO.,LTD.",정옥진,0319411784,경기도 파주시 풀무골로44 (야동동),88,69773000
832,UMM1225,1,47721,***,(247383-F) 수술모 등 의료기재 구매,물품,UMM,국군재정관리단,202411061100,HF129,주식회사 성우팜,sungwoopharm,박정희,01056715993,서울특별시 영등포구 여의대로24 지하 114-2호(여의도동),87.997,105383870
651,UMM1221,1,47099,***,(247358-D)안테나 교체공사용 도파관 등 3종 구매,물품,UMM,국군재정관리단,202411061100,L0787,하림상사,,최하림,01071794392,"경기도 수원시 장안구 파장로112-13, 402호(파장동)",87.995,96936150
494,UMM1224,1,45569,***,(246372-E) 다목적트랙터 및 블로워 구매,물품,UMM,국군재정관리단,202411061100,E4212,엔시티（NCT）,nct,서상인,0535253690,경상북도 칠곡군 지천면 금호자원길16-24,87.998,115747848
51,UMM1219,1,45315,***,24-M-침해사고 조사분석체계 상용 SW 구매,물품,UMM,국군재정관리단,202411061100,JE32A,주식회사 인섹사이버시큐리티,,김종광,0264057748,"서울특별시 금천구 가산디지털1로146, 705호(가산동, 대륭테크노타운22차)",97.982,113594800
187,LPN0020,1,49811,***,25년 군 주거시설 도배장판 설치납품(인천권역),물품,LPN,수도군단,202411061030,K519A,에이스건설산업,,김진욱,01097270975,인천광역시 서구 경명대로706번길16-0 301호 (공촌동),83.005,296840640
1424,SCQ0114,1,49872,***,24-평 무선마이크 등 5종 구매,물품,SCQ,제9911부대,202411061030,L1253,누리상사,,권예진,01091975790,"경기도 구리시 건원대로34번길77 (인창동, 주공아파트)605-1606",88.001,7896010
17,SDG0052,1,49868,***,수리부속(GASKIT 등 20종 구매),물품,SDG,제2002부대,202411061030,K7E87,휴이,,이명교,07043231705,경기도 평택시 중앙2로13 (평택동) 602-1-310,88.727,12909540
127,SDF0160,1,49804,***,스틸 카프링 등 43종 구매,물품,SDF,제5738부대,202411061030,K62E2,선영솔루션,,문제원,070-4772-1096,"경상북도 포항시 남구 중앙로154, 16층 1067-44호 (해도동, 학산타워빌딩)",88.026,3944484
157,SFN0091,1,49756,***,통신장비 정비용 자재구매,물품,SFN,연평부대,202411061030,JF179,에스디피,,고현정,010-8784-6226,"인천광역시 서구 청라에메랄드로134, 215동 2305호(청라동, 호반베르디움)",88.005,10246960
436,HCM0066,1,49845,***,24-10-357 전기온수기 등 113품목 구매,물품,HCM,공군교육사령부,202411061030,M2962,성공유통,,최비건,01025925918,"경상남도 함안군 가야읍 가야18길22, 104동 1102호(태완노블리안아파트)",88.006,43109286
61,MCX0061,1,49851,***,위험물저장소 등 3종 구매,물품,MCX,자운대근무지원연대,202411061030,J2E26,한마음,,안진권,0428253568,"대전광역시 유성구 반석로7 (반석동) 4층 404-A06호(반석동, 애니빌프라자)",88.255,7336530
23,HDQ0075,1,49894,***,20비 24-338 운반박스 등 3품목,물품,HDQ,제20전투비행단,202411061030,LC079,다진,,최유석,010-3635-3796,"충청남도 계룡시 서금암5길9-0 (금암동, 신성2차미소지움아파트) 210동 506호",88,13121535
1018,LMR0059,1,49883,***,탄약고 온도저감 조치를 위한 차열페인트 구매,물품,LMR,제5군단사령부,202411061030,IFD61,샘물기업,,박민진,01038002037,"충청남도 천안시 서북구 불당23로10, 501동 1층 103호(불당동, 호반 베르디움 센트로 포레)",88.006,7329000
62,LKH0041,1,49720,***,'24년 후반기 물탱크 청소용역,용역,LKH,제6128부대,202411061030,E841E,주식회사 더우린,thewoorin,박준수,0552238665,경상남도 창원시 마산회원구 회원동로 15(),88.002,15150490
14,SFM0088,1,49718,***,백색 면양말 제조,물품,SFM,제3170부대,202411061030,FE677,준희어페럴,junhee apparel,선옥임,0317217711,경기도 성남시 수정구 남문로78번길3 (태평동),88.083,46421559
307,MDW0027,1,49862,***,24년 생도피복(런닝화 및 수영복류)구매,물품,MDW,국군간호사관학교,202411061030,A3C8C,주식회사 우성넷콤,"woosungdigital Telecom Co., Ltd.",김진수,0425337787,대전광역시 중구 목중로16번길46 (중촌동) 1층,88.003,45138820
308,MDW0028,1,49877,***,25년 생도피복(견장류) 제조구매,물품,MDW,국군간호사관학교,202411061030,MC0B2,박상(주),,박경훈,01079703641,"대전광역시 유성구 은구비남로33번길13-8, 3181호(지족동, 양지빌딩)",88.002,39521250
758,SCH0166,1,49873,***,24-1-16호 해상용들것 등 6종 구매,물품,SCH,해군작전사령부,202411061030,LFDCB,그라나다,,백상윤,01080037402,"서울특별시 노원구 공릉로351, 7동 10층 2호(하계동, 한신청구아파트)",88.002,18202760
2,SCK0142,1,49758,***,24-00사 안보현장 버스 임차용역,용역,SCK,해군교육사령부,202411061030,C1EB0,주식회사 명신관광,myeongsin tour,안종주,0552385040,"경상남도 창원시 성산구 상남로37,비이 101호 (상남동 덕산베스트텔)",88.938,566930
185,SDF0161,1,49823,***,리갈패드 등 1183종 구매,물품,SDF,제5738부대,202411061030,KE270,마중물,,오경희,07082852302,"경상북도 포항시 북구 대안길56 (용흥동, 우방타운)123동 507호",88.009,43092857
173,LGI0088,1,49041,***,24-2차 여단 주둔지 제초용역,용역,LGI,제3군수지원여단,202411061030,KB8A5,(주)엔에스조경,,김선태,0335220032,강원특별자치도 삼척시 언장2길44-0 (교동)101호,88.01,35223800
2089,SFG0112,1,49092,***,병기보관함 등 7품목 구매,물품,SFG,제9181부대,202411061030,L68A3,부광트레이더스,,노기범,01045856065,경기도 수원시 영통구 창룡대로256번길77-0 (이의동)102호,87.995,38430184
409,SFG0113,1,49091,***,실내용 돔카메라 등 3품목 구매,물품,SFG,제9181부대,202411061030,08023,주식회사 영진씨엔씨,SN,김미경,07042557066,"인천광역시 부평구 마장로168, 3층(산곡동)",87.995,24510000
20,SCF0966,1,49181,***,’24년 함정 통풍관 및 FCU 소제 용역,용역,SCF,해군군수사령부,202411061030,G1C6E,건우선박 주식회사,gunwoo,이종포,01090501823,"경상남도 창원시 진해구 진해대로1041번길11, 303호(풍호동, 도담오피스텔)",88.028,429694800
4,SCF0969,1,47325,***,'24년 함정 승강기 외주정비,물품,SCF,해군군수사령부,202411061030,A8797,(주)대명엘리베이터,"daemyung elevator co., ltd.",김동건,0522882700,"울산광역시 북구 활밤로 19(효문동, (주)대명엘레베이터)",83.936,108618000
4,SCF0920,3,45134,***,'24년 상륙돌격장갑차(KAAV) 최종구동장치 외주정비,물품,SCF,해군군수사령부,202411061030,CAA34,삼광기계제2공장,SamKwang Machinery 2'nd Company,전서훈,0552978192,경상남도 창원시 의창구 창원대로204번길20-0 (팔용동),84.816,82062000
385,MCT0056,1,49900,***,간부숙소 시스템에어컨 설치/납품,물품,MCT,국군체육부대,202411061030,H8C43,주식회사 다온테크닉스,DAONTECHNICS Inc,장동조,0513236311,부산광역시 기장군 정관읍 예림1로87-34,87.997,135000990
2,ELA0031,1,2536,***,휴대용무전기(K56용),물품,ELA,화력총괄계약팀,202411051600,B9F01,인소팩주식회사,"INSOPACK CO., Ltd",손동철,0544731231,"경상북도 구미시 인동20길5, 302호(진평동, 엠에이치케이빌딩)",86.93,36680000
27,LDH0812,2,45764,***,통신 캐패시터 등 10품목 구매,물품,LDH,육군종합정비창,202411051300,LBCDA,엠에스산업,,정명식,010-9311-9173,"부산광역시 강서구 명지국제2로41 (명지동, 더샵 명지퍼스트월드 3단지)",88.009,19179500
365,SCF0962,1,47619,***,(긴급)집성판(1200X2400X18) 등 14종,물품,SCF,해군군수사령부,202411051300,CF5B2,대광산업,daegwang,이종명,01026787883,경상남도 창원시 마산회원구 양덕북5길97 (양덕동1층상가),88.028,13511667
7,LDH0845,1,47851,***,"K200 나사,캡식,6각 머리형 등 10종 구매",물품,LDH,육군종합정비창,202411051300,LBCDA,엠에스산업,,정명식,010-9311-9173,"부산광역시 강서구 명지국제2로41 (명지동, 더샵 명지퍼스트월드 3단지)",88.41,8435700
3,LDH0837,1,47791,***,"(기동) 5톤차량 튜브,곡선형,금속제 등 7품목 구매",물품,LDH,육군종합정비창,202411051300,BA764,대명 ENG,DAEMUNG ENG,이갑용,0518318756,"부산광역시 강서구 녹산산업중로100-0 (송정동), A동",88.405,9546100
157,LCG0095,1,49023,***,[24-육-241] 2025년 안전캘린더 후가공 제조,물품,LCG,육군본부,202411051230,GEE25,주식회사 리플렉스,"REFLEX CO.,LTD",김광용,023756630,"경기도 부천시 소사구 양지로247-0 (옥길동) 510-514호(옥길동, 광양프런티어밸리7차 지식산업센터)",88.016,30116050
574,MDG0217,1,49011,***,24-5차 의무비품(운반대수동식선반형 등 10종) 구매,물품,MDG,국군의무사령부,202411051100,EBA52,유한회사 엔디클릭,endi click,최용석,07075844063,"전라남도 장성군 황룡면 강변로452-16, 3층 302호",88.001,36090590
33,LMP0043,1,49169,***,24년 중형 굴삭기용(08용) 나무 파쇄기 구매,물품,LMP,제3보병사단,202411051100,M73C0,서원,,심현남,01068338047,"강원특별자치도 원주시 중앙로86, 203호(중앙동)",88.009,23051023
126,SFJ0017,1,49554,***,병영도서관 도서 구매,물품,SFJ,제2112부대,202411051100,GA6F4,주식회사 문화이야기,"innovation co,.ltd",박준규,0542776848,"경상북도 포항시 남구 대이로5번길14, 2층 301호(대잠동)",90.003,1171700
130,LKP0150,1,49420,***,유증기 액화 회수기 구매,물품,LKP,5군수지원사령부,202411051100,K9C97,주식회사 라이프트리,,장경애,07077119646,경기도 파주시 가람로116번길107-0 (와동동) 운정한강듀클래스 B107호,88.177,26005320
39,MDR0063,1,49428,***,25년 부대원 수첩 제작,물품,MDR,제9965부대,202411051100,GEE25,주식회사 리플렉스,"REFLEX CO.,LTD",김광용,023756630,"경기도 부천시 소사구 양지로247-0 (옥길동) 510-514호(옥길동, 광양프런티어밸리7차 지식산업센터)",88.004,12286210
101,LDA0078,1,49495,***,(D100) 24년 후반기 디지털 인쇄재료 구매,물품,LDA,지상작전사령부,202411051100,MBD6C,주식회사 리덤디,,유성실,01063542587,"경기도 용인시 기흥구 죽전로29, 6층 6028호(보정동, 포레스트프라자)",88.003,35129070
1591,LDA0077,1,49487,***,(D094) 24년 4차 전산운용재료 구매,물품,LDA,지상작전사령부,202411051100,MCFF3,주식회사 제일시드,,고기승,07041462431,"경기도 화성시 메타폴리스로42, 9층 902호 엘52(반송동, 디앤씨빌딩)",88.001,10308280
17,UMM1215,1,48878,***,(24F266-A)장비정비 및 수리부속 원가계산 용역,용역,UMM,국군재정관리단,202411051100,H911D,사단법인 한국행정사회연구원,Korea Administration Society Institute,박홍순,0313600461,경기도 안양시 동안구 벌말로126 (관양동) 평촌오비즈타워 11층 1105호,87.749,89505100
937,UMM1216,1,48856,***,(24F252-I) 24~27년 얼음정수기 임차용역,용역,UMM,국군재정관리단,202411051100,G6F19,대성상사,daesung,장근영,01050662957,서울특별시 강서구 마곡동마곡엠밸리6단지604-504,87.746,98305000
36,UMM1214,1,48855,***,(24G258-A)25년 의무비품 이전 용역,용역,UMM,국군재정관리단,202411051100,I9353,주식회사 이사박사코리아,ESABAKSAKOREA.CO.LTD,이하은,0222522484,서울특별시 중랑구 용마산로116길6-0 (망우동),88.057,66750122
335,UMM1217,1,47628,***,"(247379-F) 멸균소독기, 전기식 구매",물품,UMM,국군재정관리단,202411051100,HF980,두물기업,DUMUL company,김재원,01091866118,"충청북도 청주시 흥덕구 덕암로47번길20-6, 4층(봉명동, 더메이)",97.995,174000000
136,UMM1222,1,46238,***,24-N-통합배선반 제조설치(248247-F),물품,UMM,국군재정관리단,202411051100,L26F6,주식회사 에스피비,,박해은,07077683001,"경기도 시흥시 서울대학로59-47, 932호 (배곧동)",88.044,440576403
3,UAC0051,1,48683,***,'24년 디지털 윤전정합기(롤투컷) 외주정비 용역,용역,UAC,국방출판지원단,202411051100,MAFB1,어셈블 시스템즈,,엄용철,010-3632-9677,충청남도 당진시 송악읍 틀모시로821-8,88.408,19272000
14,LCK0044,1,49611,***,[일반-24-203] 직할부대 식기세척기 임차용역,용역,LCK,수도방위사령부,202411051030,M7AB3,행운남,,엄창섭,01052053357,"경기도 파주시 문산읍 방촌로1725-0, 2층 202-C149호",88.282,54311930
271,SCH0165,1,49597,***,24-77호 플러스펜형 수정테이프 등 347종 구매,물품,SCH,해군작전사령부,202411051030,LF17E,다올세일즈,,남진호,07070055342,"부산광역시 강서구 명지국제5로110, 309동 1104호",88,12902700
266,SCH0164,1,49592,***,24-76호 투명 데스크 매트 등 158종 구매,물품,SCH,해군작전사령부,202411051030,JECCE,에이치지테크,,김형곤,07078130803,부산광역시 동래구 온천천로339번길51(낙민동),88.029,10101720
19,SCN0179,1,49594,***,운동용품 파워렉 등 10종 구매,물품,SCN,제7001부대,202411051030,KEA13,국일광고산업,,류민근,01035899191,경상남도 창원시 마산회원구 양덕북1길3 (양덕동),88.451,5847004
1385,SCN0178,1,49502,***,의무물자(진료물품 보관 카트 등 9종) 구매,물품,SCN,제7001부대,202411051030,I503A,소영프로젝트,Soyoung Project,정소영,0317751724,"경기도 남양주시 진접읍 해밀예당1로50-47 , 506호 C98(리첸타워)",88,42067404
109,SFG0114,1,49093,***,니트릴장갑 등 321품목 구매,물품,SFG,제9181부대,202411051030,FCEF6,다성,Dasung,박이숙,01054838339,"경기도 김포시 고촌읍 전호로32, 2동 401호",88.01,28016000
142,LDG0090,1,49424,***,무선 로봇 제초기 구매,물품,LDG,육군 탄약지원사령부,202411051030,LE465,아이컴퍼니,,이정환,01057504694,"서울특별시 동작구 동작대로35차길12-5, 비01호(사당동, 금양빌라)",88.004,59601700
10,HCG0051,1,49669,***,기상상황판 제조 구매,물품,HCG,공군본부,202411051030,M0950,윤봄건설주식회사,,최재광,0414307811,충청남도 당진시 송악읍 부동길135,88.084,16178530
167,LCK0045,1,49614,***,[일반-24-204] 00부대 대테러물자류 4종 구매,물품,LCK,수도방위사령부,202411051030,I61BC,주식회사 창대기획,ChangDai,신동숙,01074075881,"서울특별시 강서구 강서로159-4, 101호(화곡동, 두선빌)",88.018,74401067
469,LGC0031,1,49471,***,25~27년 대형정수기 임차용역,용역,LGC,육군학생군사학교,202411051030,LC7CC,다운테크,,전다운,07041155258,"전라남도 순천시 서면 선평동선길36, 303동 1202호(선평빛찬들아파트)",88.003,85101564
25,SFN0089,1,49475,***,24-3차 의약물품 구매 납품,물품,SFN,연평부대,202411051030,LEB81,미코정원,,서명옥,01051032088,인천광역시 부평구 경원대로1432번길20-0 (부평동)3동201호,88.151,10241200
76,LGC0032,1,49557,***,25년 학군후보생 군장품(명찰 등) 제조납품,물품,LGC,육군학생군사학교,202411051030,H122F,한빛금속,hanvietmetal,오세홍,0314932044,"경기도 안산시 단원구 해안로202-0, 나동1층 (원시동)",88.021,85866060
389,LMH0067,1,49466,***,[B216] 군단 직할 HACCP형 취사기구 조달 구매,물품,LMH,제7군단,202411051030,FCEF6,다성,Dasung,박이숙,01054838339,"경기도 김포시 고촌읍 전호로32, 2동 401호",88.003,12856000
62,SFG0115,1,49438,***,탄피받이 제조 구매,물품,SFG,제9181부대,202411051030,K8847,탑에스씨,,이승은,07070079007,"서울특별시 영등포구 여의대방로43나길12, 1층 (신길동)",88.028,23927400
384,SFG0111,1,48906,***,각파이프 등 7품목 구매,물품,SFG,제9181부대,202411051030,D17B7,성진실업,sungjin co,성은하,0226540974,"서울특별시 양천구 목동동로100, 1329동 1층 105호(신정동, 목동신시가지아파트13단지)",87.996,29521439
1280,SFC0134,1,48170,***,24-덕-스 사각테이블 등 5종 구매,물품,SFC,제9691부대,202411051030,IDF8A,티나라교육기획,,김정한,01038770229,울산광역시 중구 태화로130-0 (태화동),99.977,14524150
782,SFC0133,1,48163,***,베터리용 차화매트 구매,물품,SFC,제9691부대,202411051030,M6AC3,진해상사,,김동국,07070792933,경상남도 창원시 마산회원구 삼호로38-0 (양덕동),88.903,42472000
1385,SFC0132,1,48158,***,24-해병-수첩 커버 구매,물품,SFC,제9691부대,202411051030,M824D,에프엑스트레이딩,,박세용,01025520485,"경기도 성남시 분당구 양현로138-0 (이매동, 이매촌)",87.995,11264500
626,SCF0955,1,48464,***,전원공급기 등 2종 구매,물품,SCF,해군군수사령부,202411051030,HA864,북소,bookso,윤선아,07041542709,경기도 수원시 팔달구 효원로308번길58-11 (인계동)201-501,87.995,44173400
1983,SCF0963,1,46523,***,"덮개, 입구용 등 2품목 구매",물품,SCF,해군군수사령부,202411051030,D5F9F,에스와이테크,sytech,정미경,055-296-0229,경상남도 창원시 의창구 팔용로 355(),90.22,85505000
24,LPG0028,1,49580,***,여성 편의시설 컨테이너 제조/구매,물품,LPG,제5보병사단,202411051030,J43B2,(주)아이도요,,황종식,0319894996,"경기도 김포시 통진읍 애기봉로662번길22-14, 22-18",88.678,188686200
6,LGP0155,1,49090,***,24-3차 화공가스(고압질소) 구매 및 용기검사,물품,LGP,제1군수지원사령부,202411041100,HAB50,주식회사 태성산업가스,Tae Sung Industrial Gases,박규환,0314384391,경기도 군포시 군포로59-3 (대야미동),88.222,15530000
15,LCH0067,1,48538,***,00부대 관사 노후 보일러 교체(특-24-집-4),물품,LCH,특수전사령부,202411041100,EA14E,청원산업,cheong won industry,이상복,0432692752,충청북도 청주시 서원구 남이면 연청로1288-27,88.087,38706254
61,LGT0088,1,49352,***,GRC-2002K 원격운용장비 구매,물품,LGT,제2307부대,202411041100,MA39C,도연컴퍼니,,김인숙,01087374395,"경기도 의정부시 서광로166, 501동 1105호(산곡동, 고산센트레빌)",88.063,31121900
12,LFK0075,1,49281,***,24년 후반기 간부과정 실습재료 구매,물품,LFK,육군종합군수학교,202411041100,LAB33,송하푸드,,신송하,01074964679,대전광역시 대덕구 중리북로10-0 (법동),88.151,11045200
70,LGI0086,1,48434,***,24년 유류시험장비 구매,물품,LGI,제3군수지원여단,202411041030,MF041,비더블유컴퍼니,,정병욱,01072071901,"경기도 동두천시 강변로296번길19, 102동 904호(생연동, 건영아파트)",88.006,172092960
16,MCT0055,1,49393,***,양궁부 훈련용품(표적지)구매,물품,MCT,국군체육부대,202411041030,MEFFF,청운테크,,박청운,01064067293,"경기도 고양시 덕양구 화신로105-0 (행신동, 햇빛마을) 2311동304호",88.003,5793070
201,SCP0110,1,49384,***,노트북쿨러 NBS-17 등 974종 구매,물품,SCP,제8385부대,202411041030,M3842,범스토리,,채범준,01063366252,"강원특별자치도 동해시 동해대로5464, 2층 203-23호(평릉동, 광진자동차정비)",88.033,40718000
253,SCQ0112,1,49299,***,24-평 육상 및 도서 매트리스 소독 용역,용역,SCQ,제9911부대,202411041030,G08E8,(주)지엘엠,G.L.M,여은미,0319982417,"경기도 김포시 하성면 석평로19, 1층 11호",88.006,35363210
205,SCI0121,1,49066,***,볼펜 리필심 등 124종 구매,물품,SCI,제9121부대,202411041030,M745C,캔버라,,심현남,01068338047,"경상남도 창원시 성산구 용지로94, 지하층 109호 (중앙동, 올림피아상가)",88.001,6730833
37,SCK0140,1,49297,***,도서(넥서스 등 99종) 구매,물품,SCK,해군교육사령부,202411041030,CF5B2,대광산업,daegwang,이종명,01026787883,경상남도 창원시 마산회원구 양덕북5길97 (양덕동1층상가),90.003,1876687
3,SCQ0111,1,49289,***,24-평 후반기 버스임차 용역,용역,SCQ,제9911부대,202411041030,C0A81,두레고속관광(주),dooretour,장근수,024650700,경기도 구리시 건원대로34번길27-0 (인창동) 지하1층 115호,98.658,6332000
51,LPG0027,1,49253,***,'24년 내진성능평가 검증용역(1공구),용역,LPG,제5보병사단,202411041030,KA679,(주)대화구조안전기술,,박정훈,03151751177,"경기도 안양시 동안구 엘에스로116번길118, 9층 911호(호계동, 안양2차 SK V1 센터)",88,14580700
1859,LQH0048,1,49262,***,검문소 경량화 장애물(바리케이드) 구매,물품,LQH,제3697부대,202411041030,H66F4,중앙문고,donga,조영자,07086673153,경기도 수원시 팔달구 중부대로177 701호(우만동),88.054,35833590
51,LPG0026,1,49252,***,'24년 내진성능평가 검증용역(3공구),용역,LPG,제5보병사단,202411041030,LDD65,(주)두올구조,,최효준,0316982384,경기도 성남시 수정구 위례서일로30-0 (창곡동) 위례헤리움 306호,88.001,15180034
58,LPG0025,1,49251,***,'24년 내진성능평가 진단용역(3공구),용역,LPG,제5보병사단,202411041030,LA738,주식회사 홈체크,,이길원,0315460845,"경기도 용인시 기흥구 기흥로58, 기흥아이씨티밸리 에스케이 브이1 비동 804, 805, 806, 비325, 비326호(구갈동)",88.027,80041530
58,LPG0024,1,49250,***,'24년 내진성능평가 진단용역(1공구),용역,LPG,제5보병사단,202411041030,JC52D,주식회사 유일구조엔지니어링,,양현지,0312123112,"경기도 용인시 기흥구 기흥로58-0 (구갈동) 비동 2506호(구갈동,기흥아이씨티밸리에스케이브이원)",88.004,68579990
101,HCF0238,1,49085,***,스포트 캡 팁 등 167종,물품,HCF,공군군수사령부,202411041030,HF5D2,정민상사,jungmin.crop,김석현,01029995111,대구광역시 달성군 다사읍 달구벌대로812-0 (강창하이츠) 102-1003,88.006,31786940
4,MDN0027,1,49202,***,CSRP 성능시험 기자재 검교정 용역,용역,MDN,국군화생방방호사령부,202411041030,K3ED9,(주)트루피플,,황혜림,01050420342,"부산광역시 연제구 월드컵대로160, 6층606호",88.78,21093113
263,SDF0159,1,49070,***,에어엔진클리너 등 539종 구매,물품,SDF,제5738부대,202411041030,L1EB5,에스디케이,,김성덕,01028180976,"경상남도 창원시 성산구 안민안길50, 104동 401호(천선동, 서광파크빌아파트)",88.004,29054287
247,HDL0025,1,49301,***,24-10-273 3단 덤벨렉 등 11종 구매,물품,HDL,공군제16전투비행단,202411041030,ME1D3,오른공방,,김준영,07041097450,"경상북도 김천시 무실7길38, 101동 1507호(덕곡동, 덕곡주공아파트)",88.039,21308400
42,MFH0016,1,49283,***,미활용 군용지 위험지역 수목제거용역,용역,MFH,국방시설본부,202411041030,HCBB9,파란나라 주식회사,chun-il,김수현,0337641790,강원특별자치도 원주시 태장공단길54-10 (태장동),88.24,21693360
175,SDF0158,1,49073,***,카라비너 등 395종 구매,물품,SDF,제5738부대,202411041030,J57A6,태성전지,,이재성,0553457927,경상북도 포항시 남구 청림서길10번길16 (청림동),88.047,20477620
182,HCG0049,2,48569,***,발간재료(디지털 인쇄기 부품) 구매,물품,HCG,공군본부,202411041030,K6C33,드림유통,,이금주,01094450133,"충청남도 서천군 장항읍 화송길39, 402호 다다하이빌",88.01,17073490
16,LKH0040,1,49116,***,'24년 후반기 소방안전점검 용역,용역,LKH,제6128부대,202411041030,G9D4A,주식회사 대웅엔지니어링,daewoong electrical safety management,정금준,0556010443,"경상남도 창원시 마산회원구 회성북9길58, 1층, 2층 (회성동)",88.557,18205543
273,SCI0122,1,48764,***,플랫 씰링 등 16종 구매,물품,SCI,제9121부대,202411041030,LE866,진해를 사랑하는 행님들,,이보람,01025898502,"경상남도 창원시 진해구 천자로386, 106동 2604호(풍호동, 창원 마린 푸르지오 1단지)",88.002,21982988
57,SDQ0121,1,49344,***,"실린더헤드, 압축기용 등 38종 구매",물품,SDQ,해군제2수리창,202411041030,FDF62,(주)디에스인프라,DSInfra,조용경,07077666240,경기도 평택시 원평로35번길42 (평택동),88.171,33725812
243,SCI0123,1,48762,***,릴레이 등 4종 구매,물품,SCI,제9121부대,202411041030,L6C56,아트트레블,,김은희,01030090456,"경상남도 창원시 마산회원구 봉암공단로6, 1층 136호-A136호(봉암동, 마산산업용재백화점)",88.008,12087960
4,EBH0135,2,0630,***,"BTCS 수리부속(일반,정비)",물품,EBH,해상공중전력운영계약팀,202411011100,IF39E,주식회사 나우이노,,황재희,0544340901,경상북도 김천시 해오름1로1길6-10 (율곡동),90.837,79100000
11,LHK0062,1,48965,***,[장비정비과] 30Kw 발전기 구매 (수정),물품,LHK,제2군단,202411011100,C4176,주식회사 라온테크,RAONTECH,홍정승,0332458146,"강원특별자치도 춘천시 남산면 해오름길117, 303호",88.072,41300000
2052,LCN0072,1,48660,***,24-3차 체육비품(호흡분석기) 구매,물품,LCN,육군사관학교,202411011100,JF320,블레이즈,,박유찬,01036498707,전라남도 순천시 해룡면 해룡산단6로138,88,19338239
13,LHK0061,1,48867,***,[장비정비과] 항온항습기 설치 구매,물품,LHK,제2군단,202411011100,MA333,티에프,,신태식,0332416697,강원특별자치도 춘천시 동내면 너부래길19-34,88.095,27061000
1591,LPM0046,1,48559,***,24년 후반기 병영도서관/독서카페 도서 구매 계약,물품,LPM,제9보병사단사령부,202411011100,M098A,패시브인컴,,최운현,01065543400,"경기도 수원시 팔달구 중부대로170번길17 (인계동, 수원 인계 푸르지오), 102-3203",90,18727669
111,LCN0071,1,48325,***,25년도 학교 홍보용 달력 제조,물품,LCN,육군사관학교,202411011100,L717D,메그(MEG),,이기찬,01077057614,경기도 남양주시 다산순환로20-0 (다산동) C동 235호,88.327,15210340
1240,LCN0070,1,48662,***,24-2차 냉난방기 구매,물품,LCN,육군사관학교,202411011100,L4F1F,본다(Born da),,조정진,01093972815,경기도 용인시 기흥구 금화로12번길3-0 (상갈동) 202-C45호,88,8632762
13,LKH0038,2,47713,***,'24년 식기세척기 임차용역,용역,LKH,제6128부대,202411011100,D2EDA,(주)한성바이오테크,hansungbiotech,김재경,025877972,"서울특별시 강남구 개포로25길18 (개포동, 1층)",87.812,108336970
4,UMM1210,1,48058,***,(24F273-I) 정보화사업 통합금융리스,물품,UMM,국군재정관리단,202411011100,B179B,롯데캐피탈(주),LOTTE CAPITAL,추광식,0234510099,"서울특별시 강남구 테헤란로 142(역삼동, ARC PLACE) 7층",97.658,3101521110
158,MDG0216,1,48482,***,24년 의무장비(안저카메라 고급형) 구매,물품,MDG,국군의무사령부,202411011100,H967E,메디칼에이엠에스 주식회사,medical ams,김성태,0312215009,"경기도 수원시 권선구 호매실로104번길90-0, 704호(호매실동, 제이디타워)",92.088,252000000
13,LKH0038,3,47713,***,'24년 식기세척기 임차용역,용역,LKH,제6128부대,202411011100,D2EDA,(주)한성바이오테크,hansungbiotech,김재경,025877972,"서울특별시 강남구 개포로25길18 (개포동, 1층)",87.812,108336970
19,DSS0057,1,47634,***,00부대 마이크로필름장비 유지보수 용역,용역,DSS,국군제1068부대,202411011030,L7E88,주식회사 이앤비솔루션,,김선빈,0312021513,"경기도 용인시 기흥구 서천로201번길14, 514호. 515호(농서동, 프리미엄원희캐슬)",87.745,42767605
57,SDQ0120,1,49069,***,방탄유리 등 43종 구매,물품,SDQ,해군제2수리창,202411011030,L3945,주식회사 행복유통,,박선희,01064946403,"경기도 평택시 중앙2로13, 602-1-613호(평택동, 센텀스카이)",88.11,38397610
50,SCR0106,1,48966,***,음악의 언어 등 46종 644권 구매,물품,SCR,해군제3함대사령부,202411011030,L1FC5,금강서점문구,,김옥환,061-276-0343,전라남도 목포시 용당로151 (용당동),90.012,13040434
4,SDQ0113,2,47958,***,’24-평-일반폐기물(샌드블러스트 폐사) 처리용역,용역,SDQ,해군제2수리창,202411011030,H74C4,주식회사 성주환경,sung ju hwan keong,정성환,0512051378,부산광역시 사하구 비봉로21번길더블루오피스텔 512호,88.398,16608400
230,MDN0026,1,49005,***,연구활동 재료 구매(시약3차),물품,MDN,국군화생방방호사령부,202411011030,MED89,정이네유통,,김수정,01092677147,"서울특별시 중랑구 신내역로165-0 (신내동, 신내 데시앙포레)213동 1203호",88.001,22218590
4539,MDN0025,1,49006,***,연구활동 재료 구매(실험도구 3차),물품,MDN,국군화생방방호사령부,202411011030,L7DE8,더피움,,김주희,07047880320,"경기도 수원시 팔달구 인계로20, 104동 502호(매교동, 매교역푸르지오SKVIEW)",88,17777870
491,LGP0154,1,48971,***,24년 후반기 취사장 후드·덕트 청소 용역,용역,LGP,제1군수지원사령부,202411011030,LA343,케이디에스건설 주식회사,,장재원,0314818562,"경기도 고양시 일산동구 탄중로429, 5층층 502-76호(중산동)(중산동, 성지프라자)",88.019,16755850
44,LQP0034,1,49057,***,F부대 UPS 축전지 등 부속품 설치납품,물품,LQP,제1891부대,202411011030,CB31C,(주)두림전설,DOORIM,문기형,0432928153,"충청북도 청주시 청원구 내수읍 충청대로587-2, 1층",88.029,41140510
61,SCP0109,1,49052,***,렉스턴스포츠 스노우타이어 등 23종 구매,물품,SCP,제8385부대,202411011030,L8CFA,엔제이 주식회사,,정남정,01071441951,"강원특별자치도 동해시 동해대로5464, 2층 203-42호(평릉동)",88.022,20331300
6,SDF0157,1,49054,***,임팩트 렌치 등 2종 구매,물품,SDF,제5738부대,202411011030,MEA3B,신라종합,,김대성,01038073754,"경상북도 포항시 북구 새천년대로1123번길9, 210동 14층 1404호(창포동, 창포주공2단지아파트)",88.186,1937970
357,LFC0069,1,49038,***,"24년 체육비품(팔굽혀펴기, 윗몸일으키기대) 2차 구매",물품,LFC,육군훈련소,202411011030,L9E17,에스에스테크,,강하영,0415928912,충청남도 천안시 동남구 원거리1길3 (영성동),88.002,50307010
9,SCH0163,1,49035,***,24-식기세척기 2대 임차 용역,용역,SCH,해군작전사령부,202411011030,J501B,매직토탈,,김덕수,0316333002,경기도 이천시 서희로7-15 (중리동),88.321,12370884
15,SCH0162,1,49027,***,24-1-14호 새우까스 등 14종 구매,물품,SCH,해군작전사령부,202411011030,MC892,에스더블유,,윤상원,01051059076,"인천광역시 연수구 인천타워대로323-0 (송도동), B동 30층 브이420호(송도동, 송도 센트로드)",88.473,11575200
45,SCR0107,1,48986,***,넉가래 등 4종 330점 구매,물품,SCR,해군제3함대사령부,202411011030,ICE85,무안유통,,김형균,01031638984,전라남도 목포시 삼학로18번길6(상락동1가),88.002,5636440
12,SCR0105,1,48914,***,컨베이어 벨트 구매,물품,SCR,해군제3함대사령부,202411011030,EBBFB,전일종합상사,jeonilwhdgkq,전일석,07077337131,전라남도 목포시 통일대로75번길7-1 (옥암동),88.042,4264700
3343,LKM0044,1,48834,***,소양동원훈련장 탄두회수함 설치납품,물품,LKM,제2632부대,202411011030,J5D47,쏭테크(song tech),,이혜연,01036317535,광주광역시 북구 호동로28-1 (중흥동),88,28162000
2,LCF0574,1,46097,***,"허브, 차륜용 등 3항목 제조(기동-020)",물품,LCF,육군군수사령부,202411011030,3121F,(주)우진정밀,"woojin precision co.,ltd.",김철곤,0553235490,경상남도 김해시 생림면 생림대로713번길4-0,99.848,23051000
2,LKS0055,1,48007,***,'24년 ~ '25년 계룡스파텔 식자재 구매,물품,LKS,육군인사사령부,202411011030,JAE2A,푸디스트 주식회사,,박정훈,0221742660,서울특별시 용산구 청파로363(서계동),89.903,1326826750
2,LCF0574,2,46097,***,"허브, 차륜용 등 3항목 제조(기동-020)",물품,LCF,육군군수사령부,202411011030,3121F,(주)우진정밀,"woojin precision co.,ltd.",김철곤,0553235490,경상남도 김해시 생림면 생림대로713번길4-0,99.848,23051000
205,HDM0055,1,48597,***,[24-0199] 튀김우동 등 11품목,물품,HDM,공군제17전투비행단,202410311630,IA82B,주식회사 충청넷,Chungcheongn net,이영수,0425368585,충청북도 청주시 서원구 청남로1863-0 (미평동),88,22090460
2,MHD0093,1,42855,***,'25년 국방연구개발사업 성과조사·분석 연구,용역,MHD,방위사업청(운영지원과),202410311500,G07E3,주식회사 공공정책성과평가연구원,Public Policy Performance Evaluation Institute,김동준,0269250460,"서울특별시 서초구 방배천로155, 유청빌딩 3층(방배동 821-8)",,89950000
2,MHD0092,1,42856,***,'22~'24년 국방연구개발사업 종합적 성과분석 연구,용역,MHD,방위사업청(운영지원과),202410311500,ICB7C,와이젠글로벌 주식회사,,조경민,0269542292,서울특별시 용산구 청파로395 (서계동) 8층,,60000000
173,MDG0211,1,47365,***,24년 의무장비(전자동정제분류포장기) 구매,물품,MDG,국군의무사령부,202410311100,G7B37,마니,money,신동심,0552957783,경상남도 창원시 의창구 북면 동곡로33-0  휴먼빌108-501,90.019,53231640
19,MDN0024,1,48738,***,00대대 휴게실 비품 구매,물품,MDN,국군화생방방호사령부,202410311100,F0FDC,영화산업,YOUNG HWA INDUSTRIAL,전병욱,0222784433,경기도 안양시 만안구 냉천로203번길 4(),94.67,4760000
4,UAC0050,1,48632,***,'24년 후반기 옵셋인쇄기 롤러피복교체 외주정비 용역,용역,UAC,국방출판지원단,202410311100,G0120,주식회사 금성테크롤,kumsuntechroller,전형갑,0317632798,경기도 광주시 도척면 다람로36번길31-8,88.417,12855000
7,MCS0123,1,48732,***,'24년 간부식당 소모품(애벌세제 등 4종) 구매,물품,MCS,국방부계룡대근무지원단,202410311100,JFEAF,미주통상,,정채린,010-4411-2344,충청남도 계룡시 엄사면 엄사중앙로97,88.309,3860000
69,UMM1209,1,45807,***,24-M-공업용 헬륨가스 구매,물품,UMM,국군재정관리단,202410311100,I4A6D,제이에스가스,JSGAS,노지형,01038441662,경상남도 김해시 한림면 한림로515번길105-14,88.547,111689760
864,UMM1206,1,45064,***,(246343-D) VR HMD 구매,물품,UMM,국군재정관리단,202410311100,J7784,에스에스더블유,,심우보,01047416234,경기도 남양주시 화도읍 녹촌로51 (신창현 두산 위브) 105동 601호,87.995,95030220
1460,UMM1207,1,43067,***,(246361-D) 소형 탑승식 청소차 구매,물품,UMM,국군재정관리단,202410311100,JE9F1,어거스틴,,하승표,01058553257,"광주광역시 광산구 신창로35번길20, 1204동 101호 (신가동)",87.995,60007110
149,MDP0010,1,48735,***,24년 지형분석장비 구매(리스물건),물품,MDP,한미연합군사령부,202410311100,E2037,해용정보통신주식회사,Hai Yung Communication,백다리아,0319714969,"경기도 고양시 일산동구 중산로 247306,307호 (중산동, 중산프라자)",83.022,76455421
430,MDG0214,1,47367,***,24년 의무장비(자동혈구계산기 중형) 구매,물품,MDG,국군의무사령부,202410311100,J7C75,(JNJ)글로벌,,정수호,01047461563,"경상남도 창원시 마산회원구 봉암공단로6, 1층 136호-A133호(봉암동, 마산산업용재백화점)",87.996,81638800
1685,MDG0212,1,47366,***,24년 의무장비(자동분석기 생화학용 중형) 구매,물품,MDG,국군의무사령부,202410311100,HE89F,주식회사 바른프린테크,myungboc&p,김연수,0264940791,"서울특별시 중구 퇴계로27길25, 305호(충무로3가, 청림빌딩)",87.999,83883830
47,HCM0065,1,48177,***,공교사 군수2학교 학과장 개선공사(관급자재_GHP),물품,HCM,공군교육사령부,202410311030,A034B,주식회사 다온건설,"Daon Construction CO., Ltd",이재홍,0557634501,"경상남도 진주시 장재동998-1, 1층",88.113,230979076
6,MDW0026,1,48681,***,24년 사관생도 수송용역(후반기 수도권 임상실습),용역,MDW,국군간호사관학교,202410311030,A8479,(주)세일여행사,SEIL TOUR,김중수,027391261,"서울특별시 종로구 삼일대로 4698층 (경운동, 서원빌딩)",88.001,85990000
6,LFC0068,1,48563,***,24년 34차 장비운영소모품 구매,물품,LFC,육군훈련소,202410311030,J7641,케이엠글로벌,,박미영,0415770063,"충청남도 천안시 서북구 검은들3길46, 8층 803-2(8020)호(불당동, 미래시티빌딩)",88.125,12320760
117,HDC0043,1,48755,***,"24-171, 174 차수판 등 2종",물품,HDC,공군제1전투비행단,202410311030,MBED7,도현마켓,,HAYASHI NATSUMI,07088608583,"광주광역시 서구 천변좌로264 (양동, 금호아파트) 2동 806호",88.052,25052530
122,SCF0961,1,48754,***,워커카트 300L 10EA 구매,물품,SCF,해군군수사령부,202410311030,L8691,주호종합상사,,배주호,07047112466,경상남도 창원시 마산회원구 내서읍 광려천북로198-0 (중리 한백아파트),88,5199423
47,SCF0960,1,48752,***,예초기 기화기 등 39종 구매,물품,SCF,해군군수사령부,202410311030,K85E0,구룡,,권주팔,055-546-7314,경상남도 창원시 진해구 벚꽃로7 (창선동),88.002,4717990
105,SFD0094,1,47435,***,체력단련장 엔진브로워등 4품목,물품,SFD,제9227부대,202410311030,J04A7,우주상사,,김선옥,01066224171,"경상북도 포항시 북구 삼흥로100번길30-12 (두호동, 경동하이츠16차)301호",88.012,3976617
93,LKD0076,1,48720,***,육-수중구조용 스킨스쿠버 장비 계약(2차),물품,LKD,제32보병사단,202410311030,J4CC0,만능상사,,정양수,01036902326,광주광역시 광산구 평동로993 (장록동),94.197,32117390
467,SFH0140,1,48721,***,24-B-수레형 염화칼슘 살포기 등 9품목 구매 납품,물품,SFH,제9196부대,202410311030,K519A,에이스건설산업,,김진욱,01097270975,인천광역시 서구 경명대로706번길16-0 301호 (공촌동),88.004,60974640
6,LGP0153,1,48582,***,플라스틱 상자 제조 구매,물품,LGP,제1군수지원사령부,202410311030,E45A4,주식회사 아주프라텍,ajouplatech,임경수,0313520102,경기도 화성시 은행나무로46-12,88.081,17610000
67,SDQ0119,1,48727,***,회로카드 조립체 등 10종 구매,물품,SDQ,해군제2수리창,202410311030,M7AA7,창원,,박은미,07078347000,"경기도 평택시 중앙로29, 5층 551호(통복동, 오피스밸리)",88.013,29929577
17,LKF0067,1,48607,***,24년 후반기 소방시설 종합정밀점검 용역,용역,LKF,제6755부대,202410311030,H09A2,창대전기소방 주식회사,ChangDae Electric Fire co.ltd,안동현,0546241191,경상북도 경주시 임해로129번길11-2 (황오동),88.004,18152870
33,LQH0047,1,48705,***,후반기 소방작동기능점검 용역,용역,LQH,제3697부대,202410311030,JF087,주식회사 도솔방재,,유승국,0323216119,"경기도 부천시 원미구 송내대로388, 200동 307호(약대동, 부천테크노파크)",88.094,12023720
1086,LGI0087,1,48446,***,'24~'27년 얼음정수기 임차 용역,용역,LGI,제3군수지원여단,202410311030,LEFFE,거베라,,윤아영,01025748198,경기도 시흥시 호현로9번길6-0 (신천동) 1212호,88,74183000
244,SFH0143,1,48733,***,24-B-대형 에어컨 등 5품목 구매 납품 및 설치,물품,SFH,제9196부대,202410311030,HEE3A,효성산업,hyosung,신성현,01048285655,"인천광역시 계양구 새벌로112번길17-1, 9동 401호 (효성동, 하늘빌리지)",87.997,124809500
3,SCF0959,1,48620,***,"심해잠수체계(PTC, Wet Bell) 유지보수 정비",물품,SCF,해군군수사령부,202410311030,A1200,동일조선주식회사,"dongil shipyard co.,ltd",고성준,0512001211,부산광역시 사하구 원양로391(감천동),91.031,218880000
387,SCF0956,1,47356,***,"(긴급)절연 펠트,방열용 등 87종",물품,SCF,해군군수사령부,202410311030,GF65E,미래상사,miraeshangsa,김성길,051-310-0707,"부산광역시 사상구 낙동대로910, C동 253호(감전동, 마트월드)",92.696,52959400
9,LHD0049,1,48649,***,민수형 전투식량(함수형) 구매(X116),물품,LHD,제21보병사단,202410311030,2078F,(주)참맛,"HARVEST CHARM FOOD CO., LTD.",조병철,0316188118,경기도 안성시 공도읍 문터길 99-27(),98.122,141066000
20,EWAE001,1,1007,***,장보고-III Batch-I 정비지원장비(지게차),물품,EWA,한국형잠수함총괄계약팀,202410301400,K5CC9,삼안시스템,,정영섭,07048371919,전라남도 여수시 소라면 도원로80 (죽림 양우내안애아파트) 109동 703호,88.024,48932870
14,HDK0029,1,48351,***,"24-323, 항공의무전대, 전투부상자 처치 비품(TCCC)",물품,HDK,공군제11전투비행단,202410301330,KB077,야월,,이민지,01049416996,대구광역시 동구 경안로102길6-1 (동호동)501호,91.719,21647050
34,LDH0821,2,45939,***,발칸 계전기 구매,물품,LDH,육군종합정비창,202410301300,L0F74,에스엠트레이딩,SMTrading,정성문,055-551-9980,"경상남도 창원시 진해구 신항2로114, 2013호(용원동, 다인로얄팰리스부산신항2차)",88.049,27691730
5,LDH0832,1,47815,***,통신 트랜지스터(37A206469) 구매,물품,LDH,육군종합정비창,202410301300,K6E2E,캐시드림,,이상미,010-2214-3997,"서울특별시 관악구 남부순환로256라길12-0 (남현동, 한백리츠빌) 203호",98.318,23176890
4,LDH0831,1,47782,***,(정비) 지퍼백밀봉형중형 등 62종 구매,물품,LDH,육군종합정비창,202410301300,HB4C2,주식회사 성우,"SUNGWOO CO., LTD.",김은화,0519873828,부산광역시 강서구 신호산단3로88번길68 (신호동),89.093,5789260
7,LPK0024,1,48495,***,24년 병영도서관 환경개선 물품 구매,물품,LPK,제8기동사단,202410301130,L286F,윙게이츠,,성동재,01039011543,"경기도 양주시 백석읍 연곡로124번길105, 1층 101호",88.123,8847687
29,LKP0149,1,48461,***,2024년 오성마을 보일러 설치납품,물품,LKP,5군수지원사령부,202410301130,C20FD,(주)사라미데코,SARAMIDECO,박정윤,0535571420,대구광역시 서구 와룡로90길13-0 (이현동),88.044,32593796
639,UMM1181,1,42042,***,24-N-프롬프터 등 4종 구매,물품,UMM,국군재정관리단,202410301100,I0684,라온상사,Raon.,하정욱,070-7396-5007,경상남도 창원시 진해구 충장로468번길32-9(이동),96.323,104238540
11,LHQ0051,1,48486,***,24년 영내 소방시설 종합정밀검사 용역,용역,LHQ,제2작전사령부,202410301100,I609D,대구금정소방방재 주식회사,geum jeong so bang,전금정,0536008977,"대구광역시 달서구 달서대로559, 비이동105호(신당동, 이앤씨이노비즈타워)",88.478,12015650
47,HCL0068,1,48671,***,항-24-055 칠러,물품,HCL,공군사관학교,202410301100,IC429,케어원,,이경열,0221576331,서울특별시 송파구 충민로66 (문정동)가든파이브라이프 테크노관 T7135호,88.142,37731100
251,LCF0567,1,48393,***,24-15차 전산운영용품 구매 계약,물품,LCF,육군군수사령부,202410301100,M9983,인디고,,고영희,0426380212,"대전광역시 동구 선화로216-1, 2층(정동)",88.016,19158730
5205,UMM1203,1,47887,***,24-F-마약검사키트  1품목 구매,물품,UMM,국군재정관리단,202410301100,H0FC9,한스테크,HANSTECH,한연숙,01035699326,"서울특별시 강서구 곰달래로245, 2-3호(화곡동)",87.995,63684896
173,UMM1211,1,47596,***,(247364-F)NGS 유전자 검사 재료 구매,물품,UMM,국군재정관리단,202410301100,D5032,(주)에이치엔에스바이오,"HNS Bio Co., Ltd.",차지환,028317630,"서울특별시 구로구 디지털로272-0 (구로동, 한신아이티타워) 605~607호",90.424,386499850
224,UMM1204,1,46808,***,(246388-E) 육군 상장용지 제조,물품,UMM,국군재정관리단,202410301100,GD268,인쇄회사금하,kumha,오명숙,010-5413-3161,경기도 파주시 산업단지길179-0 (문발동),87.997,86031600
2960,UMM1196,1,46534,***,24-N-대형 차륜평형기 구매,물품,UMM,국군재정관리단,202410301100,J517D,한빛정보시스템,,이영혁,01038464466,"경상남도 창원시 성산구 창원대로1209번길22 (성주동, 프리빌리지2차) 211-2304",87.995,61431610
2,MDI0004,1,48398,***,노후 통합감지기 교체사업,물품,MDI,제7016부대,202410301030,F70D3,주식회사 케이텍솔루션,KTEC SOLUTION,임경택,029659289,서울특별시 성북구 한천로80길37 (석관동),88.173,194500000
46,SCK0138,1,48403,***,의약품 및 의료용품(우루사정 등 118종) 구매,물품,SCK,해군교육사령부,202410301030,K851A,예림팜,,이옥순,02-848-9600,서울특별시 영등포구 가마산로34길3 (대림동) 2층,88.066,41006010
309,SCH0161,1,48381,***,24-1-13호 앱손 라벨프린터 등 116종 구매,물품,SCH,해군작전사령부,202410301030,MA0AC,미도상사,,이상호,01087735231,부산광역시 부산진구 진남로395번길8-1 (전포동),88.002,27309909
16,SDG0051,1,48335,***,24-인-냉난방기 구매,물품,SDG,제2002부대,202410301030,D2D23,시대종합전기(주),SIDAE TOTAL ELECTRIC,노운규,025030782,경기도 과천시 별양상가1로18-0 (별양동)  803호,88.023,2736389
271,SDQ0118,1,48537,***,홈가공 인서트 등 35종 구매,물품,SDQ,해군제2수리창,202410301030,M9FD5,상진정밀,,박진수,0326117070,"경기도 부천시 원미구 부천로198번길36, 102동 403,404호(춘의동, 춘의테크노파크)",88.004,8008000
56,SCP0108,1,48523,***,"도서(군자론) 등 69종(1,929권) 구매",물품,SCP,제8385부대,202410301030,C9854,(주)글로벌넷,globalnet.co,강경택,01043114505,강원특별자치도 동해시 동굴3길9-5 (천곡동),90.005,34579440
5,LHD0047,1,48525,***,건축물 석면개선 지정폐기물 처리(Y090),용역,LHD,제21보병사단,202410301030,L0729,주식회사 센트로음성,,김강우,0438781070,충청북도 음성군 금왕읍 성본산단6로18,88.004,47132800
5084,SCL0047,1,48040,***,태블릿PC 북커버 구매,물품,SCL,해군사관학교,202410301030,M9A39,(SBI)에스비아이,,김진영,01066016344,광주광역시 광산구 임방울대로154-21 (운남동) 2층 203호,88,16104764
38,SCP0107,1,48512,***,"24-동 00훈련장 환풍구, 통풍관, 덕트소재 용역",용역,SCP,제8385부대,202410301030,L0CE9,주식회사 에코플래닝,,이연경,0335745828,강원특별자치도 삼척시 오십천로64-44 (등봉동),88.054,5738500
66,SDQ0117,1,48511,***,"송신기, 유량용 등 19종 구매",물품,SDQ,해군제2수리창,202410301030,K7364,아주,,민연자,07077865007,"경기도 평택시 청북읍 안청로4길17, 201호",88.034,63502300
136,SDQ0116,1,48510,***,연마지 등 91종 구매,물품,SDQ,해군제2수리창,202410301030,L0698,희망교역,,김옥선,010-2077-6975,"경기도 평택시 안중읍 안현로서6길10, 4층 402-H7호(대원빌딩)",88.003,17099060
476,SFH0138,1,48540,***,24-B-상반신 타겟 등 4품목 구매 납품(도서지역),물품,SFH,제9196부대,202410301030,M93A7,라이트어스,,방한별,010-8856-9661,인천광역시 부평구 마장로55번길45-1 (십정동) 20동 B01호,88,18883000
170,SFD0096,1,48503,***,조리요원 위생마스크 구매,물품,SFD,제9227부대,202410301030,H5610,가온상패공장,pohangprint,윤혜정,07040421380,경상북도 포항시 남구 상공로82(상도동),88.007,39795111
105,HCK0001,1,48494,***,작-24-022(독수리 트로피 등 7종),물품,HCK,공군작전사령부,202410301030,K9A32,주식회사 순수팩토리,,신지원,023712101,경기도 고양시 덕양구 삼원로40-1 (삼송동),88.018,34365930
161,SFD0095,1,48499,***,24-P-레이더시스템 이전/신규설치 용역,용역,SFD,제9227부대,202410301030,J2F50,주식회사 일신정보통신,,김우정,0542522779,경상북도 포항시 북구 장성로40 (장성동) 2층,89.585,74435310
103,SCU0068,1,48164,***,기계식 유선키보드 등 165종 구매,물품,SCU,해군 기동함대사령부,202410301030,L256F,행운유통,,배형조,01041703923,제주특별자치도 제주시 조천읍 와흘2길14,88.109,37074000
141,SFC0129,1,48444,***,보호의자 등 2품목 구매,물품,SFC,제9691부대,202410301030,JA6C4,주연아이씨티,,이주연,07047890055,경기도 연천군 군남면 군남로413-0,94.229,31563640
21,SFC0130,1,47652,***,의무장비(비디오 기도삽관기) 구매,물품,SFC,제9691부대,202410301030,I8FF2,주식회사 한스메디칼,HANS MEDICAL co.,한재희,0313463093,경기도 군포시 고산로148번길17-0 (당정동) 318호,88.096,3389810
64,SCF0954,1,48447,***,00사 육상식당 취사장 청소용역,용역,SCF,해군군수사령부,202410301030,BB4E5,영진산업개발 주식회사,"YOUNG-JIN INDUSTRY D CO.,LTD.",김근수,0552711906,"경상남도 창원시 마산합포구 교동1길13-13 (진동면, 주택)",88.009,5254370
16,SCF0952,1,46856,***,후드사파리 쟈켓 제조,물품,SCF,해군군수사령부,202410301030,M20AC,(주)미쥬,,황승주,0220383999,"서울특별시 금천구 가산디지털1로70, 1212호(가산동, 호서대벤처타워)",88.021,14992270
947,SCF0943,2,46511,***,병영도서관 도서 구매,물품,SCF,해군군수사령부,202410301030,M7DF8,호서컴퍼니,,김하영,01092639570,"인천광역시 서구 서곶로45, 102동 1103호(가정동, 루원 린스트라우스 더 린시티)",90,5507930
6,SCF0951,1,45537,***,DDH-Ⅱ / PKG 구명지주·라이프라인 개선 정비,물품,SCF,해군군수사령부,202410301030,G638A,주식회사 일성이엔지,"ILSEONG ENG CO.,LTD.",오세만,0514127038,부산광역시 영도구 대교로2번길22-6 (봉래동3가) 2층,85.567,2909448610
29,SCF0957,1,42499,***,'24년 함정 청수탱크 소제/청락/도장 외주용역,용역,SCF,해군군수사령부,202410301030,H449E,주식회사 세선,SESUN,이병수,0518313652,부산광역시 사상구 학감대로221번길15-0 (감전동),88.066,200620000
197,SCF0918,2,41778,***,"윤활유,일반용 9DR 구매",물품,SCF,해군군수사령부,202410301030,DF6FE,엑모스카인즈케미칼,ACMOS KINZE CHEMICAL CO.,김언섭,051-972-3566,부산광역시 강서구 공항로265번길20-1 (대저2동),97.134,8460000
78,HCG0047,1,44919,***,24-모바일 증거분석체계 교체사업,물품,HCG,공군본부,202410291330,A7340,(주)제트코,"JETCO Technology, Inc",김한희,025668471,"서울특별시 송파구 송파대로201-0 (문정동) 송파테라타워2 A동 1213,1214,1215,1216,1217,1218호",97.722,376050000
37,LDH0787,2,41821,***,(정비) 동절기 귀마개 등 29종 구매,물품,LDH,육군종합정비창,202410291300,JE49F,이네트워크,,이정배,01023347671,강원특별자치도 동해시 동해대로5464 (평릉동) 203-4호,88.102,10570830
3,LDH0830,1,46771,***,(화공) 고진공구리스 등 15종 구매,물품,LDH,육군종합정비창,202410291300,KF57F,그린존,,김근아,0542746100,"경상북도 포항시 북구 칠성로42-1, 2층(남빈동)",88.288,11375175
43,LDH0784,2,41830,***,(정비) 용접가죽장갑 등 34종 구매,물품,LDH,육군종합정비창,202410291300,LC11D,성천기획,,이미진,01020641844,경기도 포천시 가산면 가산로348번길40-0,88.043,16701150
3,LKP0146,1,47737,***,'24-2차 지정폐기물처리용역,용역,LKP,5군수지원사령부,202410291130,EE5C4,(주)케이에스에너지,KSENERGY,김광수,0313171674,경기도 화성시 정남면 내향로240-55 (주)케이에스에너지,84.411,111968293
4,EBB0340,1,0285,***,MSH VSP 외주 창정비,물품,EBB,지상공통전력운영계약팀,202410291100,G638A,주식회사 일성이엔지,"ILSEONG ENG CO.,LTD.",오세만,0514127038,부산광역시 영도구 대교로2번길22-6 (봉래동3가) 2층,86.371,3918797779
314,SCG0033,1,47741,***,도서(사피엔스 등 14종) 구매,물품,SCG,해군본부,202410291100,MB03A,아이엠유통,,유인미,01094262123,충청남도 아산시 배방읍 배방로58-44 (아산배방 우방아이유쉘 2차) 205동 1404호,90,14624770
219,LIK0071,1,48189,***,'24년 요소수 구매,물품,LIK,제2군수지원여단,202410291100,M4064,주식회사대성환경,,김순화,01084947162,"강원특별자치도 춘천시 서부대성로12-0 (소양로2가, 춘천서부시장) 1층 86호",88.014,21361023
66,MDR0061,1,48161,***,24년 2차 다출처영상융합체계 운영용품 구매,물품,MDR,제9965부대,202410291100,JCCFC,경기모아상사,,최현준,0328151336,경기도 평택시 중앙로29 (통복동) 은호빌딩 579호,88.049,32410369
436,UMM1202,1,47865,***,"24-F-체력단련장, 승용식 5갱 모아 구매",물품,UMM,국군재정관리단,202410291100,L068E,주식회사 헤이치 인 헤이치(H in H),,허희은,07040127700,인천광역시 연수구 센트럴로313-0 (송도동),93.779,109800000
648,UMM1201,1,47746,***,24-N-평 승조원 부하경감 외주용역,용역,UMM,국군재정관리단,202410291100,J46ED,주식회사 녹색나눔,,이길수,0314099944,"경기도 안산시 상록구 충장로232, 109호(본오동,대우마이홈)",87.997,180043310
8,UMM1197,1,45968,***,(24F276-A)식기세척기 임차용역,용역,UMM,국군재정관리단,202410291100,IF4EC,주식회사 덕수기업,,윤인원,0415337745,충청남도 아산시 음봉면 연암산로71-13 에이동,86.358,388969450
9,UMM1174,2,45041,***,(246368-C) 전장순환훈련용 더미 제조,물품,UMM,국군재정관리단,202410291100,LFEED,주식회사 피노핀,,박희순,027567241,"서울특별시 노원구 덕릉로115길8, 2층(상계동, 성원빌딩)",88.653,48031370
159,UMM1199,1,44820,***,(247371-C) 특수수술재료(골이식재) 구매,물품,UMM,국군재정관리단,202410291100,K818B,주식회사 위플메드,,조보현,07051542514,대전광역시 중구 대종로550번길5-0 (선화동) 유원오피스텔 1102호,93.232,198000000
436,UMM1187,2,44205,***,(246063-G) 16해감기동대대 전시체계 구축(리스자산),물품,UMM,국군재정관리단,202410291100,EC0E1,주식회사 포넷,"Ponet Co., Ltd",조대홍,0613374646,전라남도 나주시 노안면 노안로455-41,88.001,126883240
463,UMM1178,2,42768,***,(246065-G) 10해감대대 화면전시체계 구축(리스자산),물품,UMM,국군재정관리단,202410291100,A4897,한국종합통신,KTC,이기동,0332510076,"강원특별자치도 춘천시 동면 만천로26-53, 1층",88.004,122856780
1001,UMM1198,1,40660,***,(24F253-A) 렌탈프린터 임차용역,용역,UMM,국군재정관리단,202410291100,J5ABE,에이앤이글로벌,,조윤진,01033093792,"경기도 의정부시 범골로63번길13, 108동 1503호(의정부동, 롯데캐슬 골드파크 아파트)",87.745,74312390
44,UMM1208,1,40641,***,24-D-주거시설 싱크대 제조,물품,UMM,국군재정관리단,202410291100,CB3F1,청진기업,chungjin furniture,김진국,07044032026,인천광역시 서구 대곡로339번길25-0 (대곡동),88.016,426098000
17,UMM1194,1,39566,***,(24F243-I) 얼음정수기 임차용역,용역,UMM,국군재정관리단,202410291100,HCE30,오르보,orbo,장석임,07041277117,"서울특별시 은평구 서오릉로14, 3층(녹번동)",85.94,337092620
2,SFC0127,1,47202,***,24-덕-야외전시 장비 보강 및 도색 용역,용역,SFC,제9691부대,202410291100,FD54B,(주)아산항공,asan aviation,김경모,051-751-0008,경상남도 밀양시 삼랑진읍 미전2길27,88.246,25777760
4,MDR0062,1,48185,***,24년 부대비품 9차 구매,물품,MDR,제9965부대,202410291100,CDF81,주식회사 다나,"dana co.ltd,.",한신옥,0319426493,경기도 파주시 광탄면 보광로1100번길 19-37주식회사 다나,88.096,41756900
3,LHG0051,1,47336,***,'24년 생활폐기물 수집운반 용역,용역,LHG,제1862부대,202410291100,D04B7,평화산업(합자),Pyoung-Wha industry,박영식,0334639494,강원특별자치도 인제군 북면 금강로 529(),84.402,182726000
408,LFK0074,1,48157,***,24년 조리실습장 비품(PTZ 카메라 등) 설치납품,물품,LFK,육군종합군수학교,202410291100,BEB9E,주식회사비컴,"become  co., ltd.",김득환,0314411117,경기도 안양시 동안구 벌말로123-0 평촌스마트베이 A동 910호 (관양동),87.997,70159971
282,LCF0566,1,47381,***,청력계기능검사기 등 1항목 구매(의무),물품,LCF,육군군수사령부,202410291100,M6AC3,진해상사,,김동국,07070792933,경상남도 창원시 마산회원구 삼호로38-0 (양덕동),99.881,45500000
141,DSS0056,1,46333,***,전자자료 유출방지시스템 교체사업(솔루션)(리스자산),물품,DSS,국군제1068부대,202410291030,LB137,주식회사 메타데이타,,양원호,0263340022,서울특별시 관악구 남부순환로1685 (봉천동) 기광빌딩 3층,83.094,301967000
729,SCQ0108,1,48140,***,24-평 취사장(도서 포함) 청소용역,용역,SCQ,제9911부대,202410291030,EFB71,(주)에이블써반,Able Servant Co.Ltd,이복순,0236679947,"서울특별시 성동구 고산자로269, 908호 (도선동, 신한넥스텔)",90,23946920
6,LKS0056,1,48136,***,계룡스파텔 단체복(추동) 제조납품,물품,LKS,육군인사사령부,202410291030,MA7E4,주식회사 준어패럴,,원성준,0426321830,"대전광역시 대덕구 대화로106번길66, 232호 (대화동, 펜타플렉스)",88.474,15850000
61,SCK0137,1,48120,***,양면풀테이프 등 164종 구매,물품,SCK,해군교육사령부,202410291030,LC619,그린알파종합문구,,김순옥,01046350773,경상남도 창원시 진해구 충장로1,88.009,5410000
186,SCI0120,1,47755,***,방수천 등 14종 구매,물품,SCI,제9121부대,202410291030,HC14B,주식회사 마크,mark,곽명화,0552634001,경상남도 창원시 성산구 용지로111 (중앙동),88,10777440
300,SFN0088,1,48031,***,차아 염소산 나트륨 등 6품목 구매,물품,SFN,연평부대,202410291030,I081A,성훈유통,sunghunyoutong,허성훈,01064889938,"인천광역시 서구 이음1로173-0 (당하동), 308동 1301호",88,16964770
105,SFM0087,1,47930,***,피탄고글 등 4품목 구매,물품,SFM,제3170부대,202410291030,MB45D,마리안,,안옥경,0547273320,"경상북도 포항시 북구 새천년대로1075번길10, 104동 806호(창포동, 창포주공아파트)",88.025,19405197
23,SFM0086,1,47798,***,리튬전지 보관함 제조,물품,SFM,제3170부대,202410291030,HD25A,고려시스템,KOREA SYSTEM,이현숙,0319668844,경기도 파주시 조리읍 매봉재길99-116,88.052,31548800
1904,LGF0004,1,47926,***,교육생숙소 냉장고 구매,물품,LGF,육군정보학교,202410291030,LD12D,모던셀렉션,,안별,01021822374,"경기도 성남시 분당구 동판교로156-0 (삼평동, 봇들마을) 9단지 910동 402호",88,40554493
204,LHN0076,1,48188,***,24년 체육기자재 구매,물품,LHN,제7보병사단,202410291030,IBCEB,주식회사예원,,조부원,01054810648,강원특별자치도 원주시 오성마을길6 (단구동) 1층,88.001,10008555
367,SCN0175,1,47928,***,24-진-55 00숙소 정기안전점검 용역,용역,SCN,제7001부대,202410291030,K3D9A,유한회사 양호기술,,송양호,0613931956,"전라남도 장성군 남면 나노산단5로29,  2층",88.011,9629000
12,UAZ0021,1,47675,***,도서관 모빌랙 구매(수정),물품,UAZ,합동군사대학교,202410291030,M2479,로한글로벌,,김영은,01040476556,"대전광역시 서구 계룡로566, 4층 182호(괴정동)",92.531,51768920
7,LPM0045,1,48469,***,00부대 간접가열보일러 제조설치,물품,LPM,제9보병사단사령부,202410291030,D84D3,주식회사 동광보일러,"DONGKWANG BOILER CO., LTD.",박정연,0262588989,충청남도 아산시 수장로67-0 (배미동),88.588,40672000
767,SCQ0110,1,47954,***,LED 투광등 등 2종 구매,물품,SCQ,제9911부대,202410291030,CABCD,지오라이팅,Global Lighting,배형구,0316744974,경기도 안성시 미양면 마산길 99-10(),88,9444450
12,SCQ0109,1,47945,***,아티반정 등 43종 구매,물품,SCQ,제9911부대,202410291030,ID5C0,주식회사 이든팜,,이은경,0313606788,"경기도 성남시 수정구 시민로137-0, 4층(신흥동)",88.466,10936800
50,SCL0046,1,47964,***,4차 의약품(가스모틴정 등 181종) 구매,물품,SCL,해군사관학교,202410291030,I3284,(주)웨이즈파트너스,,서윤석,0222423383,서울특별시 동대문구 장한로10길9-0 (장안동) 1층,88.031,31004610
201,SCN0174,1,47893,***,도서 벌거벗은 세계사 등 343권 49종 구매,물품,SCN,제7001부대,202410291030,I0E1F,주식회사 북크로싱,bookcrossing,김병철,07040704029,"경상남도 창원시 성산구 중앙대로37, 519-4호(중앙동, 경남오피스텔)",90.006,7245580
1632,SCN0173,1,47846,***,의무물자(드레싱 포셉 25cm 등 114종) 구매,물품,SCN,제7001부대,202410291030,GADAE,동덕건설기계,SJ retail,이창범,010-6287-9155,"경기도 고양시 일산동구 동국로48 (식사동), 201호",88.002,40715500
341,UAZ0022,1,47678,***,24년 후반기 전산운영용품 구매,물품,UAZ,합동군사대학교,202410291030,MA5DC,레드모란,,이진숙,07076129238,"대전광역시 동구 동구청로35, 209동 4층 403호(대성동, 은어송마을2단지 코오롱하늘채)",88.008,42969766
28,SCN0171,1,47584,***,충전임팩트렌치 등 4종 구매,물품,SCN,제7001부대,202410291030,JC499,제이에스컴퍼니,,이찬,01041843336,경상남도 창원시 성산구 정동로62번길61 (성주동),88.146,2633400
60,SDQ0115,1,48217,***,페인트 등 45종 구매,물품,SDQ,해군제2수리창,202410291030,LCA4A,웅쓰상점,,이정웅,01030831717,"경기도 평택시 지제동삭2로177-0 (동삭동, The Sharp 지제역 센트럴파크 2BL) 217-1701",88.091,14742442
75,SDQ0114,1,48215,***,세면대 및 하부장세트 등 17종 구매,물품,SDQ,해군제2수리창,202410291030,M78A7,둥지,,주민정,01022291369,"전북특별자치도 전주시 완산구 중산중앙로21 (중화산동2가), 3층 302-244",88.002,6521280
3357,MCM0019,1,48122,***,노후 UPS 배터리 구매,물품,MCM,4284부대,202410291030,C408D,한일운동구,,이해우,0539392333,"대구광역시 북구 대학로 80, 복지관 3층(산격동)",88.006,6324550
234,SFG0110,1,47144,***,굴착기 방탄판 구매 설치,물품,SFG,제9181부대,202410291030,IEEE8,주식회사 공후,,하재룡,07077199915,경기도 수원시 권선구 경수대로54번길77-3 (곡반정동),98.434,15650000
223,SFC0126,1,48146,***,24-덕-상용통신장비 보관함 구매,물품,SFC,제9691부대,202410291030,3756F,주식회사 금성강철,Keum Sung Gang Chul Co.Ltd,김성곤,0319652547,경기도 고양시 일산동구 견달산로225번길 74(),96.074,17540000
1278,SFC0125,1,47657,***,디지털 전용지 등 23품목 구매,물품,SFC,제9691부대,202410291030,K1C97,하윤스토리(HY STORY),,전진희,07044154123,"경기도 남양주시 다산중앙로145번길15, 803-80호(다산동)",87.995,38141680
5,SFC0124,1,47654,***,생리식염수 등 73품목 구매,물품,SFC,제9691부대,202410291030,ID5C0,주식회사 이든팜,,이은경,0313606788,"경기도 성남시 수정구 시민로137-0, 4층(신흥동)",92.833,9470790
4167,SFC0123,1,47370,***,24-해병-2차 전산운영용품 구매,물품,SFC,제9691부대,202410291030,MC93B,주식회사 피오니,,김혜정,07041320461,"경기도 고양시 일산서구 중앙로1443, 302-386호(주엽동, 가람상가)",87.996,192042960
98,SEE0049,1,47734,***,코팅 필름 등 539품목 구매,물품,SEE,제9해병여단,202410291030,K182E,알덱스이엔지,,설수국,01062644720,제주특별자치도 제주시 우도면 연평리1571-3,88.024,100493000
1961,SCK0136,1,48094,***,산불진화복(외투) 등 3종 구매,물품,SCK,해군교육사령부,202410291030,M6BF5,이득컴퍼니,,김세창,01049321751,"서울특별시 강서구 까치산로4길93-0 (화곡동, 은성캐슬) 303호",87.995,7692898
196,SCF0942,1,47555,***,"진공청소기,전기식 2EA 구매",물품,SCF,해군군수사령부,202410291030,CF5B2,대광산업,daegwang,이종명,01026787883,경상남도 창원시 마산회원구 양덕북5길97 (양덕동1층상가),88.997,6978070
19,SCF0945,1,47524,***,'24년 함정 오수처리기 및 탱크 소제/청락/도장 용역,용역,SCF,해군군수사령부,202410291030,G1C6E,건우선박 주식회사,gunwoo,이종포,01090501823,"경상남도 창원시 진해구 진해대로1041번길11, 303호(풍호동, 도담오피스텔)",88.324,372748900
149,SCF0949,1,47391,***,삼발괭이 등 14종 구매,물품,SCF,해군군수사령부,202410291030,I4383,주식회사 동빈글로벌,Dongbinglobal,위정은,0553651132,"경상남도 창원시 성산구 완암로50, 넥스동 704호(성산동, SK테크노파크)",87.996,3825300
3,SCF0946,1,25937,***,MTU 12V4000 T/C 정비,물품,SCF,해군군수사령부,202410291030,G638A,주식회사 일성이엔지,"ILSEONG ENG CO.,LTD.",오세만,0514127038,부산광역시 영도구 대교로2번길22-6 (봉래동3가) 2층,87.879,132880000
13,LKT0074,1,47543,***,24~25년 프린터 임차 용역,용역,LKT,제1989부대,202410291030,M7AB4,루나,,엄창섭,01052053357,"광주광역시 동구 예술길31-11 (대의동), 4층 401-31호",87.758,98554150
98,LGC0029,1,46590,***,25년 학군후보생 티셔츠류 제조납품,물품,LGC,육군학생군사학교,202410291030,EBBD5,(주)성원,"SUNG WON CO.,LTD.",정민철,0315270780,경기도 남양주시 진접읍 부마로106번길148-2,88.033,133821480
21,HCF0236,1,46750,***,[60전대] 중량랙 등 7종 제조,물품,HCF,공군군수사령부,202410291030,L8E9D,뉴테크코리아 주식회사,,이인순,07075763689,경기도 화성시 송산면 송산포도로510-13,88.572,31860000
5,EBB0339,1,1216B,***,2024 K10신형제독장치 부품(전기/전자류)(제조),물품,EBB,지상공통전력운영계약팀,202410291030,C0636,주식회사 와이어블(Wiable Corp.),KRTnet Corporation,김문환,0220773145,"서울특별시 송파구 법원로11길28, 10층, 11층, 12층(문정동, 비케이타워)",85.06,3083309101
567,MDD0113,1,46847,***,'24년 재투자 의무장비(환자체온조절기자동식(물타입),물품,MDD,국군수도병원,202410281700,KD450,에이엔컴퍼니,,조아나,01052263164,"경기도 김포시 김포한강8로15 (마산동, 한강센트럴블루힐) 508-504",87.998,32570700
26,LCG0094,1,47832,***,[24-육-243] 과학화출입통제체계 관리용역(SW),용역,LCG,육군본부,202410281230,K72C9,신비텍,,장말례,0552563196,경상남도 창원시 의창구 읍성로110 (소답동),88.001,58304942
29,LPK0022,1,47847,***,24년 체육기자재 구매,물품,LPK,제8기동사단,202410281130,IBF69,가람상사,,이경미,07047155174,경기도 양주시 덕정11길29-0 (덕정동),88.617,7786000
116,LPK0023,1,47878,***,24년 더좋은 병영식당 주방기구 구매 3차,물품,LPK,제8기동사단,202410281130,LF0FB,미앤미,,장향미,07076129238,"경기도 포천시 소흘읍 아랫용상1길9-15, B동 102호 (하나팰리스)",88.02,15492440
643,HCQ0076,1,47436,***,후류벽 설치공사 후류벽 금속 제조,물품,HCQ,공군제5공중기동비행단,202410281100,J205D,다온산업,,전명숙,01038927397,"대전광역시 유성구 배울2로61-0 , 1015-801(관평동, 대덕테크노밸리10단지아파트)",88.001,175851340
7,LCN0068,1,47291,***,24년 연구과제 설문 용역,용역,LCN,육군사관학교,202410281100,EAA6F,한국정보경영평가(주),Korea Information Management Assessment,윤병호,0262310330,"서울특별시 금천구 디지털로178, B동 803~805호(가산동, 현대지식산업센터 가산퍼블릭)",88.061,8776960
5,LCN0067,1,47403,***,24년 사관학교 합동교육 버스 임차 용역,용역,LCN,육군사관학교,202410281100,L4F5A,주식회사 케이스타투어,,이병욱,010-4726-7625,경기도 포천시 화합로283-0 (동교동),88.068,34169850
43,LGM0032,1,47808,***,"(24-물품-97) 24-17, 18차 의무물자 부대구매 계약",물품,LGM,제11기동사단,202410281100,ID5C0,주식회사 이든팜,,이은경,0313606788,"경기도 성남시 수정구 시민로137-0, 4층(신흥동)",88.026,40586530
5,UMM1183,1,46427,***,24-N-냉난방장치(냉수제조기)160RT 6EA 제조,물품,UMM,국군재정관리단,202410281100,FB41A,신라이앤티 주식회사,SHILLA E&T CO..LTD,방수일,0518317705,부산광역시 강서구 녹산산단407로92 (송정동),85.303,6943200000
2,LKD0072,1,47147,***,[98-2대대] 육-작전용 드론 구매,물품,LKD,제32보병사단,202410281100,J5C40,주식회사 무지개연구소,,김용덕,0537923770,"대구광역시 수성구 알파시티1로42길11, 606호 607호 610호(대흥동, 태왕알파시티수성지식산업센터)",88.557,30975000
2,HDS0009,1,47542,***,24-미-5 미사일방어태세 보강 공사 방호벽 제조설치,물품,HDS,공군미사일방어사령부,202410281100,AC604,주식회사태성콘크리트,"TAESUNG CONCRETE CO.,LTD",전상국,0415415371,충청남도 아산시 월선길2-49 (영인면),96.496,792000000
1995,SFG0108,1,47143,***,슈팅백 등 4품목 구매,물품,SFG,제9181부대,202410281030,KBE43,디에이치코리아,,손동훈,010-9115-4916,"경기도 시흥시 검바위2로37-8, 다동 501호(은행동, 한영아파트)",87.995,36856310
55,SCP0105,1,47959,***,흑고무판 구매,물품,SCP,제8385부대,202410281030,L2E7C,제이에이비지니스,,이정수,01066104052,"강원특별자치도 동해시 해맞이길215-0 (묵호진동, 묵호주공아파트)101-704",88.027,9787536
45,SCU0067,1,47956,***,차광안경 등 370종 구매,물품,SCU,해군 기동함대사령부,202410281030,J748E,주식회사 세아엘로힘,,한기만,01040091611,제주특별자치도 제주시 한경면 불그못로69-0,88.009,24419131
5,SCP0104,1,47953,***,오일스키머 벨트 등 26종 구매,물품,SCP,제8385부대,202410281030,C0914,(주)동건,DONG GUN CO.,윤영현,0332422612,강원특별자치도 동해시 전천로245-2 (북평동),88.218,7318000
65,SDQ0112,1,47944,***,다가네 드라이버 등 77종 구매,물품,SDQ,해군제2수리창,202410281030,L4BBF,주식회사 참좋은,,배지희,01055785900,"경기도 평택시 중앙2로13, 602-1-655호(평택동, 센텀스카이)",88.107,5496570
4,SFH0137,1,47922,***,24-B-바이온 GGT 등 71품목 구매 납품(도서지역),물품,SFH,제9196부대,202410281030,JD4A6,주식회사 위니드팜,,이순신,0325559362,인천광역시 계양구 아나지로197번길7 (효성동)상가동206호,88.499,15636080
63,SCR0104,1,47834,***,유성페인트 등 5종 구매,물품,SCR,해군제3함대사령부,202410281030,M75B2,대유산업,,신진업,070-8870-0072,전라남도 영암군 삼호읍 녹색로1426-73,88.066,9006734
8,LPG0023,1,47777,***,GPㆍGOP 방호력생존성 보장 검증 통신자재 구매(2차),물품,LPG,제5보병사단,202410281030,ED820,이즈컴넷,iscomnet,김창범,031-965-4380,경기도 연천군 청산면 학담로107번길12-2,88.196,26288680
48,HCC0150,1,47455,***,"전극 등 9품목(245,247,248)",물품,HCC,해군제1수리창,202410281030,K63E8,준컴퍼니,,이은서,07047890055,강원특별자치도 동해시 동해대로5464-0 (평릉동) 2층 203-51호,88.029,4473894
62,SDQ0111,1,47908,***,"바, 금속제 등 8종 구매",물품,SDQ,해군제2수리창,202410281030,M2C79,대호유통,,박용훈,01033993191,경기도 평택시 안중읍 안현로서6길10-0 비13호(대원빌딩),88.325,11167932
387,SCN0176,1,47937,***,24-진-54 상승관 정밀안전점검 용역,용역,SCN,제7001부대,202410281030,G26A0,주식회사 케이아트엔지니어링종합건축사사무소,"KOREA ART ENGINEERING & ARCHITECTURE CO.,LTD",이현종,07074164545,경기도 안산시 단원구 광덕서로66-0 (고잔동) 508호,88.003,16604000
21,LKH0037,1,47694,***,[육성] 사단통합 수통 및 수통피 구매,물품,LKH,제6128부대,202410281030,M68C7,(주)이은의류,,권영재,01036361604,광주광역시 남구 대남대로181번길5-5 (봉선동),88.314,25979600
49,HCC0156,1,47688,***,가스켓 등 14품목(259),물품,HCC,해군제1수리창,202410281030,K8F17,주식회사 더블제이에스,,오재숙,01090726862,강원특별자치도 동해시 발한로31-7 (부곡동),88.248,57543822
8,HCC0155,1,47687,***,"송곳 등 44품목(24-09,24-10)",물품,HCC,해군제1수리창,202410281030,G409E,대광종합상사,DAGANG JUNGHAB SANGSA,김유람,0336539838,"강원특별자치도 동해시 망상길45, 1동 (망상동)",88.553,2075150
42,HCC0153,1,47676,***,튜브 등 27품목(255),물품,HCC,해군제1수리창,202410281030,L8B5E,씨에스상사,,김효식,01052181431,"강원특별자치도 동해시 부곡6길6,(부곡동)",88.06,28787830
91,SCU0066,1,47824,***,모나미 볼펜 등 594종 구매,물품,SCU,해군 기동함대사령부,202410281030,K143D,연평기프트,,허진영,01062644720,제주특별자치도 제주시 우도면 연평리1571-1,88.009,33500670
705,HCQ0077,1,47844,***,24-293 조류기피제 등 2종,물품,HCQ,공군제5공중기동비행단,202410281030,GB2E7,아로유통,A-Ro youtong,김정희,01051021856,경기도 의정부시 둔야로33번길9-0 (의정부동) A-12호,88.002,30129000
4,SEE0046,2,46885,***,이중캐비넷 구매,물품,SEE,제9해병여단,202410281030,F49EC,(주) 에스엠인테리어,"SM INTERIOR COM.,LTD.",오옥연,0317651382,경기도 광주시 초월읍 용수길53,88.666,1589650
44,SFN0086,1,47768,***,부대관리용 cctv 자재구매 계약의뢰,물품,SFN,연평부대,202410281030,CDDA7,플러스전기 주식회사,plus electricity,유선미,0327107371,"인천광역시 부평구 부평대로283, C동 603호",88.058,42122760
48,HCC0154,1,47683,***,노즐 등 1품목(257),물품,HCC,해군제1수리창,202410281030,C0914,(주)동건,DONG GUN CO.,윤영현,0332422612,강원특별자치도 동해시 전천로245-2 (북평동),88.012,48508000
51,LNJ0008,1,47561,***,정비근무대 유압유 플러싱 장비 구매(제조),물품,LNJ,육군 제1포병여단,202410281030,K09EF,주식회사 성은공조,,김성관,01089813858,경상남도 창원시 의창구 대산면 유등로352-3,88.252,56988330
40,LKH0036,1,47689,***,[육성] 사단통합 기능성방한복 구매,물품,LKH,제6128부대,202410281030,M68C7,(주)이은의류,,권영재,01036361604,광주광역시 남구 대남대로181번길5-5 (봉선동),88.004,64582900
47,HCC0152,1,47460,***,전지 등 2품목(258),물품,HCC,해군제1수리창,202410281030,MAF8F,동해유통,,김종호,01099275747,강원특별자치도 동해시 동해대로5464-0 (평릉동)203-59호,88.054,3819390
49,HCC0151,1,47457,***,와셔 등 25품목(256),물품,HCC,해군제1수리창,202410281030,IB061,제이테크,jtech,정승욱,010-7603-8013,"강원특별자치도 동해시 일출로16-1, 2층(발한동)",88.012,31212400
50,HCC0149,1,47454,***,"밸브 등 3품목(244,246)",물품,HCC,해군제1수리창,202410281030,H89F5,동해종합상사,Donghae Corporation,김남현,01033009438,"강원특별자치도 동해시 효자로572-1 (쇄운동), 102동 806호",88.001,8171900
79,SCN0177,1,47940,***,24-진-53 2부두 정밀안전점검 용역,용역,SCN,제7001부대,202410281030,F8CED,한국진단공사 주식회사,SASI,이택수,0317588510,"경기도 성남시 수정구 위례서일로6, 5층(창곡동, 우대빌딩)",88.026,35632000
3,LPF0079,1,47906,***,재)24년 예비군 육성지원(안티드론 제밍건) 제조납품,물품,LPF,제51보병사단,202410281030,EDFB1,시스레인주식회사,SYSLANE,김대중,0317760293,"경기도 성남시 중원구 사기막골로124, 제메가센터동 제9층 제912호 (상대원동, 에스케이엔테크노파크)",88.516,89810000
9,SCR0103,1,47821,***,압송탱크 등 1종 구매,물품,SCR,해군제3함대사령부,202410281030,L3385,에스제이세라믹스,,전세진,01052826231,전라남도 목포시 산정로109번길16(산정동),88.491,1136230
6,LNR0026,1,47234,***,'24년 식기세척기 임차용역,용역,LNR,수도기계화보병사단,202410251100,IF4EC,주식회사 덕수기업,,윤인원,0415337745,충청남도 아산시 음봉면 연암산로71-13 에이동,86.155,222007500
21,UAC0049,1,47666,***,2024년 2-2차 재투자장비 구매(하드커버 제작기),물품,UAC,국방출판지원단,202410251100,ME94A,로스아이,,남봉진,010-5949-7673,"부산광역시 남구 무민사로13-0 (감만동, 판테라오피스텔)",88.094,28459846
51,LHM0105,1,47625,***,24년 더 좋은 병영식당 취사기구(210),물품,LHM,제15보병사단,202410251100,C1ACD,진영기업,,김태헌,0334529853,강원특별자치도 철원군 갈말읍 삼부연로8번길 17-14(),88,72911200
9,LDA0070,1,47681,***,(D089) 굴삭기 어태치먼트 구매(나무파쇄기),물품,LDA,지상작전사령부,202410251100,J9E32,주식회사 위드제이,,전샛별,01089520766,"강원특별자치도 춘천시 충혼길52번길10, 305호 (온의동, 드림타워)",88.14,23244672
16,LDA0069,1,47682,***,(D092) 본청 X-Ray 검색기 구매,물품,LDA,지상작전사령부,202410251100,D1C25,(주)에이치에스,hs,서영원,0325728082,"인천광역시 남동구 선수촌공원로17번길1, 에이동 1006호(구월동)",88.015,60146890
2,UMM1190,1,46931,***,(24G264-A)사이버위협 탐지체계 구축 금융리스,물품,UMM,국군재정관리단,202410251100,M501B,미래에셋캐피탈(주),,이만희,027879295,"서울특별시 중구 을지로5길26, 6층 (수하동, 미래에셋센터원 웨스트타워)",97.434,1347746790
3,UMM1185,1,46525,***,(24G225-A) 클라우드기반 구축 금융리스,물품,UMM,국군재정관리단,202410251100,M501B,미래에셋캐피탈(주),,이만희,027879295,"서울특별시 중구 을지로5길26, 6층 (수하동, 미래에셋센터원 웨스트타워)",97.855,5923727580
3,SFG0106,1,47051,***,파레트 제조 구매,물품,SFG,제9181부대,202410251030,2839F,금성목재,,유재득,0512011011,부산광역시 사하구 하신중앙로84-0 (신평동),92.269,49500000
199,LKH0035,1,47467,***,119-6대대 유휴시설 철거(감리),용역,LKH,제6128부대,202410251030,K6C26,지을 건축사사무소,,이강민,055-800-8971,경상남도 함안군 칠원읍 갈티길7-0,88.002,41342790
30,HDC0042,1,47984,***,24-196 타이어 등 27종,물품,HDC,공군제1전투비행단,202410251030,F056E,타이어프로 도산점,TIREPRO DOSAN STATION,차춘희,062-944-0985,광주광역시 광산구 상무대로95(도산동),89.62,37083000
164,HDC0041,1,47980,***,24-204 매립형 유도로등 등 11종,물품,HDC,공군제1전투비행단,202410251030,J0173,조은데이,,조은경,07088400765,"서울특별시 노원구 상계로24길13 (상계동), 지하1층",88.016,33634890
4,SDQ0110,1,47461,***,"패킹, 성형식 등 10종 구매",물품,SDQ,해군제2수리창,202410251030,K0E3B,파파테크,,김능식,0322077943,경기도 평택시 청북읍 안청로4길17,98.877,14315400
3,SDL0034,1,47629,***,탱크 레벨게이지,물품,SDL,재경근무지원대대,202410251030,L3038,주식회사강원,,김동국,07070792933,"서울특별시 강서구 공항대로45가길11-0 (등촌동, 강서메트로칸), 4층 423호",99.737,3660000
77,SFG0109,1,47141,***,열풍기 등 16품목 구매,물품,SFG,제9181부대,202410251030,I5399,킴테크,Kimtech,김원규,01040591782,경기도 김포시 대곶면 약암로979-4,88.038,8396288
166,MDQ0022,1,47512,***,저퍼필통 등 6품목 구매,물품,MDQ,국군의무학교,202410251030,JCD2F,주식회사 로하스,,민선석,0425255861,대전광역시 서구 도산로370번길14 (용문동),88,8658410
26,LGT0087,1,47679,***,'24년 전시체계 이전설치 용역(24-GS-37),용역,LGT,제2307부대,202410251030,BAF37,강호정보통신(주),"KANGHO I&C CO.,LTD.",용석봉,0332621570,강원특별자치도 춘천시 남산면 보매기길74-0,88.013,42838110
106,LNG0090,1,47611,***,2024년 체육용품 구매,물품,LNG,육군 제1군단,202410251030,ICB3C,성진에스앤에프 주식회사,,이성훈,07049424556,경기도 용인시 처인구 모현읍 백옥대로2101번길63-48,88.006,5228129
17,LNG0089,1,47557,***,00부대 문화재조사용역,용역,LNG,육군 제1군단,202410251030,I68A7,재단법인 한라문화재연구원,hl institute of cultural properties,정창희,0316915164,"경기도 평택시 월곡길17, 2층 206,207호 (월곡동)",88.03,9752600
20,SEE0048,1,47553,***,훈련장 안전점검용역,용역,SEE,제9해병여단,202410251030,F45B9,주식회사 태신엔지니어링건축사사무소,"TAESIN ENGINEERING CO., LTD.",김진수,0647553279,"제주특별자치도 제주시 서광로157, 3층 (용담일동)",88.031,14178900
6,SEE0047,1,47549,***,몽골천막 등 3품목 구매,물품,SEE,제9해병여단,202410251030,J732D,소담,,조란영,01086007915,"제주특별자치도 제주시 서사로8길8, 3층(삼도일동)",88.614,4755500
664,LMH0063,1,47456,***,[B212] 107정보통신단 771대대 헬스기구 구매,물품,LMH,제7군단,202410251030,J7784,에스에스더블유,,심우보,01047416234,경기도 남양주시 화도읍 녹촌로51 (신창현 두산 위브) 105동 601호,88,4755860
41,MCT0053,1,47690,***,24년 후반기 실내종합훈련장 정기안전점검 용역,용역,MCT,국군체육부대,202410251030,09022,(주)혜성안전기술원,HYE SUNG,정갑출,0542758221,"경상북도 포항시 남구 새천년대로474번길14-4, 2층(대잠동)",88.016,12380000
3,LCK0041,2,46571,***,[일반-24-187] 흑색 방탄헬멧 구매,물품,LCK,수도방위사령부,202410251030,K8ECA,주식회사 핀컴퍼니,,김학수,027567241,"서울특별시 노원구 덕릉로115길8, 지하102호 (상계동,성원빌딩)",88.308,62671920
401,LDG0087,1,47639,***,'24년 주거시설 정기안전점검 용역,용역,LDG,육군 탄약지원사령부,202410251030,DC256,(주)주원구조기술사사무소건축사사무소,JUWON Archi,김선철,0314218030,경기도 안양시 동안구 흥안대로514 (관양동) 인덕원프라자 1101호,88,50971480
3,HCL0066,1,47615,***,24-3군 사관생도 통합교육 버스 임차,용역,HCL,공군사관학교,202410251030,CC831,(주)하나항공여행사,Hana Air co. Ltd,조천행,043-883-8880,충청북도 음성군 금왕읍 대금로1428-0,91.297,42800000
395,LMH0064,1,47458,***,[B207] 군단 직할 윤활유 구매,물품,LMH,제7군단,202410251030,M8111,선우,,최강민,01090466209,"경기도 고양시 일산동구 백석로109, 303동 404호(백석동, 백송마을)",88.007,19802170
2,EBB0337,1,7400R,***,24년 모의화학탄 파라핀지환통,물품,EBB,지상공통전력운영계약팀,202410241430,D3C15,(주)오성지관,"O SUNG PAPER TUBE MFG.CO.,LTD",오형수,0318587092,경기도 양주시 칠봉산로337번길11 (봉양동),86.034,102236000
338,SDQ0105,1,46985,***,시일평면형 등 97종 구매,물품,SDQ,해군제2수리창,202410241330,JE945,세이프티코리아,,장덕윤,0315421012,"경기도 포천시 소흘읍 호국로287번길9-60, 9동 1층 108호",88.001,85690094
238,SCF0941,1,47413,***,더블에이 A4 복사용지 등 360종,물품,SCF,해군군수사령부,202410241300,J517D,한빛정보시스템,,이영혁,01038464466,"경상남도 창원시 성산구 창원대로1209번길22 (성주동, 프리빌리지2차) 211-2304",88.008,10384218
4,EBB0338,1,1170,***,전시 통제기(K55 자주포용),물품,EBB,지상공통전력운영계약팀,202410241100,D762D,(주)범한네트웍스,BumHan Networks,김성혜,0515232212,부산광역시 기장군 기장읍 배산로56번길26-19,86.473,757770000
18,HCL0067,1,47665,***,"24-289, 299, 316 군장품주기표 등 11종",물품,HCL,공군사관학교,202410241100,G5C59,주식회사 해피코리아,HAPPYKOREA,곽양근,0522397570,울산광역시 울주군 온양읍 화산발리로627-0,88.003,65184287
45,LHM0102,1,47317,***,24년 더 좋은 병영식당 취사기구(430)(2),물품,LHM,제15보병사단,202410241100,MD37C,에이팩스컴퍼니,,장형자,07047096564,강원특별자치도 화천군 간동면 가래울길32-0,88.253,65700000
47,LHM0101,1,47315,***,24년 더 좋은 병영식당 취사기구(430)(1),물품,LHM,제15보병사단,202410241100,L8C31,지평,,김승환,01096614808,강원특별자치도 철원군 갈말읍 호국로5605-15,88.024,71275300
152,LCN0066,1,46395,***,24-17차 실습재료 구매,물품,LCN,육군사관학교,202410241100,HE794,만나기획,Manna planning,주미화,01024261966,경기도 수원시 권선구 구운중로22번길36 (구운동) 1층,88.053,6915073
140,SFJ0016,1,47176,***,TV전시기 3대 구매,물품,SFJ,제2112부대,202410241100,K9955,지만상사,,지찬만,0542219506,"경상북도 포항시 남구 지곡로20 (효자동, 승리 아파트)5동1804호",88.005,4525130
271,LDA0067,1,47310,***,(D066) 고성능 망원렌즈 등 3종 구매,물품,LDA,지상작전사령부,202410241100,K5740,주식회사 시그니처와이케이고,,박영춘,0322406439,"경기도 부천시 조마루로385번길92, 907호(원미동, 부천테크노밸리 U1 center)",83.49,206291990
452,HCF0235,1,45144,***,항공기 기내 소화기 구매,물품,HCF,공군군수사령부,202410241030,K03EF,모아테크,,김은아,07087953338,"대전광역시 서구 갈마로219번길47, 위스퀘어빌딩 338호",88.02,84836601
46,HCC0147,1,47385,***,임펠러 등 4품목(242),물품,HCC,해군제1수리창,202410241030,L02A6,가포통상,,최영종,01089655107,강원특별자치도 동해시 동해대로5464-0 (평릉동),88.006,24748658
1964,MCM0017,1,47364,***,24년 무한잉크 프린터 임차 용역,용역,MCM,4284부대,202410241030,J6E50,은현유통,,김민정,01085038852,"경기도 김포시 김포한강2로273, 509동 502호(장기동, 청송마을 모아미래도엘가)",88,19076906
2,HCQ0075,1,47434,***,24-2차 김해기지 공군 특수건강진단 용역,용역,HCQ,공군제5공중기동비행단,202410241030,D6531,의료법인은성의료재단,,구자성,0513109500,부산광역시 사상구 가야대로326-0 (주례동),90.545,20943000
1596,SFD0093,1,47333,***,탄두 파레트등 12품목 구매,물품,SFD,제9227부대,202410241030,JB481,대명상사,,최영우,070-8800-0323,경상남도 창원시 마산합포구 동서북4길22 (서성동) 2층,88.001,52074670
48,HCC0146,1,47289,***,케이블 조립체 등 1품목(241),물품,HCC,해군제1수리창,202410241030,K94D6,주식회사 엠케이,,차정수,01050840017,강원특별자치도 동해시 발한로31-7 (부곡동),88.006,15055690
31,LDF0017,1,47272,***,'24년 후반기 실습용 케이블 구매,물품,LDF,육군정보통신학교,202410241030,B6C40,(주)강산매니지먼트,KangsanManagement,이소용,0426723695,"대전광역시 동구 동서대로 1590, 태국빌딩 402호(성남동)",88.069,12513200
47,HCC0148,1,47392,***,플랜지 등 22품목(243),물품,HCC,해군제1수리창,202410241030,G4B68,남부상사,NAMBUSANGSA,오승현,070-4496-1169,강원도 동해시 샘실3길12-0 (천곡동),88.061,32476200
12,SFG0107,1,47140,***,골절부목셋 등 3품목 구매,물품,SFG,제9181부대,202410241030,MB426,주식회사 거성인스,,우선금,0315544972,경기도 남양주시 사릉로34번길48-0 지층(금곡동),88.178,1860436
282,SCN0170,1,47212,***,만능도끼 등 34종 구매,물품,SCN,제7001부대,202410241030,MD4BF,스튜디오가이창원,,신재완,05066551010,"경상남도 창원시 마산회원구 3·15대로732, 4층 4248호(합성동, 남산빌딩)",88.005,15749628
9,SCN0168,1,46945,***,플레이스테이션5 세트 등 3종 구매,물품,SCN,제7001부대,202410241030,J4554,가람,,김언지,070-8870-0072,경상남도 창원시 의창구 대산면 봉강가술로519,88.309,2884458
1594,SCN0165,1,47148,***,의무물자(Urinary/CSF Protein 등 75종) 구매,물품,SCN,제7001부대,202410241030,FED1B,모양방시스템,moyangbang system,김주한,025330788,"서울특별시 서초구 동광로1길42, 1층(방배동)",88,38281100
44,SCN0167,1,47153,***,의약품(오피덱스액 등 21종) 구매,물품,SCN,제7001부대,202410241030,E21ED,(주)석호약품,Seokho Pharm,조민석,0233944395,"서울특별시 동대문구 천호대로83길84-0 (장안동,일화빌딩 지층)",88.005,26173720
349,SFH0134,1,47426,***,24-B-고압세척기 등 9품목 구매 납품(도서지역),물품,SFH,제9196부대,202410241030,L84B5,은빈코퍼레이션,,윤은빈,01073309012,인천광역시 계양구 오조산로89번길6-0 (용종동) 3층 301호,88.001,35476426
1604,MCM0018,1,47416,***,모바일기기  통제체계(MDM) 키관리 장비구매,물품,MCM,4284부대,202410241030,KE474,해피 엔젤,,한영순,01065195569,"경기도 안산시 단원구 선이로14, B1층 104호(선부동)",88,15519820
594,MDF0034,1,47283,***,24-4차 합참 전산운용품 구매,물품,MDF,국군지휘통신사령부,202410241030,LD969,퓨처워커,,장준영,01092624478,서울특별시 중랑구 상봉로5길6-8(면목동),88,19026945
82,SFH0135,1,47429,***,24-B-열영상 CCTV 외주정비 용역,용역,SFH,제9196부대,202410241030,B3964,(주)코리아라인,korealine,한동훈,0323250807,"인천광역시 부평구 충선로209번길13-0 (삼산동, SM프라자) 406-2호",87.796,105271300
2137,SFG0105,1,46794,***,링크탄 계수기 구매,물품,SFG,제9181부대,202410241030,M70B8,디에스샵,,신향미,01049499992,경기도 수원시 팔달구 매산로92번길10(매산로3가),87.995,39716490
2257,SFG0104,1,46692,***,해상작전화 등 2품목 구매,물품,SFG,제9181부대,202410241030,E104F,주식회사지텍,"GTECH.Co., Ltd.",김금옥,07071267255,경기도 김포시 양촌읍 황금3로7번길36 (학운리),87.997,24950030
4,SCF0938,1,45809,***,"LST-I 함수도어/램프, 함미램프 외주정비",물품,SCF,해군군수사령부,202410241030,A1200,동일조선주식회사,"dongil shipyard co.,ltd",고성준,0512001211,부산광역시 사하구 원양로391(감천동),83.372,1182353000
264,LCF0565,1,45976,***,"권선, 회전자용 등 5항목 구매(기동-033)",물품,LCF,육군군수사령부,202410241030,E104F,주식회사지텍,"GTECH.Co., Ltd.",김금옥,07071267255,경기도 김포시 양촌읍 황금3로7번길36 (학운리),88.399,123115040
3,LDH0819,1,46505,***,(자재) 부품제작자재 항공난연천용접착제 구매,물품,LDH,육군종합정비창,202410231300,I49E3,주식회사 창원상사,CWC,이은석,0542746100,경상북도 포항시 남구 대해로89-1 (대도동),90.489,6930000
88,SCF0936,1,46876,***,침대 서랍 등 12종,물품,SCF,해군군수사령부,202410231300,H9F30,다림테크,dalim tech,정병윤,0552992866,경상남도 창원시 마산회원구 석전남23길7-0 (석전동),88.01,10261710
128,SCF0935,1,46865,***,의자 좌판수선 등 21종,물품,SCF,해군군수사령부,202410231300,LA093,더 굿 스튜디오,,채원석,01028117742,"경상남도 창원시 마산회원구 합성서1길95, (합성동) 3층",88.001,9733781
14,LKP0142,1,47029,***,'24-2차 일반폐기물처리용역,용역,LKP,5군수지원사령부,202410231130,F6FEA,주식회사 주원,JU WON,김기홍,07043900403,경기도 평택시 송탄고가길5-43 (진위면),84.473,53878674
3,HDL0024,1,47114,***,영내관사 액화석유가스(LPG) 공급계약 의뢰,물품,HDL,공군제16전투비행단,202410231100,G48E9,주식회사 가스원,"GAS ONE Co.,Ltd.",정명수,0547777812,경상북도 경주시 내외로390-21 (외동읍),85.829,237217100
3181,MDN0022,1,47241,***,레펠장갑 등 4종 구매,물품,MDN,국군화생방방호사령부,202410231100,M1D8F,모자,,김태주,01033198936,"부산광역시 사하구 낙동대로203-0 (괴정동, 괴정엔스타) 102동 2206호",88,15758590
2121,HCM0064,1,47138,***,24-08-289 세트드럼 등 5품목,물품,HCM,공군교육사령부,202410231100,JD9CD,주식회사에스티씨,,박정근,0542820260,경상북도 포항시 북구 흥해읍 한동로386-0,88,28468380
3,UMM1182,1,44168,***,(246366-E) 기동형 방송시스템 제조설치,물품,UMM,국군재정관리단,202410231100,GC78B,주식회사 금강특장차,KUMKANGMOTORS,오세덕,0325748313,인천광역시 서구 북항로28-46 (원창동),88.427,77756800
305,UMM1179,1,42769,***,(247062-H)노후 무선교육망 교체사업(리스자산),물품,UMM,국군재정관리단,202410231100,HE76D,세진정보주식회사,SejininfoCompany,김은경,0449981602,충청남도 공주시 반포면 수실2길34,83.018,722915170
3,UMM1180,1,39556,***,24-N-해양부생물 생성방지장치 제조,물품,UMM,국군재정관리단,202410231100,G638A,주식회사 일성이엔지,"ILSEONG ENG CO.,LTD.",오세만,0514127038,부산광역시 영도구 대교로2번길22-6 (봉래동3가) 2층,88.241,42810075
47,UMM1177,1,39238,***,24-M-네트워크접근통제체계 교체(리스자산),물품,UMM,국군재정관리단,202410231100,B8265,(주)프론텍,"Frontec Co., LTD",신용우,0537467161,"대구광역시 북구 동북로 117, 소프트웨어벤처타워 1004,1005호(산격동)",83.114,2276164000
813,UAC0047,1,46284,***,자담 인쇄재료 17종 수시구매,물품,UAC,국방출판지원단,202410231100,C755A,미래관리주식회사,MIRAE SECURITY,오순옥,0312626310,"경기도 용인시 수지구 대지로41-0 (죽전동, 미래빌딩)",83.077,236115600
3759,MDR0060,1,47128,***,수중통신기 구매,물품,MDR,제9965부대,202410231100,M8718,에스오케이,,서상봉,01084134885,"경기도 파주시 한마음1길25-0 (금촌동, 파주금촌주공아파트1단지)",87.995,40599496
435,LPF0077,1,46225,***,24년 00부대 통합상활실 화면전시체계 설치납품,물품,LPF,제51보병사단,202410231030,E8FA2,신안종합건설 주식회사,,김용일,0622648788,전라남도 장성군 동화면 삼동로737-0,87.999,90105230
44,SCU0065,1,47134,***,도서(맡겨진 소녀 등 29종) 구매,물품,SCU,해군 기동함대사령부,202410231030,E2F90,주식회사 디엘에스(DLS),"DLS Co., Ltd.",양석문,0647217482,"제주특별자치도 제주시 중앙로266-0, 103호 (이도이동, 영도 갤럭시타운)",90.01,10962400
423,LKF0065,1,47239,***,24년 비데 임차용역,용역,LKF,제6755부대,202410231030,IF4AC,엠디유통,,황도아,01047759984,"경기도 남양주시 다산중앙로123번길29, 3405동 2404호(다산동, 다산역자연앤푸르지오)",88.004,34260000
2,SFD0091,1,47225,***,24-P-02음식물류폐기물 위탁처리 용역,용역,SFD,제9227부대,202410231030,K5029,주식회사 블루경상,,선혜진,054-615-0900,"경상북도 포항시 북구 중흥로208-0, 116호(죽도동)",88.63,42050300
20,SDQ0109,1,47227,***,ICU 모듈 구매,물품,SDQ,해군제2수리창,202410231030,M6A9D,유한회사 정현,,정다운,07086574654,"광주광역시 광산구 임방울대로142-10, 2층 265호(운남동)",88.141,12265110
212,SCI0119,1,47177,***,"송풍기, 환기용 등 18종 구매",물품,SCI,제9121부대,202410231030,LE757,하랑디엠,,윤미소,01072371770,경상남도 창원시 마산회원구 내서읍 호원로385-1,88.018,20554880
130,SDQ0107,1,47178,***,무초산형 실리콘 등 156종 구매,물품,SDQ,해군제2수리창,202410231030,MBD7B,경기유통,,강민정,01052181431,"경기도 평택시 안중읍 안현로서6길10, 503호 B9호(대원빌딩)",88.025,19551990
105,SDQ0106,1,47173,***,핸드 체인 등 42종 구매,물품,SDQ,해군제2수리창,202410231030,IB8B8,대지종합상사,Daeji,김상지,010-2744-5703,"경기도 평택시 중앙2로13-0 (평택동, 센텀스카이빌딩)",88.003,58171900
18,SFD0092,1,47231,***,00훈련장 탄두회수장치 제조 납품 설치,물품,SFD,제9227부대,202410231030,I12CD,주성엠에스,jusung m/s,이선호,01054936260,"경기도 파주시 파주읍 봉암길223, 1동",88.008,48931990
279,SCK0135,1,47216,***,에코클립보드 등 396종 구매,물품,SCK,해군교육사령부,202410231030,M893E,주식회사 동금솔루션,,성유진,0552975801,"경상남도 창원시 마산합포구 3·15대로427, 1동(상남동)",88.068,28212570
163,SCK0134,1,47207,***,토너카트리지(검정) 등 68종 구매,물품,SCK,해군교육사령부,202410231030,L4F7D,에테르노,,성은경,07086481939,"경상남도 창원시 성산구 용지로94-0, 지층 109호 (중앙동)",88.008,7868459
10,MDS0021,1,47201,***,발전기(100KW) 구매,물품,MDS,제3707부대,202410231030,E077C,파워코리아 주식회사,POWER KOREA Co.Ltd.,김판준,0313599293,경기도 화성시 남양읍 무하로110번길40-18,88.726,47513000
1650,HCM0063,1,47131,***,24-08-300 마약검사키트 등 2품목,물품,HCM,공군교육사령부,202410231030,L26A9,에이치에스인터렉티브,,정훈섭,01037546199,"서울특별시 강동구 명일로26길5, 1동 7층 702호(길동, 골든빌)",88,24248593
1210,SDQ0108,1,47200,***,DC drive 등 31종 구매,물품,SDQ,해군제2수리창,202410231030,F5277,탑종합상사,TOP Corp,이미애,07076089858,"경기도 의정부시 장곡로240, 106동 904호 (장암동, 장암동아아파트)",88.007,37453480
28,HCC0145,1,47056,***,"목장갑 등 126품목(24-03,24-04)",물품,HCC,해군제1수리창,202410231030,JFB9B,청아철물설비,,김주희,010-7224-5200,강원도 동해시 단봉길23 (북평동),88.07,7460900
1944,SFG0103,1,46533,***,전차표적지 및 스틸타겟 구매,물품,SFG,제9181부대,202410231030,IC4D5,원당상회,,조소현,01046173334,"경기도 김포시 고촌읍 장차로13번길25 , 302-777호(세종프라자)",87.996,46789260
26,SCF0933,1,45852,***,'24년 함정 바라스트탱크 소제/청락/도장 용역,용역,SCF,해군군수사령부,202410231030,MD822,주식회사 앰솔,,이열우,0553299833,경상남도 김해시 김해대로2575번길25(어방동),88.146,340565026
1879,SCF0934,1,45601,***,"윤활유,기어용 50,000리터 구매",물품,SCF,해군군수사령부,202410231030,K6741,주식회사 유콘,,김재석,0629757210,"전라남도 목포시 영산로93-1, 5층 557호(명륜동, 전남빌딩)",87.995,109179486
2538,SCF0931,1,45474,***,이동용 발전기 7대 구매,물품,SCF,해군군수사령부,202410231030,L8021,도담교육,,박미정,01082435131,"부산광역시 사상구 백양대로906, 8동 1007호(모라동, 우성아파트)",87.995,20984632
15,SCF0932,1,43552,***,'24~'26년 비화데이터체계 유지보수 용역,용역,SCF,해군군수사령부,202410231030,C5D37,세영정보통신(주),Seyoung information telecommunication,이세영,0544632300,경상북도 구미시 산호대로 56-1(),86.071,398489000
13,SCF0814,4,33238,***,육상 심해잠수훈련장비 외주정비],물품,SCF,해군군수사령부,202410231030,A1200,동일조선주식회사,"dongil shipyard co.,ltd",고성준,0512001211,부산광역시 사하구 원양로391(감천동),91.324,1532160000
3,MCD0073,2,43742,***,24년 군소음보상 업무관계자 워크숍행사 대행,용역,MCD,국방부(운영지원과),202410221700,J5B11,주식회사 모엔,,이재범,0314065485,"경기도 안산시 단원구 광덕4로256, 203호 (고잔동)",,34893760
14,LDH0816,1,45279,***,발칸 케이스 구매,물품,LDH,육군종합정비창,202410221300,KD3C7,선우테크,,권은향,010-8454-8474,"경상남도 창원시 의창구 반계로104-21 (팔용동, 벽산블루밍아파트B단지)103동701호",88.022,32109600
4811,LCG0092,1,46306,***,[24-육-223] 지능정보기술단 회의실 음향장비 구매,물품,LCG,육군본부,202410221230,K0B1A,엘컴퍼니,,이창민,01031218395,경기도 용인시 기흥구 언동로125번길26-1 (중동) A동 402호,87.995,21516610
716,LGP0152,1,45565,***,24년 얼음정수기 임차 용역,용역,LGP,제1군수지원사령부,202410221100,JFB29,엘에스 서플라이,,이수진,01031607210,"경기도 김포시 김포한강8로333, 309동 202호",87.749,134012060
14,MCS0119,1,46818,***,흰장갑 등 231종 구매,물품,MCS,국방부계룡대근무지원단,202410221100,M0B65,알파계룡대점,,박지선,010-4411-2344,충청남도 계룡시 신도안면 계룡대로663-0,88.139,4350000
7,LIK0068,2,45228,***,24-2차 진지공사용 폐타이어 수송 용역,용역,LIK,제2군수지원여단,202410221100,I7410,주식회사 드림스타,Dream Star,신영섭,0438553445,충청북도 충주시 앙성면 가곡로787-20,88.146,5620000
112,HDG0031,1,46950,***,<24-87> 10비 수원/오산 탄약고지역 제초용역,용역,HDG,공군제10전투비행단,202410221100,C9182,두원건설 주식회사,DOO  WON,문동권,0318797766,"경기도 양주시 광적면 그루고개로32번길83, 나동 3층",88.105,23900000
31,LFD0008,1,46791,***,외국군 숙소 청소용역(직접생산업체),용역,LFD,육군대학,202410221100,IABFD,주식회사 백산환경,backsan,하진영,042-673-3377,대전광역시 중구 대종로171번길60-0 (호동),89.843,3636300
14,HCL0065,1,47218,***,24-312 정모 등 4종,물품,HCL,공군사관학교,202410221100,M68C7,(주)이은의류,,권영재,01036361604,광주광역시 남구 대남대로181번길5-5 (봉선동),88.007,41904000
4758,UMM1188,1,46765,***,"(246275-C) 특정지역 감시조피복, 등산복류 구매",물품,UMM,국군재정관리단,202410221100,H6986,주식회사 삼진유체기계,"SAM JIN FLUID MACHINERY CO.,LTD",이정석,0314411280,경기도 화성시 남양읍 현대기아로125번길34,87.995,174042147
18,UMM1184,1,44533,***,24-D-PHC파일 제조,물품,UMM,국군재정관리단,202410221100,J0919,성우파일 주식회사,,김용길,0437446350,충청북도 영동군 용산면 영동산단로217-0,88.498,160820000
579,UMM1173,1,43185,***,(247363-C)다발성외상 구조훈련 마네킹 등 4품목 구매,물품,UMM,국군재정관리단,202410221100,EA053,(주)미래엠앤에스,MIRAE M&S,박지호,0234181012,"경기도 과천시 별양상가1로18,비-1호 (별양동) 과천오피스텔 5층",83.004,554135800
1275,UMM1176,1,43068,***,24-M-수제선 갈대제거 용역,용역,UMM,국군재정관리단,202410221100,HCF38,주식회사 중앙조경,junganglandscape.Inc,김동수,0312923587,"경기도 수원시 권선구 호매실로90번길27, 409호 (호매실동)",87.998,183844000
2,MCD0076,1,44624,***,군 지휘조직 진단을 위한 소요인력 산정방안 연구,용역,MCD,국방부(운영지원과),202410221100,L65A4,사단법인 한국인사관리학회,,봉현철,010-9290-2418,전라북도 전주시 덕진구 백제대로567-0 (금암동),,41478670
92,LMK0036,1,46209,***,[24-04]00부대 실내체육관 신축 자동제어 제조설치,물품,LMK,제6보병사단,202410221100,IB31F,주식회사 유피엘,UPL,고혜정,0635841067,전북특별자치도 부안군 행안면 부안3농공단지길99-0,88.009,153158890
13,LHQ0047,2,44851,***,보안 검색장비 구매,물품,LHQ,제2작전사령부,202410221100,K1D55,씨엠스코주식회사,"CMsCO Co., LTD",안동권,0413566200,충청남도 당진시 송악읍 부곡공단4길65,83.034,76200000
4,EBB0336,2,4000,***,K5 방독면 수리부속(방산),물품,EBB,지상공통전력운영계약팀,202410221030,0044F,주식회사 한컴라이프케어,HANCOM LIFECARE INC.,김선영,03151839000,경기도 용인시 처인구 양지면 중부대로1960번길53,92.044,1355000000
29,LGC0028,1,46927,***,"25년 학군후보생 기타피복류(벨트,넥타이) 제조",물품,LGC,육군학생군사학교,202410221030,BF77C,일신정밀,IL SHIN JUNG MIL,윤광열,01053336880,경기도 양주시 은현면 화합로1112번길2-12,88.308,21809161
52,SCH0160,1,46919,***,24-0전단 취사장 청소 용역,용역,SCH,해군작전사령부,202410221030,C1ED9,도영산업 주식회사,doyoungsanup,이종도,0557527761,경상남도 진주시 남강로885번길9-0 (상대동),88.046,1283890
524,SFH0128,1,46924,***,24-B-브로워 등 13품목 구매 납품,물품,SFH,제9196부대,202410221030,L45C1,미라클소프트,,김상진,01032733736,"인천광역시 서구 원당대로840번길21-0 (당하동, 풍림아이원아파트) 820동 1001호",88.001,55238745
2,SCH0159,1,46920,***,24-00사 국내시찰 용역,용역,SCH,해군작전사령부,202410221030,L12BE,주식회사 월드시티글로벌,,양준영,07086999564,"부산광역시 수영구 광남로22, 403호(남천동)",88.009,11504420
54,SCP0102,1,46917,***,어라운드뷰 등 3종 납품 설치,물품,SCP,제8385부대,202410221030,L0EFE,씨에스 강원,,김도연,01052181431,강원특별자치도 동해시 부곡6길6 (부곡동),88.055,17944560
54,SCP0101,1,46913,***,VTOL 무인기 배터리 등 44종 구매,물품,SCP,제8385부대,202410221030,L3692,상생,,이성균,01031185460,강원특별자치도 동해시 승지로17-0 (부곡동) 삼양a동 401호,88.017,11957286
23,HDQ0073,1,46908,***,20비 24-323 비디오월,물품,HDQ,제20전투비행단,202410221030,MDAE4,블랑코퍼레이션,,박은지,01026107070,충청남도 태안군 남면 천수만로39-171  1층,88.002,82677000
221,SCH0158,1,46898,***,24-75호 페인트마카 등 30종 구매,물품,SCH,해군작전사령부,202410221030,LE757,하랑디엠,,윤미소,01072371770,경상남도 창원시 마산회원구 내서읍 호원로385-1,88.008,8615450
10,SCH0157,1,46886,***,24-74호 타타대우 노부스 터보차저 1종 구매,물품,SCH,해군작전사령부,202410221030,J7999,주식회사 이레,,이영민,0635452005,전북특별자치도 김제시 진밭머리2길12 (요촌동),89.087,6974000
41,HCC0140,1,46789,***,로프 등 3품목(238),물품,HCC,해군제1수리창,202410221030,G4B68,남부상사,NAMBUSANGSA,오승현,070-4496-1169,강원도 동해시 샘실3길12-0 (천곡동),88.037,1149600
194,SCF0928,1,46539,***,마스크 등 159종,물품,SCF,해군군수사령부,202410221030,LA093,더 굿 스튜디오,,채원석,01028117742,"경상남도 창원시 마산회원구 합성서1길95, (합성동) 3층",88.001,8527397
130,SCF0927,1,46502,***,당직자의자 등판 등 5종,물품,SCF,해군군수사령부,202410221030,M893E,주식회사 동금솔루션,,성유진,0552975801,"경상남도 창원시 마산합포구 3·15대로427, 1동(상남동)",88.018,4409050
38,HCC0143,1,46967,***,앵글 등 6품목(240),물품,HCC,해군제1수리창,202410221030,F3C30,다모아상사,DAMOA,김금삼,033-522-4075,강원도 동해시 동해대로5041-0 (효가동),88.011,1388310
49,SDQ0103,1,46959,***,"송신기, 위치용 구매",물품,SDQ,해군제2수리창,202410221030,K9A22,오공상사,,김도연,01052181431,"경기도 평택시 안중읍 안현로서6길10, 305동 B08호",88.002,6495240
42,HCC0142,1,46940,***,공기 정화기 등 2품목(239),물품,HCC,해군제1수리창,202410221030,F3C30,다모아상사,DAMOA,김금삼,033-522-4075,강원도 동해시 동해대로5041-0 (효가동),88.142,1955140
3,MDQ0017,2,45257,***,의료용 흡인기 구매,물품,MDQ,국군의무학교,202410221030,HA1CA,주식회사 파라메스,"PARAMES.Co.,Ltd.",김금자,0426287119,"대전광역시 중구 동서대로1365번길 20, 1층(목동)",97.152,11451600
147,SCI0118,1,46749,***,커넥팅 소켓 등 8종 구매,물품,SCI,제9121부대,202410221030,L994E,창원엔젤,,윤복천,01024401544,"경상남도 창원시 성산구 마디미로9번길10, 2층 203호(상남동, 나이스빌딩)",88.011,9641700
5772,HCM0062,1,46761,***,24-08-303 젓가락 등 62품목,물품,HCM,공군교육사령부,202410221030,L9D7A,올포유어스,,송소정,01052748686,"대전광역시 중구 평촌로111, 106동 1305호(태평동, 태평아파트)",88,21004049
9,MDQ0019,1,46374,***,도상훈련 키드 구매,물품,MDQ,국군의무학교,202410221030,K03EF,모아테크,,김은아,07087953338,"대전광역시 서구 갈마로219번길47, 위스퀘어빌딩 338호",88.095,13332155
33,SFH0131,1,46937,***,24-B-PTZ카메라 등 2품목 제조 납품(도서지역),물품,SFH,제9196부대,202410221030,DDD11,주식회사디브이알씨앤씨,DVR C&C,이병묵,0323633785,"인천광역시 부평구 부평대로301, 제7층 720호 (청천동, 남광센트렉스)",88.22,39265500
477,SFH0130,1,46934,***,24-B-코팅지 등 106품목 구매 납품(도서지역),물품,SFH,제9196부대,202410221030,LFDF6,지안,,유은영,01046527632,"인천광역시 남동구 에코중앙로48번길31, 103-1003(논현동)",88.001,16744937
29,LGT0086,1,46903,***,'24-2차 군 주거시설 정기안전점검 용역(24-GS-30),용역,LGT,제2307부대,202410221030,L2466,주식회사 한별엔지니어링,,김보상,0335353553,"강원특별자치도 동해시 동해대로5443, 3층 304호(평릉동, 동해시종합버스터미널)",88.06,34775000
19,HCC0141,1,46839,***,임페라 부품 등 2품목(237),물품,HCC,해군제1수리창,202410221030,JAA31,주식회사 다온종합상사,,윤정우,01063743031,"강원특별자치도 동해시 효가동효자로 708-2 ,2층",88.038,8357855
16,HCC0144,1,46986,***,"어댑터 등 153품목(24-03,24-04)",물품,HCC,해군제1수리창,202410221030,MAF8F,동해유통,,김종호,01099275747,강원특별자치도 동해시 동해대로5464-0 (평릉동)203-59호,88.019,6000819
3,SCN0164,1,46984,***,24-진-56 버스임차용역,용역,SCN,제7001부대,202410221030,C1B98,(주)세영고속관광,SEY0UNG EXPRESS TOUR,이태기,0552425544,경상남도 창원시 마산회원구 무학로712-0 (회원동),88.446,670000
2393,SFG0102,1,46181,***,제설함 등 19품목 구매,물품,SFG,제9181부대,202410221030,L551F,와이제이,,최연진,01031051364,"경기도 고양시 일산동구 위시티3로110 (식사동, 일산자이 센트리지) 103동 405호",87.999,58758768
1218,SFC0122,1,45515,***,개인보호장구류 (방한귀마개 등 21품목) 구매,물품,SFC,제9691부대,202410221030,L79DF,다파라스 (Daparace),,엄정현,070-8064-8044,"경기도 성남시 분당구 황새울로335번길8, 4층 4-07호 (서현동, 덕산빌딩)",87.996,10464617
11,SCK0132,1,45828,***,국악피복(취타복 등 6종) 제조 납품,물품,SCK,해군교육사령부,202410221030,E7F2D,(주)경동직물,kyung dong textile,전은주,029152081,서울특별시 성북구 종암로14길 20-28(종암동),88.072,27856980
44,SCK0133,1,45806,***,전사벨트 뭉치 등 24종 구매,물품,SCK,해군교육사령부,202410221030,CF5B2,대광산업,daegwang,이종명,01026787883,경상남도 창원시 마산회원구 양덕북5길97 (양덕동1층상가),88.247,19046310
29,SCF0923,1,46014,***,'24년 함정 실내 격벽 응결수 방지 청락/도장 용역,용역,SCF,해군군수사령부,202410221030,M8A69,주식회사 다온,,박정대,0514187388,부산광역시 영도구 태종로233-0 (봉래동5가),88.062,592807300
4460,SCF0930,1,45871,***,해병대 차량용 배터리 충전기 14EA 구매,물품,SCF,해군군수사령부,202410221030,L1E50,지에이치켐(GH켐),,염규학,01033296355,"충청북도 청주시 서원구 월평로24, 806동 2층 203호(분평동, 현대대우아파트)",87.995,32718368
3795,SCF0926,1,44152,***,"(긴급) 세척제,산성,파이프라인용 등 3종",물품,SCF,해군군수사령부,202410221030,L8691,주호종합상사,,배주호,07047112466,경상남도 창원시 마산회원구 내서읍 광려천북로198-0 (중리 한백아파트),87.996,10396415
9,SCF0924,1,43239,***,수리함정 클리닝 용역,용역,SCF,해군군수사령부,202410221030,HCA28,주식회사 삼광지에스,samkwang GS,이선재,0517240370,부산광역시 기장군 기장읍 대변로154-0 323호,88.282,38120000
140,LQG0073,1,46570,***,24년 검문소 경량화 물자 제조 납품,물품,LQG,육군 52보병사단,202410221030,L6BFB,주식회사 마크온탑,,신승자,07076039643,서울특별시 영등포구 여의대방로43나길10-1 (신길동)  1층,88.032,127487000
386,LCK0043,1,46929,***,[일반-24-139-1] 00부대 병영식당 비품 구매(1),물품,LCK,수도방위사령부,202410221030,G8536,주식회사 원포인트 듀오,onepointduo,이인환,024477117,"서울특별시 강북구 덕릉로40길74, 701호(번동, 강북전자공단)",83.001,97510210
5,LCK0042,1,46576,***,[일반-24-188] 대테러초동조치부대 물자 구매,물품,LCK,수도방위사령부,202410221030,K8847,탑에스씨,,이승은,07070079007,"서울특별시 영등포구 여의대방로43나길12, 1층 (신길동)",83.243,213751000
901,HDM0054,1,41521,***,[24-0173] 24-8차 일반소모성자재(GUC) 구매,물품,HDM,공군제17전투비행단,202410221030,IF0BE,차이,,홍지유,01073643530,"대구광역시 중구 공평로59, 1충(공평동, 우원빌딩)",82.997,274948385
47,LDH0813,1,45959,***,"K21 노즐,연료분사용 1종 구매",물품,LDH,육군종합정비창,202410211300,M7AA7,창원,,박은미,07078347000,"경기도 평택시 중앙로29, 5층 551호(통복동, 오피스밸리)",88.061,18675747
202,MDD0111,1,45446,***,'24년 재투자 의무장비(전자동정제분류포장기)구매,물품,MDD,국군수도병원,202410211100,JFAD9,파우스,,조재원,010-9902-0859,"인천광역시 미추홀구 승학길5-30, 2층 (문학동)",90.039,67200000
5302,LFK0072,1,46618,***,교구잡낭 구매,물품,LFK,육군종합군수학교,202410211100,IB2D0,나니랜드,Nani Land,민채원,01073700730,경기도 성남시 수정구 시민로241번길28-7 (태평동),88,17386090
6,MCS0118,1,46532,***,장병편의시설 비품 구매,물품,MCS,국방부계룡대근무지원단,202410211100,H7557,삼화문구오피스 엄사점,SamhwamunguOfficeemsajem,정미숙,0428413990,충청남도 계룡시 엄사면 번영3길57-2,88.127,7746200
605,UAC0046,1,46520,***,국방대학교 월력용지 구매(아르떼190gA 등 2종),물품,UAC,국방출판지원단,202410211100,JAF12,복둥유통,,이상현,01047657967,"서울특별시 영등포구 도영로2-5 (대림동, 대림동코오롱아파트) 102-204",88,6908330
5223,HCL0063,1,46774,***,"24-289, 314 군사훈련가방 등 4종",물품,HCL,공군사관학교,202410211100,GFAC1,다온유통,dawon co.,장선희,01073664714,"대구광역시 중구 태평로41, 101동 703호(태평로3가, 힐스테이트 달성공원역)",88,66380460
146,LFK0071,1,46608,***,24-4차 개인주비 물품 구매,물품,LFK,육군종합군수학교,202410211100,K03EF,모아테크,,김은아,07087953338,"대전광역시 서구 갈마로219번길47, 위스퀘어빌딩 338호",88.014,9077718
4991,LFK0070,1,46593,***,24년 HACCP 조리실습장 비품 구매,물품,LFK,육군종합군수학교,202410211100,J878F,유니스제이,,정혜진,01090964663,"인천광역시 연수구 랜드마크로19, 107동 2001호(송도동, 송도 SK VIEW)",88,69350900
33,LFR0014,1,46222,***,24년 교실내 공기청정기 필터 제조납품,물품,LFR,육군기계화학교,202410211030,F3C52,대원필터,DAEWON FILTER,이오형,0513617971,부산광역시 기장군 정관읍 산단7로8-20,88.037,9401780
69,LBB0043,1,46453,***,"24년 화력 정비용장비(검사세트,포신형,로봇형) 구매",물품,LBB,육군제7789부대,202410211030,J4CC0,만능상사,,정양수,01036902326,광주광역시 광산구 평동로993 (장록동),97.01,29793650
5,LGP0151,1,46447,***,00부대 토양정밀조사 용역,용역,LGP,제1군수지원사령부,202410211030,H69B0,재단법인 경기환경과학연구원,gyeonggi research institute of environmental sciences,여인홍,0316990131,"경기도 하남시 하남대로947, 씨동 1410호(풍산동, 하남테크노밸리유1센터)",88.242,18648000
134,SFH0127,1,46646,***,24-B-열영상CCTV UPS 외주정비 용역(도서지역),용역,SFH,제9196부대,202410211030,G05F6,우성기전 주식회사,"woo sung ELECTRIC CO.,LTD.",임남윤,0327666035,인천광역시 미추홀구 석정로301번길67-1 (도화동),88.001,41682050
142,SFH0126,1,46622,***,24-B-부대관리용 CCTV 외주정비 용역(도서지역),용역,SFH,제9196부대,202410211030,M6BD7,주식회사 하이에스파워,,한유엘,0324233471,"인천광역시 연수구 능허대로179번길26, 지하1층(옥련동, 위스빌)",88.001,41137488
612,SDF0149,1,46589,***,Black silk 등 24종,물품,SDF,제5738부대,202410211030,HFABB,주식회사 솔북,SOLBOOK,서영은,07046591519,"경기도 김포시 김포한강11로312, 216호 (운양동, 리앤포레2차)",88,3417187
62,SDF0148,1,46587,***,24-항-46 00병원 안전콘텐츠 동영상 제작용역,용역,SDF,제5738부대,202410211030,L9E49,주식회사 힐빙케어,,박용진,0323226585,"경기도 부천시 원미구 부천로198번길18, 춘의테크노파크 201동 512호 (춘의동)",88,14706930
6,LGT0085,1,46580,***,24년 군사지도 제작재료 구매(24-GP-76),물품,LGT,제2307부대,202410211030,FC660,나래종합상사,NaRae a general trading company,홍대기,0336539838,강원특별자치도 강릉시 경강로2496  (송정동),94.836,5721200
34,MDS0019,1,46548,***,0000 신호 자동처리체계(신호수신기) 구매,물품,MDS,제3707부대,202410211030,M97ED,휴엘,,김영민,01058006691,"경기도 안양시 동안구 시민대로273, 1동 1303호(관양동, 효성인텔리안)",97.373,39521240
17,LGT0084,1,46581,***,'24년 후반기 군단 동력버너 구매(24-GP-82),물품,LGT,제2307부대,202410211030,L9919,동인산업,,신진업,070-8870-0072,"강원특별자치도 동해시 논산길16(묵호진동, 중앙슈퍼)",88.526,12545094
6,HCF0234,1,46569,***,공기압축기 1종 (기체공장),물품,HCF,공군군수사령부,202410211030,I4293,한국상사,Han Kook,박현주,01046782534,"대구광역시 달서구 갈밭남로17, 208동 1404호(대곡동, 수목원호정포레스트)",92.437,38915000
2,SFN0083,1,46487,***,수중모터/펌프 제조,물품,SFN,연평부대,202410211030,G7D43,티디에프 주식회사,TDF,안소영,0325682342,인천광역시 서구 대곡로89번안길29 (대곡동),88.165,51888850
43,LFC0067,1,46327,***,24년 40차 의료기재(스프린트 등 9품목) 구매,물품,LFC,육군훈련소,202410211030,K1C98,주식회사 케이앤제이,,박광희,01059144769,"충청남도 계룡시 장안로39, 303호 (금암동)",88.028,6880190
24,LFC0065,1,46197,***,육군훈련소 주거시설 보일러 설치납품,물품,LFC,육군훈련소,202410211030,MD5A6,(주)금강씨엔지,,곽혜진,0417518975,충청남도 금산군 추부면 서대산로552-0,88.102,28948200
806,HDC0039,1,46772,***,24-용-114 항공기 주요 정비시설 CCTV 설치용역,용역,HDC,공군제1전투비행단,202410211030,KAB38,대연네트워크 주식회사,,김효정,0623760819,광주광역시 북구 신용산길276-15 (지야동) 1층,88.009,45357000
9,HCC0139,1,46679,***,"퓨즈 등 39품목(24-08,24-09)",물품,HCC,해군제1수리창,202410211030,L9BFF,산들산업,,김언지,070-8870-0072,강원특별자치도 동해시 논산길16-0 (묵호진동),88.203,2070314
257,LCZ0026,1,46664,***,24년 00부대 창고 물자(파레트트럭 등) 구매(6차),물품,LCZ,동원전력사령부,202410211030,I9729,(주)디티엔,DTN,곽순헌,0322157005,경기도 부천시 길주로70 (상동) 강산타운 407호,88.001,20922800
272,LCZ0025,1,46642,***,24년 00부대 치장창고 물자(선풍기 등)구매(6차),물품,LCZ,동원전력사령부,202410211030,L40AF,푸디앤라이프 주식회사,,최문수,0269591212,"경기도 광명시 일직로72,   씨동 15층 16호(일직동, 광명무역센터)",88.01,11939555
7,LPG0022,1,46435,***,GPㆍGOP 방호력생존성 보장 검증 통신자재 구매,물품,LPG,제5보병사단,202410211030,L1656,삼이유통,,김승환,01096614808,"경기도 연천군 전곡읍 전은길98-53, 1층 101호",88.006,26423290
39,LFC0066,1,46316,***,24년 35차 의약품(아목클정 등 19품목) 구매,물품,LFC,육군훈련소,202410211030,I88DE,에스앤제이팜 주식회사,s&j pharm,조성진,023566298,"서울특별시 은평구 갈현로141, 2층 (구산동)",88.071,9160730
17,LCM0060,1,46312,***,'24년도 후반기 도식교보재 제작재료 구매,물품,LCM,육군교육사령부,202410211030,M93AA,디케이유통,,이도균,01055963032,"대전광역시 서구 대덕대로248, 에이동 1506호(둔산동, 넥서스밸리)",88.076,20504250
3,UAB0065,1,46812,***,’24년 상무대 쇼핑타운 면세유류 구매,물품,UAB,국군복지단,202410211030,E1F6C,(유)무안IC주유소,,김만기,0613235149,전라남도 함평군 엄다면 영산로3189-0,88.988,30600000
59,SFH0125,1,46611,***,24-B-톤백마대 제조 납품(도서지역),물품,SFH,제9196부대,202410211030,C71F6,광성,,김재섭,0638564560,전북특별자치도 익산시 황등면 탑천로163-0,89.101,23020530
36,LPS0009,1,46610,***,24년 전관방송용 앰프(360/600W)설치납품,물품,LPS,제60보병사단,202410211030,IE08C,미소테크,,차미경,01063237833,경기도 고양시 일산서구 탄현로80-0 (탄현동),88.134,28531320
34,SDF0150,1,46598,***,옴니파큐 300 등 26종 구매,물품,SDF,제5738부대,202410211030,M6EB9,대건약품,,이준연,0538123551,"대구광역시 군위군 효령면 서고암1길4-0, 1층",88.032,25317520
3,MDS0020,1,46597,***,'24년 소방시설 작동기능점검 용역(성남지역),용역,MDS,제3707부대,202410211030,H47AB,주식회사 한국소방,HANGOOKSOBANG CO.,문성호,0317817199,"경기도 성남시 분당구 이매로173, 107호(이매동, 럭키회관)",88.599,19803686
3,MCD0075,1,44592,***,군무원 소개 및 채용 홍보물 제작,용역,MCD,국방부(운영지원과),202410181700,J1318,주식회사초콜릿커뮤니케이션,,정소영,0269510007,서울특별시 마포구 성미산로10길60 (서교동),,93740000
2,UMM1172,1,45647,***,(24G274-A)교육망 정보보호체계 구축 금융리스,물품,UMM,국군재정관리단,202410181100,B179B,롯데캐피탈(주),LOTTE CAPITAL,추광식,0234510099,"서울특별시 강남구 테헤란로 142(역삼동, ARC PLACE) 7층",99.288,308729500
686,UHD0036,1,46297,***,'24년 수목 제거 및 전정처리 용역,용역,UHD,공군 작사예하 방포사예하 제3여단,202410181100,MBE14,주식회사 에코봄,,박은경,0315070584,"경기도 시흥시 시청로25, 6층614호(장현동, 시티프론트561 더파이브)",88,48034403
5,LDA0059,1,46119,***,(A160) 본청 EMP 차폐도어 보수 설치납품,물품,LDA,지상작전사령부,202410181100,A5459,주식회사 테크윈시스템,"Techwin System Co., Ltd.",김래진,0317771110,"경기도 성남시 중원구 둔촌대로 474, 선텍시티 913호(상대원동)",88.297,25150730
6,LDA0065,1,46274,***,(A159) 00부대 취사장 자동확산소화장치 설치납품,물품,LDA,지상작전사령부,202410181100,C7046,합자회사 현진,hyunjin,이혜련,0332545339,강원특별자치도 춘천시 퇴계공단2길33-0 (퇴계동),88.655,7054800
62,MCS0117,1,46185,***,(육-081) 예복견장 5종 구매,물품,MCS,국방부계룡대근무지원단,202410181100,E1394,성지EMB,sungjiemb,이근호,0325524211,"인천광역시 계양구 봉오대로743번길29, 1동 3층 301호(작전동, 삼보아파트상가)",88.016,6116500
9,LDA0064,1,46139,***,(D093) 본청 노후 전기설비 교체 설치납품,물품,LDA,지상작전사령부,202410181100,M9230,주식회사 케이엠산업개발,,김원대,0332441381,"강원특별자치도 화천군 하남면 논미로384 , 102호",88.049,12415050
41,LDA0062,1,46136,***,(D091) 군사보호시설 휴대폰 보관함 구매,물품,LDA,지상작전사령부,202410181100,K5E2F,그레이스기획,,임은혜,07088080767,경기도 고양시 덕양구 무원로6번길61-0 (행신동) 604-1호,88.116,8237590
18,LMB0021,1,45964,***,식기세척기 임차(2대),용역,LMB,제8278부대,202410181030,M1FB5,엔시텍,,강형석,01093153039,"대전광역시 서구 도산로403번길21, 탄방동 4층 20호(탄방동, 전자타운)",87.851,63896420
19,SCH0156,1,46323,***,24-73호 수냉식에어컨 1종 8점 구매,물품,SCH,해군작전사령부,202410181030,M094A,경백상사,,차화진,07073117303,"부산광역시 강서구 낙동북로187번길10 (대저1동, 우창팰리스)102동 602호",88.066,9239500
478,LPK0021,1,46298,***,"24년 취사장 청소용역(후드, 덕트 포함)",용역,LPK,제8기동사단,202410181030,I3466,초록미소환경,Green smile Cleaning,이종구,01038971482,"경기도 광명시 오리로396번길11, 102호",90.003,37271660
293,SCL0045,1,46291,***,클립보드듀얼 등 679종 구매,물품,SCL,해군사관학교,202410181030,MA0F5,무진유통,,최건우,01063111164,경상남도 창원시 성산구 용지로169번길11-31 (용호동) 동진빌딩 3층 11호,88.001,60700570
357,LBB0042,1,46253,***,'24년 부대조달 정수약품 요소수 구매,물품,LBB,육군제7789부대,202410181030,L13A3,와이제이오,,오영증,01075565613,"경기도 의정부시 용민로441 (민락동, 엘에이치브라운빌리지) 1403동204호",88.025,38430860
4,MDW0025,1,46187,***,24-3차 교육비품구매(여성도녀 실습모형 등 4건),물품,MDW,국군간호사관학교,202410181030,C5D83,준메디텍,JUN MEDITECH,김명희,0425377796,대전광역시 유성구 월드컵대로308번길20 (상대동),97.047,23100000
58,HCC0138,1,46081,***,토너 등 27품목(24-21),물품,HCC,해군제1수리창,202410181030,C8A0C,영동문구센타,youngdong,이석순,033-531-4931,강원특별자치도 동해시 동굴로 153-2(),88.059,6587719
49,SCR0096,1,46043,***,"공구키트, 전자장치용 등 5종 구매",물품,SCR,해군제3함대사령부,202410181030,I92DF,오피스넥스목포,officenenx mokpo,서민호,061-285-0877,전라남도 목포시 하당로72-0 (상동),88.019,5018790
37,LHP0047,1,46158,***,24년 재난 및 안전예방 비품 구매(이동식 물탱크),물품,LHP,제22보병사단,202410181030,K4C49,주식회사 삼성엔비코,,서혜진,0553428455,"경상남도 김해시 진영읍 진영로133, 206호",88.364,4762000
43,SCH0155,1,46318,***,24-72호 하트만액 등 80종 구매,물품,SCH,해군작전사령부,202410181030,H724C,에스제이메디칼,SJ MEDICAL,김옥산,07078402411,"서울특별시 송파구 충민로66, 6층 T-6060호(문정동, 가든파이브라이프)",88.104,18936400
3,SCK0131,1,46314,***,24-00사 현장학습 버스임차 용역,용역,SCK,해군교육사령부,202410181030,C1B98,(주)세영고속관광,SEY0UNG EXPRESS TOUR,이태기,0552425544,경상남도 창원시 마산회원구 무학로712-0 (회원동),88.098,4750000
116,SDL0033,1,46296,***,24-ㅇㅇ대대 전정 용역,용역,SDL,재경근무지원대대,202410181030,MB514,주식회사 거목조경,,윤지영,0234222391,"서울특별시 중랑구 신내로211, 431호(신내동, 금강리빙스텔)",87.755,15981100
222,SCK0130,1,46244,***,모니터 받침대 등 36종 구매,물품,SCK,해군교육사령부,202410181030,G7D11,재현종합상사,JAE HYUN,이기재,0552773429,경상남도 창원시 의창구 원이대로178번길44-0 (명서동),88.002,6248990
40,SCK0129,1,46236,***,각대봉투 등 32종 구매,물품,SCK,해군교육사령부,202410181030,I0684,라온상사,Raon.,하정욱,070-7396-5007,경상남도 창원시 진해구 충장로468번길32-9(이동),88.005,987360
5052,LHD0042,1,45330,***,00대대 취사기구 구매(X092),물품,LHD,제21보병사단,202410181030,M0907,왕왕이,,김성민,01066396520,"서울특별시 금천구 디지털로10길69, A동1019호(가산동, 가산 센트럴 푸르지오 시티)",88.001,13802993
53,SCR0101,1,46019,***,가스켓 등 10종 구매,물품,SCR,해군제3함대사령부,202410181030,MBE2A,퍼스트인,,오혜인,01097464200,"전라남도 목포시 영산로93-1, 3층 356호 (명륜동)",88.15,39538321
60,SCR0100,1,46023,***,알루미늄 사각 파이프 등 7종 구매,물품,SCR,해군제3함대사령부,202410181030,M09AF,전남물산,,이현미,07047907822,전라남도 목포시 마인계터로40번길4 (죽동)157호,88.015,13098953
21,SCR0099,1,46025,***,랩바틀 등 7종 구매,물품,SCR,해군제3함대사령부,202410181030,I4F5C,미래종합상사,mire-G.T.C,김기현,061-282-4941,"전라남도 목포시 당가두로14번길50, 101호 (옥암동)",88.103,3828300
21,SCR0098,1,46030,***,"판, 금속제 등 8종 구매",물품,SCR,해군제3함대사령부,202410181030,MBAA1,(주)팔팔에프에이씨,,이은옥,0612745755,전라남도 목포시 동명로6-1 (산정동),88.112,4628880
54,SCR0097,1,46035,***,핸드 파렛트 등 5종 구매,물품,SCR,해군제3함대사령부,202410181030,M7390,해솔,,심현남,01068338047,"전라남도 목포시 산정로109번길16, 1층(산정동)",88.032,3911689
294,MDD0110,1,44669,***,'24년 재투자 의무장비(침대 자동식(일반용)) 구매,물품,MDD,국군수도병원,202410171700,IA426,부자네,boojanae,곽현정,01065079089,"울산광역시 남구 야음로26번길34, 204동 501호(야음동, 대현 더샵 2단지)",87.999,33046399
2,SFL0039,1,43407,***,24-교-장병 문화예술공연,용역,SFL,제3283부대,202410171300,J92EA,주식회사 이음에듀테인먼트,,박하늘,0232852224,"서울특별시 관악구 은천로93, 502동201호(봉천동, 벽산블루밍아파트)",,25550000
5,LCF0561,2,44196,***,항법 계기비행 모의훈련장비  개발 재료 구매,물품,LCF,육군군수사령부,202410171130,ID74B,(주)심스리얼리티,,김명환,0429341801,대전광역시 유성구 테크노중앙로74-0 (관평동) 4층,88.195,31393087
1337,LCP0055,1,46057,***,'24년 안전물자 세트 구매(2차),물품,LCP,육군항공사령부,202410171130,D90E2,삼영산업 주식회사,samyoung gunsul,주태영,0547814880,경상북도 울진군 울진읍 월변2길5 3층,88.001,4930120
9,LMU0051,2,45032,***,24년 식자재 민간위탁 배송용역(홍천),용역,LMU,제7군수지원단,202410171100,CBABB,(주)산양미트,sanyang meat,이청우,0337317561,강원특별자치도 원주시 소초면 송황유사길 23(),98.654,345000000
2136,HDN0033,1,46127,***,(24-복-017) 체력단련장 1인 전동카트 1종 구매,물품,HDN,공군제18전투비행단,202410171100,LAF26,그린푸드,,고영숙,0623853252,전라남도 화순군 동면 동농공길155 부1동,88,34301220
3,LHQ0049,1,45941,***,급조폭발물 처리공구세트 구매,물품,LHQ,제2작전사령부,202410171100,E037B,충성센타,,박순활,054-335-2275,경상북도 영천시 고경면 호국로 462-8(),91.775,18500000
35,LGP0148,1,45875,***,24년 기동장비 외주정비 원가계산검증 용역,용역,LGP,제1군수지원사령부,202410171100,FD6D2,사단법인 한국방위사업연구원,korea defence acquisition institude,장복철,027551977,서울특별시 용산구 새창로128-1 (용문동) 2층,88.017,10626942
11,UMM1029,2,35585,***,24-D-마트용 종이봉투 제조,물품,UMM,국군재정관리단,202410171100,C22D0,주식회사 상일이앤피,,김병순,0319459808,경기도 파주시 탄현면 국원말길 10-52(),88.956,259409870
45,MCJ0007,2,42918,***,DBMS SW 직접구매 및 설치사업(리스물건),물품,MCJ,국방통합데이터센터,202410171100,D3BC6,주식회사 와이즈테크놀로지,Wize Technology Ltd.,이정,0424729740,대전광역시 유성구 엑스포로131 (도룡동) 별관 4층,92.95,50985000
5,LMU0052,1,45368,***,"'24년 식자재 민간위탁 배송용역(양평,가평)",용역,LMU,제7군수지원단,202410171100,CD7B4,용마로지스주식회사,yongmalogis,이종철,0232906433,"경기도 김포시 고촌읍 아라육로78, 2동",97.8,759350670
195,LBB0041,1,45887,001,'24-8차 민수용 작전식량 구매,물품,LBB,육군제7789부대,202410171030,L109E,주식회사 그린테이블,,김흔중,0313723047,"경기도 화성시 동탄광역환승로63-0 (오산동, 동탄역 반도유보라 아이비파크 7. 106동 3층 304호0)",83.05,4110.16
96,SDQ0102,1,46074,***,수동 포크 리프트 등 581종 구매,물품,SDQ,해군제2수리창,202410171030,M2C79,대호유통,,박용훈,01033993191,경기도 평택시 안중읍 안현로서6길10-0 비13호(대원빌딩),88.011,17280361
8,SCH0154,1,46044,***,24-71호 허리벨트형 구명조끼 1종 17점 구매,물품,SCH,해군작전사령부,202410171030,MEBDC,뉴젠커머스,,이종철,01023552208,"경상남도 창원시 의창구 창이대로113번길6, 806호(명서동, 장복빌딩)",88.93,2100600
16,SCH0152,1,45961,***,24-1-6호 병영도서 60BK / 2식 구매,물품,SCH,해군작전사령부,202410171030,F1BBF,영화상사,,서옥경,0518054447,부산광역시 연제구 거제천로 233(),90.017,1559000
399,SFM0085,1,45932,***,대형 이젤 등 634품목 구매,물품,SFM,제3170부대,202410171030,GE3C0,성문상사,sungmoon com.,강윤희,01094755775,"경상북도 상주시 낙양3길9, 103동 1102호(낙양동, 낙양대림다미아)",88.003,70513603
236,MDF0033,1,45918,***,정보통신시설 긴급보수공사용 자재구매,물품,MDF,국군지휘통신사령부,202410171030,L888B,아이미디,,나희열,01063278479,"인천광역시 강화군 불은면 고능로122-1, 2층",88.003,44417710
8,LKS0054,1,45850,***,계룡대체력단련장 비품(가스히터 등 6종) 구매,물품,LKS,육군인사사령부,202410171030,E0F72,가람주식회사,garam,신혜영,0428405115,충청남도 계룡시 엄사면 번영로85-0  101호,91.267,10936700
247,LKS0053,1,45840,***,무공훈장 표지 등 2종 제조 납품,물품,LKS,육군인사사령부,202410171030,GC4D9,주식회사 세진아트,SJ ART,구문기,063-279-0000,전라북도 전주시 덕진구 동부대로963-0 (송천동2가),88.025,32332150
16,SCN0161,1,46069,***,24-진-51 00사 소방시설 종합점검 용역,용역,SCN,제7001부대,202410171030,F3055,주식회사 영신방재,youngsin prevention of disasters,임정후,0553380119,"경상남도 김해시 번화1로70, 8층 804호(대청동, 유토피아)",88.549,23630300
25,LAZ0015,1,46067,***,24-3차 00장비 정비용 공구 구매,물품,LAZ,드론작전사령부,202410171030,LB574,참견고양이(ANOSYCAT),,황재원,01033760425,경기도 포천시 영중면 먼재2길106-0,88.068,11365560
48,HCC0136,1,46020,***,"가스켓링 등 9품목(232,235,236)",물품,HCC,해군제1수리창,202410171030,MBA4F,디그린,,류리,01020579254,강원특별자치도 동해시 평원5길8-1 (평릉동) 1층 101호,93.817,26500000
16,SCH0153,1,45975,***,24-70호 교관용 스노클 등 9종 구매,물품,SCH,해군작전사령부,202410171030,MB2D6,보광산업,,김보령,01052348874,"경상남도 김해시 우암로106 (내동, 건영아파트) 305동 402호",88.053,10934370
104,SFH0124,1,45972,***,24-B-산소발생기 구매 납품(도서지역),물품,SFH,제9196부대,202410171030,ME99B,예화,,김선화,01043392639,"인천광역시 서구 가정로437-0 104동 502호 (가정동, 루원시티 SK Leaders VIEW)",88.021,5982370
13,SDQ0097,2,43025,***,전원공급기 등 8종 구매,물품,SDQ,해군제2수리창,202410171030,MDDCA,에이치에스컴퍼니,,이홍석,01079703641,"경기도 화성시 향남읍 상신하길로35, 1808동 306호",88.032,8497130
84,SDQ0101,1,46072,***,"판, 금속제 등 14종 구매",물품,SDQ,해군제2수리창,202410171030,L066A,평온상사,,김민지,01059201343,"경기도 평택시 중앙로29, 5층 513호 오피스밸리(통복동, 은호빌딩)",88.015,32480141
296,LPF0076,1,46066,***,24년 예비군훈련장 방제 용역,용역,LPF,제51보병사단,202410171030,I438C,주식회사 해오름클린,"Haeorum  Clean Co.,Ltd",이숙자,0264898578,"경기도 광명시 새터로67번길11, 102호 (광명동)",88,17406260
41,HCC0137,1,46028,***,"게이지 등 3품목(233,234)",물품,HCC,해군제1수리창,202410171030,K668A,금성상사,,강영실,01052181431,강원특별자치도 동해시 서동로721-6 (신흥동),88.044,7371400
609,SFG0101,1,45893,***,철판 등 3품목 구매,물품,SFG,제9181부대,202410171030,M2C76,하루상사,,김민지,01030922024,경기도 오산시 가수1로20 (가수동) 1004동 1101호,87.997,12917270
21,SCF0922,1,45327,***,비디오프로젝터 구매/설치,물품,SCF,해군군수사령부,202410171030,I325F,주식회사 대준아이씨티,DAEJUN ICT,박명준,0522583582,울산광역시 남구 봉월로36-0 (신정동),88.175,1975750
3,LCK0039,1,45810,***,[일반-24-182-2] 00부대 병영식당2 비품 구매,물품,LCK,수도방위사령부,202410171030,0906F,주식회사 대신종합주방기구,DAESHIN,박찬의,0226614400,경기도 안산시 단원구 진흥로128번길20 (성곡동),88.016,45100000
4,MHD0095,1,45103,***,소형공격드론 사업분석 용역,용역,MHD,방위사업청(운영지원과),202410161500,CB4AB,한성대학교 산학협력단,hansung industry-university cooperation foundation,이정훈,027604218,서울특별시 성북구 삼선교로16길116-0 (삼선동2가),,54219000
14,LDH0802,2,43920,***,K1전차 슬리이브 구매,물품,LDH,육군종합정비창,202410161300,LBCDA,엠에스산업,,정명식,010-9311-9173,"부산광역시 강서구 명지국제2로41 (명지동, 더샵 명지퍼스트월드 3단지)",88.034,20292500
3,LPM0034,2,41612,***,주-대-1 일산에버나인 아파트 싱크대 제조설치납품,물품,LPM,제9보병사단사령부,202410161100,B0A98,주식회사 네오퍼스,"NEOFURS Co., Ltd.",윤진현,07048027810,경기도 포천시 정금로255번길 4-29(가산면),79.721,607450680
176,HCL0062,1,45867,***,24-303 사이드 드럼 등 6종,물품,HCL,공군사관학교,202410161100,G1DB1,에스와이컴퍼니,SY Company,김수영,01091580621,경기도 화성시 문지안길57-0 (송산면),88.009,37705500
159,LGQ0034,1,45768,***,24-2차 사단 제초용역,용역,LGQ,제36보병사단,202410161100,B3CE1,(주)선보건설,sunbo,이명순,0333723760,"강원특별자치도 영월군 영월읍 하송안길7, 302호",88.027,26227000
2294,MCD0077,1,45486,***,군종도서(천주교) 구매,물품,MCD,국방부(운영지원과),202410161100,K0EB9,김앤한컴퍼니,,김상현,01051102968,서울특별시 서대문구 명물1길28-0 (창천동),90,30154425
5,MCS0116,1,45868,***,(공-78) 기상현황판 등 10종 구매,물품,MCS,국방부계룡대근무지원단,202410161100,L0943,이젠진상사,,김진혁,0425513100,"충청남도 계룡시 엄사면 엄사중앙로66, 3동 104호",88.499,3579880
4229,NIT0022,1,45785,***,국방헬프콜 홍보물(버스 부착용스티커) 제작 부착,물품,NIT,국방부조사본부,202410161100,ICED6,주식회사 선샤인,,양종인,01222723631,경기도 김포시 양촌읍 유현삭시로120번길65-45  가동,87.996,43933600
473,UMM1146,1,43402,***,24~27-D-공기청정기 임차 용역,용역,UMM,국군재정관리단,202410161100,K36CF,대성산업,,이미향,07041155258,"전라남도 순천시 왕궁길95 (조례동, 송촌프라임)105-1203",87.75,153619700
2,SFC0120,1,45798,***,24-덕-장기체공 드론장비 임차 용역(1-3),용역,SFC,제9691부대,202410161100,J0490,(주)두산 모빌리티 이노베이션,,김종선,0312701703,경기도 용인시 수지구 수지로112번길10-0 (성복동),97.882,39200000
4229,NIT0022,2,45785,***,국방헬프콜 홍보물(버스 부착용스티커) 제작 부착,물품,NIT,국방부조사본부,202410161100,ICED6,주식회사 선샤인,,양종인,01222723631,경기도 김포시 양촌읍 유현삭시로120번길65-45  가동,87.996,43933600
310,NIT0021,1,45719,***,후반기 유전자 감정재료 구매,물품,NIT,국방부조사본부,202410161100,D5032,(주)에이치엔에스바이오,"HNS Bio Co., Ltd.",차지환,028317630,"서울특별시 구로구 디지털로272-0 (구로동, 한신아이티타워) 605~607호",89.066,228998000
365,MDG0209,1,44343,***,24년 의무장비(시약 및 약품냉장고 소형) 구매,물품,MDG,국군의무사령부,202410161100,L68AF,삼일앨엔에스,,손용익,01024502789,"경기도 안양시 동안구 관악대로249번길11, 2층 201호 (비산동)",88.024,9172991
35,HDM0053,1,45561,***,활주로 접근등 트레일러 세트 등 5품목 구매,물품,HDM,공군제17전투비행단,202410161030,3195F,유양산전(주),YOUYANG AIRPORT LIGHTING EQUIPMENT INC.,임대영,0314220021,"경기도 안양시 동안구 부림로188번길9-0 (관양동, 유양산전)",96.824,176990000
264,SCQ0107,1,45869,***,홍보물품(수첩) 구매,물품,SCQ,제9911부대,202410161030,FDBDB,춘천디지털사무기,Digital OA,백우열,0332568430,강원특별자치도 춘천시 경춘로2215-0 (온의동) 어썸빌딩 지하동,88.022,17429440
1574,SCQ0106,1,45863,***,디젤 엔진오일 등 23종 구매,물품,SCQ,제9911부대,202410161030,HD213,수앤주,soo&joo,신경수,0315663120,"경기도 구리시 안골로44-1, 302호 (교문동,다건시티)",88.002,17996119
7,SDG0050,1,45858,***,24-인-소방작동기능점검 용역,용역,SDG,제2002부대,202410161030,H2DB8,에스디 유한책임회사,Sanedle Limited Liability Corporation,장은경,0325218181,"인천광역시 부평구 경원대로1420, 제2호 3층(부평동)",88.121,14732000
411,SFM0083,1,45654,***,인식표 커버 구매,물품,SFM,제3170부대,202410161030,LE925,도도(DoDo),,유문길,01077455879,경상북도 안동시 평화윗1길8-1 1층,88.006,43960879
70,SFM0082,1,45650,***,군장품(컴벳셔츠 표지장) 제조,물품,SFM,제3170부대,202410161030,EB03E,레망유니폼,lemang unirorm,고봉수,0647572828,제주특별자치도 제주시 중앙로178-0 (이도일동),88.059,21280500
41,SFM0081,1,45648,***,버클 제조,물품,SFM,제3170부대,202410161030,F9660,주식회사 로뎀하이텍,Rothem Hitech.co.Ltd,안영자,0317978880,경기도 광주시 양지길34-7(초월읍),88.103,44481800
4063,MDK0062,1,45787,***,"여행장병 라운지(대전,광명) 환경 개선 비품",물품,MDK,국군수송사령부,202410161030,J5ABD,이앤더블유글로벌,,남궁영,01047461563,경기도 의정부시 경의로70 (의정부동) 5층 5305호,88,21789800
44,LHR0052,1,45755,***,24년 취사장 청소 용역,용역,LHR,육군 제37보병사단,202410161030,KD81C,주식회사 썬크린,,이상순,0432944188,충청북도 청주시 상당구 용암북로180번길16-2 (용암동),88.02,10830000
11,HCC0135,1,45859,***,"충전지 등 89품목(24-03, 24-04)",물품,HCC,해군제1수리창,202410161030,MBA4F,디그린,,류리,01020579254,강원특별자치도 동해시 평원5길8-1 (평릉동) 1층 101호,88.152,10356000
14,SCN0157,1,45630,***,캐노피 1종 구매,물품,SCN,제7001부대,202410161030,GA94F,성화종합상사,sunghwa,이애숙,0518054447,"경상남도 창원시 성산구 신촌로95-0 (신촌동, 동성임대아파트) 102-507",91.929,2350000
129,SCN0156,1,45332,***,도서 결국 독서력이다 등 212권 구매,물품,SCN,제7001부대,202410161030,I7559,주식회사도영디와이,doyoungdy,김미영,01062566970,경상남도 창원시 성산구 대암로32-7 (남양동),90.001,3691300
3,HCC0134,1,45849,***,24-동 00창 화장실 청소 용역(2차),용역,HCC,해군제1수리창,202410161030,K68D5,덕진종합용역,,이덕진,0335350246,강원특별자치도 동해시 발한로121-1(발한동),88.634,4340100
2736,SFD0087,1,45834,***,모듈형 탄약실셈기등 2품목 구매,물품,SFD,제9227부대,202410161030,GE97F,우림,Woorim,최현숙,0632863466,전북특별자치도 전주시 완산구 마당재3길20-22 (중노송동),88,27297850
190,SFD0088,1,45845,***,24-P-00대대 상황실 감시장비 이전/신규설치 용역,용역,SFD,제9227부대,202410161030,AA3B4,경북통신공사,kyung buk tong sin kong sa,송유태,0542838800,경상북도 포항시 남구 중흥로172번길30-0 (상도동)2층,88.01,59192710
20,LMK0035,1,45847,***,[24-C88] 24년6차 전산운영용품 및 기타운영지원 구매,물품,LMK,제6보병사단,202410161030,KAC2C,트라치,,정준,01099059808,경기도 포천시 소흘읍 호국로287번길9-24 22-208호,88.02,1740610
403,LHP0045,1,45846,***,24-3차 취사기구(냉동고) 구매,물품,LHP,제22보병사단,202410161030,KE95E,한국종합상사,,조주훈,01085574269,"강원특별자치도 강릉시 관솔길117, 4층(내곡동)",88.007,30163000
128,SCN0159,1,45841,***,광컨버터 싱글모드 등 15종 구매,물품,SCN,제7001부대,202410161030,MA9A7,창원테크,,이영수,01026021414,"경상남도 창원시 마산회원구 회원동31길16-1, 1층(회원동)",88.025,3824850
5,MFH0014,1,45831,***,미활용군용지 무인경비용역(거여동 등 3개소),용역,MFH,국방시설본부,202410161030,B169D,에스케이쉴더스 주식회사,,민기식,03151805000,경기도 성남시 분당구 판교로227번길23(삼평동),98.359,8052660
5,MDS0017,1,45718,***,'24년 후반기 작전장비 정비용 부품(자재)구매,물품,MDS,제3707부대,202410161030,MEC5A,혜디,,최혜진,07077700044,"경기도 성남시 분당구 판교백현로38, 112동 1504호(백현동, THE SHARP 판교 퍼스트파크)",88.411,20305790
1701,LMH0062,1,45708,***,24-1차 공병장비 안전보조장치 설치납품 계약,물품,LMH,제7군단,202410161030,MDD61,사이브로,,김준식,01082495505,"경기도 부천시 원미구 조마루로231, 924동 2001호(중동, 미리내마을)",88.012,50039770
5,SFN0080,1,45665,***,LED색상 수온표시 샤워기 구매,물품,SFN,연평부대,202410161030,C3F95,툴데포,Tooldepot,홍승표,0328188909,인천광역시 연수구 청솔안로5번길12-0 (청학동),97.982,2970000
220,SFN0081,1,45686,***,24-6차 물품 통합구매,물품,SFN,연평부대,202410161030,I411C,케이수아넷,k-suanet,김은아,01050659942,"인천광역시 중구 신도시북로43번길11, 103동 102호(운서동, 풍림아이원아파트)",88.009,119425312
14,MDG0210,1,45051,***,24-3차 조달 연구장비(의약품 냉동고) 구매,물품,MDG,국군의무사령부,202410161030,KF3B2,주식회사 쏠바이오텍,,류재산,0427106460,"대전광역시 서구 대덕대로319, 2층 212호(월평동, 우림빌딩)",97.61,19580000
21,MDD0104,1,44629,***,2024년 임상의학연구센터 통계프로그램 구매,물품,MDD,국군수도병원,202410151600,J0A50,주식회사 지니클라우드,,박홍련,025556500,"서울특별시 강남구 강남대로62길24-0 (역삼동,해송빌딩)3층",98.036,25960000
6,LDH0810,1,44836,***,(자재) 부품제작자재 마봉강 등 29종 구매,물품,LDH,육군종합정비창,202410151300,E6419,주식회사 우경엔텍,"WOO KYUNG METAL CO.,LTD",박순성,0513132340,부산광역시 사상구 학감대로177번길19(학장동),88.17,60020730
489,SCF0912,1,44534,***,"(긴급)핀,토글용,유두형 등 32종",물품,SCF,해군군수사령부,202410151300,B2F89,(주)상지피앤아이,"Sang Ji Printing & Intelligence Co,.Ltd",이용주,0222752500,"서울특별시 중구 마른내로54-1, 3층 306호 (인현동1가)",87.995,25185930
2,LDH0811,1,45231,***,(화공) 실리콘 등 9종 구매,물품,LDH,육군종합정비창,202410151300,KF57F,그린존,,김근아,0542746100,"경상북도 포항시 북구 칠성로42-1, 2층(남빈동)",99.567,5669319
227,LCG0088,2,42266,***,[24-육-221] 주전산기 교체사업(장군인사)(리스물건),물품,LCG,육군본부,202410151230,M77BD,한국마켓,,서동근,01042573678,경기도 과천시 광창2로3 (과천동) 2층 한국마켓,88.056,37751000
3,ELA0030,2,6000,***,K5방독면 8차 양산,물품,ELA,화력총괄계약팀,202410151100,0112F,에스지생활안전 주식회사,SG Safety Corporation,성정현,07049928690,경기도 평택시 신평로28(유천동),83.12,15060999796
730,MHP0020,1,45398,***,발굴장비(봉형 금속탐지기)구매납품,물품,MHP,국방부유해발굴감식단,202410151100,J5B1E,조은,,박규리,01062994918,"서울특별시 중랑구 동일로136길15 (중화동, 중화역 청광플러스원 아파트)",88,26677700
116,MDN0020,1,45388,***,특수보호의 구매(LEVEL A 외장형),물품,MDN,국군화생방방호사령부,202410151100,GE7AC,서진,seojin,장동수,0222671593,서울특별시 동작구 사당로178-6 (사당동),88.007,20350000
57,MCS0114,1,45576,***,(육-080) 장성기세트 4종 구매,물품,MCS,국방부계룡대근무지원단,202410151100,K00E1,주식회사 청폄,,엄지은,01052330054,충청남도 계룡시 엄사면 계룡대로518,88.017,19945400
22,LCN0064,2,44271,***,[복지]종합경기장 생도대 풋살장 충진재 교체 용역,용역,LCN,육군사관학교,202410151100,M0C57,오리종합관리,,박재석,01076108682,경기도 수원시 팔달구 효원로249번길46-15 5층 88호 (인계동),88.137,10534670
90,MDP0009,1,45584,***,평택 CNOCC 비디오월 설치납품,물품,MDP,한미연합군사령부,202410151100,FFCAC,주식회사 대한티피에스,"KOREAN TOTAL POWER SOLUTION Co.,Ltd",남찬희,0313376400,경기도 안양시 동안구 학의로282-0 (관양동) 금강펜테리움IT타워 2019호,88.009,39984150
312,HCR0038,1,45559,***,24~27년 비데 임차,용역,HCR,공군제15특수임무비행단,202410151100,KD450,에이엔컴퍼니,,조아나,01052263164,"경기도 김포시 김포한강8로15 (마산동, 한강센트럴블루힐) 508-504",88.005,25418800
53,LNT0036,1,45490,***,11공구 내진성능평가 검증 용역,용역,LNT,제28보병사단,202410151100,CAB31,반석안전 주식회사,Ban Seok Safety,오호진,024621900,"경기도 남양주시 진접읍 봉현로32, 4층",88.093,12983000
15,UMM1170,1,41208,***,(24G260-A( 0000사업 주장비 수송용역,용역,UMM,국군재정관리단,202410151100,G1D17,주식회사가나인터내셔날,"GANA International Co.,Ltd.",조준만,0328892115,"인천광역시 남동구 호구포로194, 14층 1418호 (고잔동)",83.06,890031624
338,UMM1169,1,39550,***,24-N-표적예인용 드론 구매,물품,UMM,국군재정관리단,202410151100,M050C,주식회사 은상컴퍼니,,최은미,07041097450,"경기도 안산시 단원구 고잔2길45, 7층 701-376호(고잔동, 코스모프라자)",83.101,232872150
7,UMM1171,1,38640,***,(246336-E) 심폐소생술 마네킹 제조,물품,UMM,국군재정관리단,202410151100,J9A8E,하디코퍼레이션,,김형문,029300209,"서울특별시 노원구 덕릉로115길8, 3층(상계동)",88.096,114239800
1477,MDG0208,1,44345,***,24년 의무장비(자동적혈구 침강속도측정기) 구매,물품,MDG,국군의무사령부,202410151100,J201F,제이컴,,김지은,07040075334,강원특별자치도 춘천시 충혼길52번길10 (온의동) 드림타워 3층 306-69,87.997,42104590
1588,MDG0207,1,44344,***,24년 의무장비(요분석기) 구매,물품,MDG,국군의무사령부,202410151100,K5634,주식회사 해피트리,,이진우,01084574225,경상북도 포항시 남구 연일읍 유강길9번길61-0 상가동 108호(대림한숲타운1차상가),87.995,42665467
172,MDG0206,1,44113,***,24년 의무장비(레이저수술기 이산화탄소) 구매,물품,MDG,국군의무사령부,202410151100,J2F67,더 까까주까 우승오피스마트,,오순옥,0315730321,경기도 남양주시 퇴계원읍 도제원로98-0,88.002,7593700
301,HCF0231,1,43617,***,[상층대기 분석장비]회로카드 조립체 등 4종 구매,물품,HCF,공군군수사령부,202410151030,L0F74,에스엠트레이딩,SMTrading,정성문,055-551-9980,"경상남도 창원시 진해구 신항2로114, 2013호(용원동, 다인로얄팰리스부산신항2차)",97.813,142100860
84,SCK0126,1,45475,***,거치대(흡착) 등 128종 구매,물품,SCK,해군교육사령부,202410151030,I4B9E,주식회사 예운,yeun,석경연,01085407387,"경상남도 창원시 마산합포구 산호북4길30, 가동 상가2-12호(산호동, 용마맨션)",88.041,7832400
70,LCT0011,1,45458,***,24년 공기청정기 필터 구매,물품,LCT,육군포병학교,202410151030,A5F12,고려정공 주식회사,"korea clean air co.,ltd",김순자,0313218500,경기도 용인시 처인구 모현읍 독점로268,88.053,36307900
93,SDF0147,1,45573,***,부식방지제 등 13종 구매,물품,SDF,제5738부대,202410151030,J42E8,에이디 커머스,,강완,01088421209,"전북특별자치도 익산시 익산대로2길27-3 (인화동1가), 202호",88,13893449
22,HFD0008,2,37224,***,24-075 스타터모터 외 28품목,물품,HFD,공군제38전투비행전대,202410151030,J42E8,에이디 커머스,,강완,01088421209,"전북특별자치도 익산시 익산대로2길27-3 (인화동1가), 202호",99.905,21500000
961,UAB0064,1,45572,***,"광주 목포 영외마트 판매장비(냉장,냉동고 2종)구매",물품,UAB,국군복지단,202410151030,J7646,혜성비드,,허진영,07080645325,인천광역시 연수구 앵고개로262-0 (동춘동) 806호,88,17114200
27,SCL0043,1,45526,***,2025년도 00학교 벽걸이/탁상용 달력제작(후가공)용역,용역,SCL,해군사관학교,202410151030,J9FE0,포제스컴퍼니,,안은자,0314358913,"경기도 시흥시 하중로181, 1층 104호(하중동, 현성빌딩)",88.066,18140327
102,SCN0155,1,45524,***,"24-진-52 취사장(후드,덕트,바닥)청소용역",용역,SCN,제7001부대,202410151030,G8DDF,경창산업개발주식회사,Kyung-chang Industrial Development Coporation,박명규,07071698403,경상남도 창원시 마산합포구 합포로41-1 302(남성동),90.36,31969770
69,SCR0095,1,45514,***,휴대용 톱 등 20종 구매,물품,SCR,해군제3함대사령부,202410151030,M00EC,에코케어유호,,주유미,01046445389,"전라남도 목포시 하당로56, 301호(상동, 동광프라자)",88.195,12081608
2355,SFG0100,1,45449,***,TOD 광점퍼케이블 등 30품목 구매,물품,SFG,제9181부대,202410151030,EAF94,한국칠판교구,KOREABOARD,이정민,01032174011,경기도 양주시 칠봉산로227번길33 (봉양동),88,33367200
203,LHR0049,1,45448,***,24년 야전전투용 앰프 구매,물품,LHR,육군 제37보병사단,202410151030,MA9A3,제이에이컴퍼니,,조현자,01030085641,"충청북도 제천시 용두천로6길14, 1층 (남천동)",88.002,24035291
9,MCX0060,1,45556,***,24-5차 소방시설 점검용역,용역,MCX,자운대근무지원연대,202410151030,G9923,주식회사 나라방재,naraema,김남수,0425864300,"대전광역시 서구 유등로343 (변동),106호",88.119,10620630
7,SFN0078,1,45478,***,24-Y-수질검사 용역,용역,SFN,연평부대,202410151030,J93BC,주식회사 한국화학안전기술원,,오영록,0314108230,경기도 안산시 단원구 고잔1길76-0 (고잔동) 201호,89.088,3223500
19,SFN0079,1,45483,***,24-Y-토양정밀조사 용역,용역,SFN,연평부대,202410151030,G23A9,재단법인 환경기술정책연구원,Nelab,고일하,029294326,"서울특별시 성북구 안암로145, 산학관 203-2호(안암동5가, 고려대학교자연계)",88.202,19470000
161,DSS0055,1,45460,***,다목적 송풍기 구매,물품,DSS,국군제1068부대,202410151030,F163C,자이온솔루션주식회사,"Zion Solution, Inc.",손현석,025970980,서울특별시 금천구 가산디지털1로165 (가산동) 가산비지니스센터 804호,88.019,8957479
8,SCQ0105,1,45522,***,관급자재(수리창 정비공장 화물용리프트) 제조 설치,물품,SCQ,제9911부대,202410151030,F553A,주식회사태성산업,TAESUNG.IND,박경섭,0539415151,"대구광역시 북구 대현로106-0 (대현동, 늘푸른주상복합비04호)",88.03,37242780
3,SCF0915,1,44727,***,MLS-II 접이식 격납고 정비,물품,SCF,해군군수사령부,202410151030,J685B,피엠에스,,권차순,0553385878,경상남도 김해시 상동면 상동로685번길142-44,83.411,162766500
192,SCF0913,1,44179,***,"(긴급) 임펠러,펌프용,원심식 등 2종",물품,SCF,해군군수사령부,202410151030,M7015,에이스상사,,김일천,010-4387-7885,"부산광역시 사하구 다대로339, 1914호(장림동, 극동정림아파트)",88.454,6000500
5,SCF0916,1,44157,***,24년 P-3 야전 SIL 유지보수 용역,용역,SCF,해군군수사령부,202410151030,C3A87,주식회사 케이티엔티,KTNT,오성근,0425240030,대전광역시 유성구 장대로95 (장대동) KT유성빌딩 3층,87.872,17633165
370,SCF0914,1,42186,***,반발경도 측정기 등 4종 구매,물품,SCF,해군군수사령부,202410151030,F0F22,(주)비아이엔씨,"BINC.,CO.LTD.",김여기,07074573900,서울특별시 서초구 양재동언남 18길3 (양재동  2층),99.802,16855550
6,SCF0917,1,41857,***,초경량 무인비행장치(드론) 유지보수 정비,물품,SCF,해군군수사령부,202410151030,H4D16,주식회사 자이언트드론,giantdrone,이용우,024968678,강원특별자치도 춘천시 서면 박사로882,88.596,368217000
107,MDJ0058,1,45305,***,전산장비(광화일스캐너) 구매,물품,MDJ,국군대전병원,202410151030,M77BD,한국마켓,,서동근,01042573678,경기도 과천시 광창2로3 (과천동) 2층 한국마켓,88,5071300
489,MDJ0049,1,45252,***,의무장비(시약 및 약품냉장고 소형),물품,MDJ,국군대전병원,202410151030,MC427,엠와이엘티,,김수안,01089738856,"충청남도 당진시 수청1로51, 203동 1604호(수청동,호반써밋시그니처2차)",87.999,22844418
50,MDJ0051,1,45249,***,의무장비(수액조절기 주사용 미세주입기),물품,MDJ,국군대전병원,202410151030,I8FF2,주식회사 한스메디칼,HANS MEDICAL co.,한재희,0313463093,경기도 군포시 고산로148번길17-0 (당정동) 318호,97.56,4650200
319,MDJ0052,1,45248,***,의무장비(수액조절기 일반용),물품,MDJ,국군대전병원,202410151030,HB817,다얼테크,DA  EL  TECH,차정수,01050840017,"경기도 김포시 고촌읍 장차로13, 3층 303-2호",87.999,10372880
244,MDJ0053,1,45247,***,의무장비(소독물품포장기),물품,MDJ,국군대전병원,202410151030,I1F79,주식회사 메디플링크,mediflink,이상선,02-554-5362,"서울특별시 강남구 논현로8길12, 201-1 (개포동)",88.314,9470874
175,MDJ0057,1,45246,***,의무장비(산소소생기),물품,MDJ,국군대전병원,202410151030,ICE85,무안유통,,김형균,01031638984,전라남도 목포시 삼학로18번길6(상락동1가),88,6950820
155,MDJ0054,1,45245,***,의무장비(도상검안경),물품,MDJ,국군대전병원,202410151030,I2D31,기장유통,gijang company,김경화,01034555942,경상북도 포항시 북구 양덕로44번길16-0 (양덕동),88.001,7334164
231,MDJ0055,1,45244,***,의무장비(견관절 지속운동기),물품,MDJ,국군대전병원,202410151030,K19D0,주식회사 오로드,,박인태,07088306082,충청남도 천안시 서북구 신당새터2길15 (신당동),87.995,11448270
176,MDJ0056,1,45243,***,의무장비(간이수면검사기),물품,MDJ,국군대전병원,202410151030,IDF8A,티나라교육기획,,김정한,01038770229,울산광역시 중구 태화로130-0 (태화동),93.986,10245150
9,LQG0072,1,45496,***,2차 작계훈련 무기 등 수송 차량 임차(3권역),용역,LQG,육군 52보병사단,202410151030,F1C4B,주식회사 케이지비이엔지,KGBeng,고민희,0325422672,"인천광역시 부평구 새벌로29, 209호 (청천동, 부평테크노타워)",88.086,7861063
9,LQG0071,1,45495,***,2차 작계훈련 무기 등 수송 차량 임차(2권역),용역,LQG,육군 52보병사단,202410151030,F1C4B,주식회사 케이지비이엔지,KGBeng,고민희,0325422672,"인천광역시 부평구 새벌로29, 209호 (청천동, 부평테크노타워)",88.195,5972651
9,LQG0070,1,45492,***,2차 작계훈련 무기 등 수송 차량 임차(1권역),용역,LQG,육군 52보병사단,202410151030,F1C4B,주식회사 케이지비이엔지,KGBeng,고민희,0325422672,"인천광역시 부평구 새벌로29, 209호 (청천동, 부평테크노타워)",88.191,8695477
73,LHN0075,1,45424,***,24년 정비피복 구매,물품,LHN,제7보병사단,202410151030,L6BFB,주식회사 마크온탑,,신승자,07076039643,서울특별시 영등포구 여의대방로43나길10-1 (신길동)  1층,88.018,252497000
428,HCF0226,1,44651,***,"컴퓨터,기상자료용(NC-LFP) 구매",물품,HCF,공군군수사령부,202410151030,BA630,주식회사 파코코리아인더스,Parkor Korea Indus,송재혁,0221692500,"서울특별시 금천구 두산로70, A동 1008~1011호,2510호,L104호(현대지식산업센터)",98.026,129000000
222,MDD0107,1,44666,***,'24년 재투자 의무장비(초저온냉동고) 구매,물품,MDD,국군수도병원,202410141700,CAEB9,일신바이오센터,,김영동,0428241145,대전광역시 유성구 학하북로25-0 (학하동),98.055,9220000
428,MDD0105,1,44674,***,'24년 재투자 의무장비(자동흉부압박기)구매,물품,MDD,국군수도병원,202410141700,I8FF2,주식회사 한스메디칼,HANS MEDICAL co.,한재희,0313463093,경기도 군포시 고산로148번길17-0 (당정동) 318호,96.428,31680000
30,HCF0227,1,45359,***,[82창] 교류전원 공급기 1종 구매,물품,HCF,공군군수사령부,202410141100,IC21A,주식회사 더원시스템,,정혜선,07082743717,"경상남도 창원시 의창구 북면 감계로342, 216동 1902호(창원감계아내에코프리미엄2차)",88.047,28306100
139,UMM1166,1,42189,***,24-N-VR기기 등 7종 구매 설치,물품,UMM,국군재정관리단,202410141100,JF618,강원종합상사,,이재순,01085829282,강원특별자치도 화천군 간동면 온수길74,88.008,117085700
5,MDK0061,1,45568,***,24년 항만종합전술훈련 선박임차,용역,MDK,국군수송사령부,202410141100,2369F,씨제이대한통운 주식회사,CJ Logistics Corporation,신영수,027001085,"서울특별시 종로구 종로5길7, Tower 8",87.892,137257000
3,LCN0062,1,44047,***,24년 4학년 생도 안보동맹 현장방문 여행 용역,용역,LCN,육군사관학교,202410141100,DEBEC,주식회사 인터비즈투어,interbiztour,오장균,0237807211,"서울특별시 강남구 영동대로324, 203호(대치동, 타워크리스탈빌딩)",,517565000
87,HDF0061,1,45519,***,"24-253, 00대대, 24-2차 식자재 구매",물품,HDF,공군 제8전투비행단,202410141100,F5397,(주)진영씨엔씨,"Jin Young C&C Co.,Ltd.",김종진,0313235448,"경기도 용인시 처인구 중부대로1154, 301호 (삼가동,인앤인프라자)",87.996,130548100
4,HCF0232,1,45555,***,24-F-엔진 포워드 마운트 등 42종 제조,물품,HCF,공군군수사령부,202410141100,L1010,제이엠테크,,곽미숙,0557811162,"경상남도 양산시 학동길52, 1층층(어곡동, 제이엠테크)",86.429,235233300
28,HDL0022,1,45309,***,24-08-243 가스보일러 구매,물품,HDL,공군제16전투비행단,202410141030,M8F12,디앤알,,이봉로,01064063688,"경상북도 포항시 북구 칠성천길40, 4층-36(죽도동)",88.007,37658030
223,SFC0117,1,45205,***,도서류(AI 나를 위해 일하게 하라 등 82종) 구매,물품,SFC,제9691부대,202410141030,M637F,케이스카이차,,김기백,010-6304-2803,"경기도 안산시 상록구 건건8길10, 107동 1704호(건건동, 건건e-편한세상)",90,1384980
91,MDS0016,1,45193,***,'24년 후반기 전산운영용품구매,물품,MDS,제3707부대,202410141030,M51D2,써니글로벌,,조윤화,01084101466,"경기도 화성시 봉담읍 삼봉안길76, 209동 501호(힐스테이트봉담프라이드시티)",88.016,34656549
34,SCQ0103,1,45345,***,세포독심 등 92종 구매,물품,SCQ,제9911부대,202410141030,K7335,주식회사 제이에스탑,,전현숙,0226670741,"서울특별시 강서구 공항대로228, 11층 1103호 (마곡동)",88.057,41088300
1470,SCQ0101,1,45343,***,수중펌프 등 24종 구매,물품,SCQ,제9911부대,202410141030,L0616,디에이치컴퍼니,,김수현,01022597596,"경기도 의정부시 신곡로35, 203동 1202호(신곡동, 동신아파트)",88,30087600
250,SCH0150,1,45364,***,24-1-7호 디스크샌더페이퍼 등 81종 구매,물품,SCH,해군작전사령부,202410141030,L11F8,카앤피플 창원진해구 믿음점,,허경식,01035767621,경상남도 창원시 진해구 돌리로1-5 (석동) 503호,88.003,33751657
637,LHN0074,1,45218,***,24년 더 좋은 병영식당 취사기구 구매,물품,LHN,제7보병사단,202410141030,L9AA1,엔플러스,,손정희,0336513017,강원특별자치도 강릉시 하평3길44-1 (포남동),88,21635000
7,SCP0099,1,45348,***,사막화 다이얼 안전화 등 5종 구매,물품,SCP,제8385부대,202410141030,K9120,듀이,,이명교,01058295000,강원특별자치도 동해시 동굴4길6 (천곡동) 201호,88.079,3032000
38,LCP0054,1,45001,***,'24년 소방시설 작동점검 용역,용역,LCP,육군항공사령부,202410111130,ID131,송민방재 주식회사,,송민석,0318213119,경기도 양주시 부흥로1511-0 (남방동),88.106,15119094
597,HDR0010,1,43534,***,분석기(스펙트럼용) 구매,물품,HDR,공군방공관제사령부,202410111100,3385F,대길상사,Dae Kil Co,김지영,029040595,"서울특별시 동대문구 고미술로 100, 송화빌딩 303호(답십리동)",88.191,110533500
37,MCS0112,1,45074,***,추계전투진지공사 자재 구매,물품,MCS,국방부계룡대근무지원단,202410111100,IFC40,비엠에이치주식회사,,오명환,01056758810,"경기도 용인시 수지구 정평로89 (풍덕천동, 신정마을) 206동 1505호",88.007,7648640
7,LDA0055,1,44954,***,(D088) 24년 하드복사기 구매,물품,LDA,지상작전사령부,202410111100,G5F41,지구종합상사,jigu corp,이규철,07041351471,"경기도 용인시 수지구 신봉2로30-0 (신봉동), 2층 206호(신봉동,미래빌딩)",95.623,10300000
8,LHM0100,1,44983,***,15사단 신병교육대대 종교시설 신축(기타)(재해),용역,LHM,제15보병사단,202410111100,M9BCD,(주)한국건설안전공사기술원,,김선호,0326832114,"경기도 부천시 오정구 삼작로233번길57, 601호 (내동,다우테크노타운)",88.136,9243900
11,LHM0099,1,44982,***,15사단 신병교육대대 종교시설 신축(건축)(재해),용역,LHM,제15보병사단,202410111100,L7B24,선진건설안전(주),,허훈,031-905-0497,경기도 고양시 일산동구 백마로195-0 (장항동) 섹션동 7004호,88.12,9019010
6,LHM0098,1,44981,***,15사단 259포병대대 취사식당(기타)(재해),용역,LHM,제15보병사단,202410111100,I6BE7,사단법인 국민안전진흥협회,national safety promotion assoiation,염지선,024072070,"서울특별시 송파구 송이로101, 3층, 4층, 5층 (가락동)",88.318,4805000
38,MCS0113,1,45082,***,(지구병원-035) 의약품 32차 3종 구매,물품,MCS,국방부계룡대근무지원단,202410111100,E21ED,(주)석호약품,Seokho Pharm,조민석,0233944395,"서울특별시 동대문구 천호대로83길84-0 (장안동,일화빌딩 지층)",88.018,7786380
3944,LFA0015,1,45112,***,24년 2차 재난구조 장비 및 물자 구매,물품,LFA,제2신속대응사단,202410111100,LD67D,어니스트,,추연철,01056467741,"전라남도 무안군 삼향읍 남악2로74번가길4-5 ,301호",88,31639315
1675,UMM1165,1,41911,***,(246282-C) 전산운영용품 구매,물품,UMM,국군재정관리단,202410111100,L7B1C,이서환경,,최선경,01024078993,"경기도 평택시 지제동삭3로11, 107동 304호(세교동, 평택지제역자이)",88,59228499
610,MDG0205,1,44201,***,24년 의무장비(심전도계 병원용) 구매,물품,MDG,국군의무사령부,202410111100,MC5E0,와일드메이커,,조서현,07077701617,충청남도 천안시 동남구 먹거리3길34-1 (신부동),87.995,12339470
220,MDG0204,1,44118,***,24년 의무장비(전기자극치료기) 구매,물품,MDG,국군의무사령부,202410111100,J1CDC,백제기업,,백진영,01074493999,"충청남도 천안시 동남구 청수로99-0 102동 1203호 (청수동,극동아파트)",87.997,9688950
232,MDG0203,1,44117,***,24년 의무장비(레이저치료기) 구매,물품,MDG,국군의무사령부,202410111100,J0EAE,주식회사 유아이메디텍,,유태형,031-769-4456,경기도 광주시 중앙로319번길10-27 (송정동) 401호,97.256,28000000
264,MDG0201,1,44115,***,24년 의무장비(침대자동식 응급실용) 구매,물품,MDG,국군의무사령부,202410111100,CCBA7,주식회사원진엠씨,"Wonjin MC Co., Ltd",김원강,0231437745,서울특별시 강서구 양천로30길32-0 (마곡동) 마곡빌딩2층,89.525,18631490
724,MDG0200,1,44114,***,24년 의무장비(비디오기도삽관기) 구매,물품,MDG,국군의무사령부,202410111100,MBE11,주식회사 리덤비,,유용진,07041097450,"충청남도 홍성군 홍북읍 충남대로50, 208-13호(국제아르페온 2차)",87.996,19967670
222,MDG0199,1,44112,***,24년 의무장비(호기산화질소측정기) 구매,물품,MDG,국군의무사령부,202410111100,H5C3C,유진시스템,YUJIN TRADING COMPANY,김인호,01089506267,"경기도 화성시 융건로182, 1층(배양동)",99.489,16720000
22,MDG0198,1,44111,***,24년 의무장비(흡인기 음압치료용) 구매,물품,MDG,국군의무사령부,202410111100,G0A07,우분트코리아,ubunt korea,강윤진,0315202996,"경기도 시흥시 대은로8-10 (은행동, 강원빌딩)",99.594,2740000
539,MDG0197,1,44110,***,24년 의무장비(자동흉부압박기) 구매,물품,MDG,국군의무사령부,202410111100,I8FF2,주식회사 한스메디칼,HANS MEDICAL co.,한재희,0313463093,경기도 군포시 고산로148번길17-0 (당정동) 318호,96.24,30199700
211,MDG0196,1,43342,***,24년 의무장비(혈액가온장치) 구매,물품,MDG,국군의무사령부,202410111100,I8FF2,주식회사 한스메디칼,HANS MEDICAL co.,한재희,0313463093,경기도 군포시 고산로148번길17-0 (당정동) 318호,98.368,18142740
34,MDG0186,2,39097,***,24년 일반장비(공기압축기) 구매,물품,MDG,국군의무사령부,202410111100,C61E6,케이씨테크노(주),"KEC TECHNO CO., LTD.",이석형,0319238555,경기도 고양시 일산서구 송산로 221(),88.001,2900700
283,LNR0025,1,45114,***,"00부대 취사식당 신축공사 감리용역(건축, 상주)",용역,LNR,수도기계화보병사단,202410111100,M17D2,가우건축건축사사무소,,이만호,010-2252-9957,경기도 고양시 일산동구 성현로98-1 (성석동),87.746,120572965
2,LCF0562,1,44953,***,다기능접속장치(MFE) 유선카드조립체 대체픔 개발,물품,LCF,육군군수사령부,202410111030,K74BA,시스랩스,,김기수,055-713-6541,경상남도 창원시 마산회원구 봉암북7길21 (봉암동) 6동 701호,95.695,48300000
267,HCQ0074,1,45056,***,24-280 ABS도어 등 1종,물품,HCQ,공군제5공중기동비행단,202410111030,JF466,복돼지 주식회사,,최정우,07047722900,"부산광역시 북구 만덕1로53, 5층501호D09(만덕동)",88.002,43152380
34,LMR0056,1,45126,***,0사단 소규모재해영향평가용역,용역,LMR,제5군단사령부,202410111030,FE24E,주식회사 청솔엔지니어링,CHUNGSOL ENGINEERING,박지연,0335623525,"강원특별자치도 정선군 정선읍 녹송3길15, 2층",88.091,57172000
12,LKQ0028,1,45075,***,4분기 전문도서 구매,물품,LKQ,육군항공학교,202410111030,F11DD,세계로상사,Saegyero Corp.,채홍삼,0425512948,충청남도 계룡시 신도안면 부남리167,88.062,1096100
2312,LKQ0027,1,45072,***,4분기 교육비품 구매,물품,LKQ,육군항공학교,202410111030,I07FF,명준유통,Myoung Junyutong,임소영,01024075238,경기도 의정부시 둔야로45번길11 (의정부동) 1층1235호,88,17134878
1023,LKQ0026,1,45070,***,4분기 체육비품 구매,물품,LKQ,육군항공학교,202410111030,LC6B1,이새,,임미현,01053266253,"대구광역시 동구 반야월북로221-0, 106동 1301호 (신서동, 신서화성파크드림)",88.001,12849962
121,LKQ0025,1,45035,***,4분기 교육장비 구매,물품,LKQ,육군항공학교,202410111030,K3262,미성상사,,손영미,0535277633,"경상북도 구미시 수출대로3길118, 103동 606호(공단동, 강변파라디아)",98.836,9790000
9,LNG0086,1,44914,***,(A033) MC차고지 컨테이너 제조구매,물품,LNG,육군 제1군단,202410111030,L774E,열린하우징,,안성환,0313526198,경기도 화성시 우정읍 매바위로51,88.098,8558180
183,LHR0048,1,44787,***,24년 병영도서관 도서 구매,물품,LHR,육군 제37보병사단,202410111030,M10E2,엔피비유통,,김후관,01062644720,"충청북도 제천시 의병대로55-8 (명동), 203-1호(명동)",90.002,22173408
888,LKQ0029,1,45132,***,기초비행훈련센터 비품 구매(24-2차),물품,LKQ,육군항공학교,202410111030,K12CF,주식회사 동우커넥트,,임동해,01066719662,"인천광역시 남동구 남동서로236번길30-0 , 2층 222-A252호",88,8925460
23,LKS0051,1,45106,***,기록물 수발장비(일반포낭 등 4종) 제조,물품,LKS,육군인사사령부,202410111030,C9CA8,주식회사 비에스아이엔티,"BSINT Co.,Ltd.",이정하,028559530,경기도 구리시 동구릉로53번길30 (인창동),88.001,26961460
66,MCM0014,1,45031,***,문형 금속탐지기 구매,물품,MCM,4284부대,202410111030,L60E3,에스와이,,신찬영,07088398230,"인천광역시 계양구 효서로381-0 (작전동, 현대아파트), 213-607",88.02,5592080
251,MCT0051,1,45118,***,핸드볼부 훈련용품(핸드볼 공 등 14종)구매,물품,MCT,국군체육부대,202410111030,MCFF3,주식회사 제일시드,,고기승,07041462431,"경기도 화성시 메타폴리스로42, 9층 902호 엘52(반송동, 디앤씨빌딩)",88,11326620
205,MCT0052,1,45117,***,수영부 훈련용품(심박계 등 6종),물품,MCT,국군체육부대,202410111030,ME469,이치류 동탄점,,신종환,07041462433,"경기도 화성시 동탄역로102-0 (오산동, 동탄역린스트라우스) 1층 1074호",88.004,5483620
18,SCI0117,1,45068,***,건습식 진공청소기 등 2종 4점 구매,물품,SCI,제9121부대,202410111030,KF264,일광기업 주식회사,,전지영,0552422276,경상남도 창원시 마산합포구 허당로84-0 (산호동),88.095,4395120
6,MCM0015,1,45043,***,후반기 용산지역 석축옹벽 정기안전점검,용역,MCM,4284부대,202410111030,G20E8,주식회사 한국안전진단기술원,KSDE,이윤종,0230129119,서울특별시 송파구 송파대로167 테라타워 A동 1014호,88.226,4602000
4,LDA0053,1,44679,***,(D081) 핸드토키용 상용 건전지 구매,물품,LDA,지상작전사령부,202410101100,G7FAE,주식회사 케이에스씨앤씨,KSCNC CO LTD,조원채,0312817889,"경기도 용인시 기흥구 동백3로11번길33,801-26호 (중동,새롬프라자)",97.885,5163000
885,HCR0037,1,44905,***,24년 정비시설 CCTV 설치용역,용역,HCR,공군제15특수임무비행단,202410101100,G945B,주식회사 넷,NET.co.ltd,김주형,07074631717,"경기도 부천시 원미구 평천로655, 401동 14층 1403호(약대동, 부천테크노파크4단지)",88.001,71990564
6,MHP0019,1,44840,***,유해발굴사업피복류 구매/제조(2차),물품,MHP,국방부유해발굴감식단,202410101100,K8847,탑에스씨,,이승은,07070079007,"서울특별시 영등포구 여의대방로43나길12, 1층 (신길동)",88.141,12107100
20,LHM0096,1,44372,***,15사단 신병교육대대 종교시설 신축(건설폐기물처리),용역,LHM,제15보병사단,202410101100,ADADC,덕호산업(주),duckho,김병수,0332627780,강원특별자치도 춘천시 남산면 한치로343-0,88.135,11537720
24,MDR0059,1,44902,***,24년 실내공기질 측정 용역,용역,MDR,제9965부대,202410101100,L0FB3,주식회사 다음환경연구소,,김기령,0517110028,"부산광역시 동구 중앙대로298, 1층 (초량동)",88.001,11371500
26,LMP0040,1,45012,***,24년 재난 및 안전관리(산불진화 개인보호물자)구매,물품,LMP,제3보병사단,202410101100,LD992,에이아이피엔씨,,조희연,01091214797,"강원특별자치도 철원군 갈말읍 명성로139번길43, 101동 801호 (지포리도성아파트)",88.06,28602200
27,LHK0056,1,44856,***,24년 후반기 물탱크 청소용역,용역,LHK,제2군단,202410101100,M20F6,와이제이(YJ)클린환경,,권기옥,010-9899-7665,강원특별자치도 화천군 화천읍 산수화로1길13,88.319,10380000
5,EBHE035,1,2501,***,24년 천마체계 수리부속(구매),물품,EBH,해상공중전력운영계약팀,202410101100,M07DE,원탑 하이테크,,박경순,0518318757,부산광역시 강서구 녹산산업중로100-0 (송정동),88.091,61831000
450,LHK0058,1,44920,***,24년 국방부 도서구매예산 도서 구매 (수정),물품,LHK,제2군단,202410101100,L4BE5,창대시스템,,이은숙,07047907822,강원특별자치도 원주시 서원대로500-0 (단구동)3층 310-10호 (원주프리미엄아울렛),90,24489692
152,SCG0031,1,44663,***,'25년 해군달력 제작(후가공),물품,SCG,해군본부,202410101100,BE0E5,동양인쇄,Dongyang,한판남,0622225349,광주광역시 광산구 하남산단6번로57. 8층 808호(오선동),88.041,28772260
57,LRC0007,1,44686,***,본용역-24년 신영사업(내진성능평가/검증) 계약의뢰,용역,LRC,제7862부대,202410101100,LF6E4,스톤엔지니어링(주),,류숙,0315479717,"경기도 용인시 수지구 신수로767, 에이동 11층 1111호 (동천동, 분당수지유타워)",88.009,44548800
56,LRC0008,1,44687,***,검증용역-24년 신영사업(내진성능평가/검증)용역 계약,용역,LRC,제7862부대,202410101100,K5F8C,현성엔지니어링 주식회사,,김난희,0319947795,"경기도 고양시 일산동구 호수로358-25, 810호 (백석동,동문타워Ⅱ)",88.05,11781900
15,LHK0055,1,44738,***,24년 군단 소방시설 작동점검 용역,용역,LHK,제2군단,202410101100,LFE8D,주식회사 대한소방,,오나영,0339010119,"강원특별자치도 원주시 라옹정길3-1, 101호(관설동)",88.091,37486856
2,LCF0559,1,44926,***,브래킷트 등 23항목 제조(기동-016)재,물품,LCF,육군군수사령부,202410101030,L33B4,혁신산업,,김윤정,0553443044,경상남도 김해시 한림면 한림로515번길224-0,88.607,91184000
220,SCN0154,1,44891,***,오디오 Y타입 연결 케이블 등 212종 구매,물품,SCN,제7001부대,202410101030,J3DDE,엔씨,,박성묵,0552775935,"경상남도 창원시 의창구 도계로71 (도계동, 진한데파트)",88.144,14520040
87,SCN0153,1,44890,***,라인컬러드라이버 등 66종 구매,물품,SCN,제7001부대,202410101030,H4339,주식회사보승글로벌,bosungglobal,위나영,07087065666,"경상남도 창원시 진해구 웅동로162-0, 105동 501호(두동, 청안해오름아파트)",88.018,4208100
11,SEE0045,1,44908,***,이주하는 인류 등 26품목 구매(도서),물품,SEE,제9해병여단,202410101030,K5B69,영종합상사,,조영권,01098403733,"제주특별자치도 제주시 다랑곶3길21, 나동 1층(노형동,삼성주택)",90.079,2937990
447,LHN0071,1,44802,***,24년 병영도서관 도서 구매,물품,LHN,제7보병사단,202410101030,L0E14,주식회사 에코숲,,이동욱,0332622719,"강원특별자치도 춘천시 안마산로214 2층 8호 (퇴계동, 퇴계금호타운아파트 상가동)",90.002,28326755
3,LMK0033,1,44763,***,[24-C88] 24년 3종시설물 후반기 정기안전점검 용역,용역,LMK,제6보병사단,202410101030,J4997,한진종합기술 주식회사,,권태환,0315337282,경기도 포천시 화현면 봉화로773-0,88.077,11507900
45,LMK0032,1,44765,***,[24-C83] 사이버 지식정보방 소모품 구매 계약,물품,LMK,제6보병사단,202410101030,J7167,봄이네집,,박혜진,01024053340,강원특별자치도 철원군 갈말읍 호국로5605-15 1층 101호,88.016,4542300
136,SFD0084,1,44143,***,24-P-CCTV 외주정비 용역,용역,SFD,제9227부대,202410101030,10969,풍국전기 주식회사,PUNGKUK,홍성도,0535630424,경상북도 영천시 천문로 662(),88.001,42713000
104,SFD0086,1,44925,***,체력단련장 유선전화기등 3품목,물품,SFD,제9227부대,202410101030,I2D31,기장유통,gijang company,김경화,01034555942,경상북도 포항시 북구 양덕로44번길16-0 (양덕동),88.024,3249097
10,MDQ0016,1,44251,***,CAT 지혈대 등 8품목 구매,물품,MDQ,국군의무학교,202410101030,HA1CA,주식회사 파라메스,"PARAMES.Co.,Ltd.",김금자,0426287119,"대전광역시 중구 동서대로1365번길 20, 1층(목동)",97.034,43410000
158,SFD0085,1,44880,***,고압세척기등237품목 구매,물품,SFD,제9227부대,202410101030,D7FD8,서진산업,se jin pnc,김광오,0542923127,"경상북도 포항시 남구 상공로246번길 22(해도동, 동보상가빌라1층)",88.007,63221670
23,SEE0044,1,44885,***,24-J-주거-정기안전점검 용역,용역,SEE,제9해병여단,202410101030,DB0B1,주식회사 종합건축사사무소 그룹케이,GroupK,김시범,0647110064,제주특별자치도 제주시 과원로78-0 (연동) 3층,88.01,14858791
46,SCN0152,1,44827,***,의약품(듀얼스타정40/5mg 등 14종) 구매,물품,SCN,제7001부대,202410101030,K851A,예림팜,,이옥순,02-848-9600,서울특별시 영등포구 가마산로34길3 (대림동) 2층,88.238,38733600
3039,SCF0907,1,41467,***,해병대 목재선반(CNC) 1대 구매,물품,SCF,해군군수사령부,202410101030,MD156,따옴컴퍼니,,강태은,07046473904,"인천광역시 미추홀구 경인로252번길24-3, 402호(도화동)",87.995,21935180
1938,SCF0910,1,44882,***,종이가방 3종 구매,물품,SCF,해군군수사령부,202410101030,L3B86,서진기계,,윤건오,01020598989,경상북도 칠곡군 왜관읍 아곡5길115-0,87.996,7456481
1955,SCF0908,1,43968,***,대테러 작전조끼 1종 구매,물품,SCF,해군군수사령부,202410101030,K2642,레버너스,,이상중,01071654601,"경기도 부천시 원종로66번길49,  201호",87.995,26484560
3039,SCF0907,2,41467,***,해병대 목재선반(CNC) 1대 구매,물품,SCF,해군군수사령부,202410101030,MD156,따옴컴퍼니,,강태은,07046473904,"인천광역시 미추홀구 경인로252번길24-3, 402호(도화동)",87.995,21935180
232,LHN0073,1,44834,***,24년 취사피복 구매,물품,LHN,제7보병사단,202410101030,G17E4,주식회사 예감,YEGAM Inc.,강중원,07046171937,경기도 하남시 청뜰로5(풍산동),89.992,57919680
2,MCD0068,2,41014,***,24년 하반기 모범군무원 격려 국내시찰,용역,MCD,국방부(운영지원과),202410081700,M9963,주식회사 플랜더제이,,함영순,01052017884,"서울특별시 강북구 도봉로261, 5층 507호 중 일부 (수유동, 삼호아파트, 수유프라자)",,38000000
2,MCD0072,1,43162,***,예비군법 개정방안 연구,용역,MCD,국방부(운영지원과),202410081700,J004D,주식회사 입법정책연구원,,강남기,027809974,"서울특별시 영등포구 국회대로70길12, 802호 (여의도동,대산빌딩)",,30000000
1,MCD0069,1,42848,***,24년 병영생활상담관 보수교육 운영,용역,MCD,국방부(운영지원과),202410081700,IF041,주식회사 휴노아이앤씨,,천정현,0269492149,"경기도 성남시 분당구 서현로170, 12층 티동 1208호 (서현동, 풍림아이원플러스))",,26000000
4,MHD0086,1,40248,***,2024 방위사업정책 발전 컨퍼런스,용역,MHD,방위사업청(운영지원과),202410081500,KFE31,주식회사 채널케이,,이윤경,07042685022,"서울특별시 송파구 송파대로201, A동 8층 A-806,807호(문정동, 송파 테라타워2)",,144000000
2,MHD0091,2,42632,***,「2024년 방위사업청-CSIS 컨퍼런스」행사 진행 용역,용역,MHD,방위사업청(운영지원과),202410081500,KFE31,주식회사 채널케이,,이윤경,07042685022,"서울특별시 송파구 송파대로201, A동 8층 A-806,807호(문정동, 송파 테라타워2)",,209800000
6,EBH0133,1,2702,***,24년 비호체계 수리부속(구매),물품,EBH,해상공중전력운영계약팀,202410081400,H33C2,주식회사 세연인터내셔널,SEYEON INTERNATIONAL,신현철,025390441,"경기도 구리시 수택천로16번길32, 2층 (수택동, 세연빌딩)",87.7,1223450000
3,UMM1163,1,40389,***,"개인정보영향평가(밀리패스, 병적관리시스템) 용역",용역,UMM,국군재정관리단,202410081200,L38C6,주식회사 한국전산감리원,,김병양,0234480118,"경기도 과천시 과천대로12길117, 지동 501호 (문원동,과천 펜타원)",88.007,105120400
5,UMM1164,1,40179,***,24-M-교-액화염소가스용기 검사 및 처리 용역,용역,UMM,국군재정관리단,202410081100,GB14A,주식회사 평화산소공업,pyunghwasanso inc,김진태,0513134631,"부산광역시 사상구 대동로269번길41-0 (감전동, 주식회사 평화산소)",87.766,103379505
56,LNT0035,1,44904,***,13공구 내진성능평가 검증 용역,용역,LNT,제28보병사단,202410081100,K7810,주식회사 한뉴엔지니어링,,김진수,07041772015,경기도 안양시 동안구 엘에스로136 (호계동) 금정역2차 SK V1 A동 814~815호,88.007,20431440
63,LNT0034,1,44903,***,13공구 내진성능평가 용역,용역,LNT,제28보병사단,202410081100,E5446,(주)다스구조엔지니어링,daas structure engineering co.led,이희석,025217687,"경기도 하남시 미사대로550, A동 4층 38호(덕풍동, 현대지식산업센터 한강미사1차)",88.026,76019100
56,LNT0033,1,44898,***,12공구 내진성능평가 검증용역,용역,LNT,제28보병사단,202410081100,M9ED0,국토안전기술 주식회사,,김경진,03180397277,"경기도 성남시 중원구 성남대로1133-0 (성남동), 522호",88.004,13063800
62,LNT0032,1,44892,***,12공구 내진성능평가 용역,용역,LNT,제28보병사단,202410081100,K75FC,상현구조이앤씨 주식회사,,전현수,0316052433,경기도 성남시 수정구 산성대로331-0 (신흥동) 1207호,88.028,62512800
62,LNT0030,1,44830,***,11공구 내진성능평가 용역,용역,LNT,제28보병사단,202410081100,I3725,엘림 주식회사,Elim,김순영,0312129001,"경기도 수원시 영통구 광교중앙로248번길7-7, 이음센터 5층(하동)",88.026,68596000
2,LDA0052,1,44495,***,(D087) 24년 전군지원 상용 SW 구매,물품,LDA,지상작전사령부,202410081100,LC05C,유한회사 대산디컴,,안중성,07086574652,"서울특별시 서초구 강남대로107길21, 2층(잠원동, 대능빌딩)",96.251,10027870
376,MCN0029,1,44567,***,'24년 정비장비(정비용리프트 2대) 구매,물품,MCN,국방부근무지원단,202410081100,M48ED,비키,,김민지,01032288959,"경상남도 사천시 정동면 여옥길36, 106동 803호(송보파인빌아파트)",88.004,13503810
49,MCN0030,1,44572,***,'24년 병참장비(지게차) 구매,물품,MCN,국방부근무지원단,202410081100,GEEAF,이스트트레이딩,EAST TRADING,이은혜,07077505818,"서울특별시 강서구 마곡중앙6로45, A동 6층 602-B10호(마곡동, 리더스퀘어마곡)",88.073,43038541
12,LDA0051,1,44440,***,(A154) 00부대 지하주차장 화재감지기 설치납품,물품,LDA,지상작전사령부,202410081100,G0290,주식회사 씨엔방재,"CNfireprevention co.,ltd.",이용수,0312659119,경기도 용인시 수지구 신수로767-0 (동천동) 동천유타워 A동 504호,88.004,45693500
8,LDA0050,1,44439,***,(A155) 00부대 피난대피로 개선 설치납품,물품,LDA,지상작전사령부,202410081100,DD66A,주식회사 에스케이앤건설,Sknlandscape,최용식,0313345112,"경기도 용인시 처인구 양지면 신송로170-7, 202호",88.06,28586000
12,LDA0049,1,44438,***,(A156) 00부대 소방물품 설치납품,물품,LDA,지상작전사령부,202410081100,JD5B3,예스소방산업 주식회사,,이현민,0316275760,"경기도 용인시 기흥구 흥덕중앙로120, 유타워 비173-1호(영덕동)",88.126,35802000
8,LGP0147,1,44630,***,24-2차 화공가스 구매 및 용기검사,물품,LGP,제1군수지원사령부,202410081100,L7359,삼척산업가스,,최유선,033-573-0330,강원특별자치도 삼척시 원덕읍 삼척로624-0,91.996,89491700
106,UMM1160,1,44347,***,(247053-H)출입통제체계 구축,물품,UMM,국군재정관리단,202410081100,BA17E,(주)세원씨앤에스,sewon,양성윤,0625122902,광주광역시 북구 동운로32번길65-0 (동림동),87.997,140872843
148,UMM1158,1,44288,***,(246046-B1)견인차량 운전교육 시뮬레이터 구매 설치,물품,UMM,국군재정관리단,202410081100,C92F6,주식회사 젠탑(GENTOP),"GENTOP Co.,Ltd.",박홍대,0552319152,경상남도 창원시 마산회원구 내서읍 광려천남로 59(재)마산밸리 717호,83.17,366050500
673,UMM1156,1,44133,***,24-F-군견(작전견) 건사료 구매(249150-F),물품,UMM,국군재정관리단,202410081100,EBF4F,(주)씨티원서비스,ctone,최현준,0328151336,"인천광역시 남동구 앵고개로490번길53, 남동공단142블럭20로트(고잔동)",83.019,296417290
3,UMM1151,1,43800,***,(24G270-A)국방부 교환기  교체사업 금융리스,물품,UMM,국군재정관리단,202410081100,M501B,미래에셋캐피탈(주),,이만희,027879295,"서울특별시 중구 을지로5길26, 6층 (수하동, 미래에셋센터원 웨스트타워)",97.481,8485352470
69,UMM1162,1,43362,***,(247061-H)VoIP 교환기 도입사업(리스자산),물품,UMM,국군재정관리단,202410081100,B3C90,(주)글로벌텔레콤,GLOBALTELECOM,서승현,0234830900,"서울특별시 영등포구 영등포로150,A동 L152호,1304호~1313호",83.038,1276477000
551,UMM1150,1,42206,***,(247354-C) 액체크로마토그래피 이중질량분석기 구매,물품,UMM,국군재정관리단,202410081100,99066,한국애질런트테크놀로지스(주),AGILENT TECHNOLOGIES KOREA LTD,유재수,01048487985,"서울특별시 서초구 강남대로369, 9,10,13,14층(서초동, 디에프타워)",89.52,308616000
192,LFR0013,1,44390,***,전차포사격장 방화지대 제초용역,용역,LFR,육군기계화학교,202410081030,J4163,주식회사 다은건설산업,,양수연,0623825008,광주광역시 서구 무진대로486(덕흥동),87.762,28408451
225,HCR0036,1,44668,***,운동기구 등 39종,물품,HCR,공군제15특수임무비행단,202410081030,J4257,주식회사 오로라,,정순애,01075420347,"경기도 고양시 덕양구 능곡로13번길16-0 , 202동 2401호(토당동, 능곡2차현대홈타운)",88,21260620
101,SCH0149,1,44655,***,24-1-2호 탄속측정기 등 2종 12점 구매,물품,SCH,해군작전사령부,202410081030,B8A9E,협성산업사,hyup sung ind,임종금,0226848888,서울특별시 구로구 고척동103-4 고척상가 나동 사-178,88.026,10828400
353,HDG0029,1,44581,***,24-76 항공등화 보수용(램프2종) 구매,물품,HDG,공군제10전투비행단,202410081030,KB312,리더스케미칼,,김미지,01094713993,"경기도 수원시 영통구 신원로250번길13,12층 1201호 (원천동)",88.009,31164000
1647,LCI0007,1,44957,***,600W 전관 앰프세트 구매(24-102),물품,LCI,육군제6501부대,202410081030,J69B1,굿메이드,,김정섭,01092189728,"경기도 의정부시 송양로76 (민락동, 의정부민락우미린더스카이) 2002-3104",88,24384270
151,SFD0083,1,44649,***,통신전자물품(전원어댑터등 104품목)구매,물품,SFD,제9227부대,202410081030,E1D7F,포항신도OA,,김기홍,0542783000,경상북도 포항시 남구 문예로 74-1(),88.004,70581760
46,SCK0124,1,44632,***,24-00사 취사장 후드 청소용역,용역,SCK,해군교육사령부,202410081030,G6654,마스터크린시스템 창원지사,마스터크린시스템 창원지사,김상열,055-288-2588,"경상남도 창원시 진해구 용원동로259, 104호(용원동, 연지빌)",90.008,3528000
5,LGI0082,1,44483,***,24-2차 일반폐기물 위탁처리 용역,용역,LGI,제3군수지원여단,202410081030,D3537,주식회사 성창환경,SUNG CHANG,박종팔,0337460993,강원특별자치도 원주시 지정면 질마재로24-11,89.166,73065390
57,LHP0041,1,44648,***,24~27비데 임차 계약(137대),용역,LHP,제22보병사단,202410081030,L8CFA,엔제이 주식회사,,정남정,01071441951,"강원특별자치도 동해시 동해대로5464, 2층 203-42호(평릉동)",88.144,95895400
579,SCH0148,1,44628,***,24-진-통합전투지원시설 등 2건 지반조사 용역,용역,SCH,해군작전사령부,202410081030,H7B28,주식회사 영화엔지니어링,Younghwa engeering.LTD,이규호,024091230,"강원특별자치도 양양군 양양읍 미륵길40-0 105, 106호",88.005,55552000
44,SCU0060,1,44532,***,아토르바정 등 172종 구매,물품,SCU,해군 기동함대사령부,202410081030,KD04C,동행상사,,전계석,01036599587,"전북특별자치도 군산시 대명길8-0, 2층(대명동)",88.042,35237250
1565,LMH0061,1,44448,***,[B194] 24-1차 축성재료(축성도구) 구매,물품,LMH,제7군단,202410081030,I07FF,명준유통,Myoung Junyutong,임소영,01024075238,경기도 의정부시 둔야로45번길11 (의정부동) 1층1235호,88.002,9269043
1810,LMH0060,1,44446,***,[B192] 취사피복류(취사모 등 12개 품목) 구매,물품,LMH,제7군단,202410081030,L91A5,솔로몬컴퓨터,,임금연,010-8747-9370,"경기도 김포시 태장로795번길23, 5층 537,538,539호(장기동, 마스터비즈파크)",88,24420000
2342,SCF0901,2,43984,***,해병대 목재 밀링기 등 2종 구매,물품,SCF,해군군수사령부,202410081030,KD987,와이에스엘코리아,,이영순,01088841884,서울특별시 광진구 자양로42길53 (구의동) 301호,87.996,35264172
3,UAF0002,1,43482,***,2024년도 국방전직교육원 고객만족도 조사,용역,UAF,국방부 인사복지실,202410081030,H7889,주식회사 에스에이컨설팅,"SA Consulting co,. LTD",윤지성,0220388390,서울특별시 영등포구 영중로65-4 (영등포동6가) 4층,0,37500000
1724,SFC0111,1,44355,***,인화지 등 16품목 구매,물품,SFC,제9691부대,202410081030,IAB90,푸른에스씨,BLUE S.C,조미연,01023397966,"인천광역시 남동구 서창남순환로55-0 (서창동, 서창센트럴푸르지오)",87.996,25585900
3,SFC0110,1,44076,***,PCB 파쇄기 제조 구매,물품,SFC,제9691부대,202410081030,C61E6,케이씨테크노(주),"KEC TECHNO CO., LTD.",이석형,0319238555,경기도 고양시 일산서구 송산로 221(),88.331,17532900
7,SCU0061,1,43528,***,24-별관 신축 관급자재(제로에너지)제조 설치,물품,SCU,해군 기동함대사령부,202410081030,G72C1,주식회사 정우계전,"JUNGWOO ELECTRONIC CO., LTD.",강희열,0647578811,"제주특별자치도 제주시 선반남2길45, 2동  (화북일동)",88.264,57054000
427,SCK0123,1,43942,***,산불진화복(외투) 등 3종 구매,물품,SCK,해군교육사령부,202410081030,DF769,제이엠컴퍼니,JM Company,박진우,01041710582,"경기도 의정부시 동일로397 (장암동, 장암2단지주공아파트) 215동 1407호",88.004,7787150
2342,SCF0901,3,43984,***,해병대 목재 밀링기 등 2종 구매,물품,SCF,해군군수사령부,202410081030,KD987,와이에스엘코리아,,이영순,01088841884,서울특별시 광진구 자양로42길53 (구의동) 301호,87.996,35264172
1271,SCF0906,1,43614,***,(긴급) 개스킷 등 78종,물품,SCF,해군군수사령부,202410081030,L3ED1,피스앤웍스,,김고은,01090550005,"경기도 김포시 고촌읍 김포대로328, 1023호",87.997,156966388
1350,SCF0903,1,40402,***,스텐슬 절단기 2set 구매,물품,SCF,해군군수사령부,202410081030,M1FB5,엔시텍,,강형석,01093153039,"대전광역시 서구 도산로403번길21, 탄방동 4층 20호(탄방동, 전자타운)",88.399,22965360
684,SCF0827,3,34277,***,"케이블, 전력용 등 22종 구매",물품,SCF,해군군수사령부,202410081030,2843F,(주)극동전기,KUK DONG ERECTRIC,이상영,02-2681-7436,경기도 시흥시 금화로627번길40-0 (금이동),90.831,285330000
684,SCF0827,2,34277,***,"케이블, 전력용 등 22종 구매",물품,SCF,해군군수사령부,202410081030,2843F,(주)극동전기,KUK DONG ERECTRIC,이상영,02-2681-7436,경기도 시흥시 금화로627번길40-0 (금이동),90.831,285330000
53,UAZ0019,1,44435,***,24년 도서관 장서소독 용역,용역,UAZ,합동군사대학교,202410071330,ACDA7,합자회사 세진밀레니엄,CDM,이다경,0425362650,"대전광역시 유성구 대덕대로590번길12-13, 107호(도룡동, 가온하이츠빌)",88.031,8595800
6,LDH0769,2,42578,***,"(일장) 장갑전투도자 호스조립체,비금속제 구매",물품,LDH,육군종합정비창,202410071300,EB989,진광사,,최진욱,010-4410-2737,경상남도 김해시 진영읍 진영리1611-3 중흥s클래스 119-105,88.111,1650000
3,LDH0804,1,44334,***,K77지휘차 회로카드조립체 구매,물품,LDH,육군종합정비창,202410071300,4759F,서광전자,seokwang electronic co.ltd,오복룡,055-541-0071,경상남도 창원시 진해구 이동로69번길 12(),89.276,22196900
8,LDH0774,2,42600,***,(항공) UH60 슬리브 등 2종 구매,물품,LDH,육군종합정비창,202410071300,MC7AA,주식회사 씨티엘에어로,"CTL AERO Co., Ltd.",이승헌,0221381786,서울특별시 종로구 새문안로92 (신문로1가) 1715호,97.822,11790000
3,LDH0768,2,42582,***,(일장) 다목적굴착기 절연체 등 5품목 구매,물품,LDH,육군종합정비창,202410071300,G2196,대아테크,DAEA ELECTRONICS,변오석,051-514-1874,부산광역시 금정구 공단동로41번길10-0 (금사동),88.736,7615550
3,LKG0094,1,44278,***,[육성]전투원용 무전기 구매,물품,LKG,육군제53보병사단,202410071100,C4A1C,주식회사 중앙첨단소재,,김영신,07050154884,"경기도 안양시 동안구 시민대로115, 5층 503호 (호계동)",97.398,165364000
364,LPM0039,1,44242,***,24년 윤활유 구매 계약의뢰(2차 추가수정),물품,LPM,제9보병사단사령부,202410071100,JB410,이레테크,,박은정,01036464743,"경기도 평택시 지제동삭1로163, 108동 2003호(동삭동, 더샵지제역센트럴파크1BL아파트)",88.004,22553290
45,MCS0111,1,44653,***,청소용품(수지왁스 등 31종) 구매,물품,MCS,국방부계룡대근무지원단,202410071100,I1E93,구르미상사,gurmi.t.c,이동욱,07048014499,"충청남도 계룡시 장안로39, 303호 (금암동, 호복빌딩)",88.05,25867020
50,MCS0110,1,44650,***,월동준비자재(제설삽 등 19종) 구매,물품,MCS,국방부계룡대근무지원단,202410071100,K18A9,주식회사 미소테크,,차미경,01063237833,"충청남도 계룡시 장안로39-0, 303 (금암동)",88.16,9633280
164,LIK0066,1,44364,***,00부대 3중대 ASP 방화지대 구축 용역(2차),용역,LIK,제2군수지원여단,202410071100,A463D,(주)진성조경,jinsung landscape.co,유영상,0334330456,강원특별자치도 홍천군 홍천읍 홍천로1001-6,88.022,24703540
165,LIK0065,1,44360,***,00부대 1중대 ASP 방화지대 구축 용역(2차),용역,LIK,제2군수지원여단,202410071100,ID9C3,주식회사 유성,,양희성,0334334487,강원특별자치도 홍천군 홍천읍 무궁화로38-8,88.004,27446220
195,HDP0036,1,44353,***,(24-용역-66) 24년 기지 일반구역 제초 유지관리 용역,용역,HDP,공군제19전투비행단,202410071100,FB360,나무향기주식회사,"SOL HYANG LANDSCAPE ARCHITECTURE CO.,LTD",고진숙,0438511401,"충청북도 충주시 예성1길5, 지1층(교현동)",88.007,47283176
37,LPM0040,1,44298,***,24년 후반기 소방작동기능점검 용역 계약,용역,LPM,제9보병사단사령부,202410071100,G0FEA,주식회사 한누리소방,hannoori,손영문,0315444119,경기도 포천시 호국로433-0 (소흘읍),88.136,20074683
7,UAC0044,1,44230,***,2024년 2-1차 재투자장비 구매(자동묶음기),물품,UAC,국방출판지원단,202410071100,E6743,대전인재사,DAEJEONINJAESA,고인곤,0422228538,대전광역시 동구 선화로 212(),97.884,2340000
8,UAC0043,1,44229,***,2024년 2-1차 재투자장비 구매(디지타이저),물품,UAC,국방출판지원단,202410071100,I4CBE,아름종합상사,dkfmawhdgkqtkdtk,한선재,0426331395,충청남도 계룡시 새터산길4-0 (금암동)102,88.385,4150655
302,LHG0049,1,44391,***,재난 및 안전관리 예산(산불진화장비) 2차 구매,물품,LHG,제1862부대,202410071100,J554F,유주얼컴퍼니,,김은영,01031630647,강원특별자치도 원주시 오성마을길6 (단구동)  1층 2호,88.022,28849500
38,LKG0095,1,44367,***,'24년 후반기 물탱크 청소용역,용역,LKG,육군제53보병사단,202410071100,L0FB9,(주) 동남씨앤씨,,노승조,01085234880,부산광역시 사상구 사상로104번길25 (감전동),88.284,8040560
165,LIK0067,1,44371,***,00부대 4중대 ASP 방화지대 구축 용역(2차),용역,LIK,제2군수지원여단,202410071100,B43C6,주식회사이레이앤엘,Jireh Engineering and Landscapr,배규홍,0338122335,"강원특별자치도 원주시 태장공단길42-1, 101호(태장동)",88.003,27016160
28,MFK0015,1,44346,***,상용 위성전화기 구매,물품,MFK,제9912부대,202410071100,H391A,명성테크,Mung Sung Tech,김정희,010-3117-1178,서울특별시 강동구 상암로214-0 (명일동)삼익맨션상가402호,88.04,11830200
220,UAC0041,1,43218,***,2024년 2-1차 재투자장비 구매(UV평판인쇄기 등 2종),물품,UAC,국방출판지원단,202410071100,C6D24,한솔상사,qq,조희원,0622340904,"광주광역시 동구 화산로350번길18, 1동 4호(용산동, 동산타워 제상가)",88.18,88938840
253,SCN0149,1,44290,***,오수 펌프 등 32종 구매,물품,SCN,제7001부대,202410071030,JA47C,주식회사 창원토탈,,최연호,07047723010,경상남도 창원시 의창구 명서로116번길20 (명서동)지하101,88.002,29003800
42,SDQ0100,1,44654,***,"변환기, 신호용 구매",물품,SDQ,해군제2수리창,202410071030,KD4C2,에스알유통,,신성래,01097795584,"경기도 평택시 안중읍 안현로서6길10, 405-디15호(대원빌딩)",88.021,3899748
58,HCC0133,1,44488,***,쿨토시 등 153품목(24-39),물품,HCC,해군제1수리창,202410071030,L7479,수지유통,,최수지,01062487950,"강원특별자치도 동해시 서동로721-6, 1층(신흥동)",88.031,20397680
11,SCP0098,1,44652,***,24-0함대 소방시설 작동점검 용역,용역,SCP,제8385부대,202410071030,I5DED,주식회사 중앙이에스엠,Central E.S.M,홍순천,0335726077,"강원특별자치도 삼척시 오십천로43,2층 (등봉동)",89.087,24739620
17,HCC0126,2,42291,***,"재단기 등 83품목(24-03,24-04)",물품,HCC,해군제1수리창,202410071030,JFB9B,청아철물설비,,김주희,010-7224-5200,강원도 동해시 단봉길23 (북평동),88.129,3799800
27,LFN0037,1,44342,***,24년 체육재료(발목 보호대 등 38품목)구매,물품,LFN,육군3사관학교,202410071030,HAAE4,중앙Office,jungangdffice,이다혜,054-335-2276,경상북도 영천시 고경면 호국로427-0,88.088,36634200
9,LKF0063,1,44314,***,00부대 사령부 영내 노후도로 포장 폐기물처리 용역,용역,LKF,제6755부대,202410071030,K405E,주식회사 월드환경개발,,조경형,0536147100,대구광역시 달성군 현풍읍 현풍서로122-0,88.34,10740000
20,LFN0036,1,44339,***,24년 통신장비(스피커 등 8품목)구매,물품,LFN,육군3사관학교,202410071030,M0DC9,나은,,성현석,01049380301,경상북도 영천시 여랑길25 (매산동),88.15,27912500
54,LMK0031,1,44264,***,[24-C80] 푸른별 어린이집 그린리모델링 설계용역,용역,LMK,제6보병사단,202410071030,I83BA,승건축사사무소,SEUNG ARCHITECTS & ENGINEERS,이용승,010-4224-6798,강원특별자치도 춘천시 동면 한솔만천로20,88.027,17476540
70,LKF0064,1,44387,***,"동원훈련 이동식화장실, 샤워장, 간이식당 임차계약",용역,LKF,제6755부대,202410071030,CC1DE,마루기획,maroo event agency,이창욱,0537680430,대구광역시 남구 대명로21길9 (대명동) 1층,88.047,82731200
588,SCN0151,1,44302,***,24-경계안전관리용 CCTV 제조 설치,물품,SCN,제7001부대,202410071030,E432E,주식회사 삼주전자,SAMJU ELECTRONICS,김진춘,0539428200,대구광역시 북구 동북로 118(),88,64704222
114,SCN0148,1,44299,***,승용식 그린모아 구매,물품,SCN,제7001부대,202410071030,I4BBF,선우테크,Sun Woo Tech,김대현,01031276734,경기도 광주시 이배재로209-4 (목현동),88.01,72942490
59,SCN0150,1,44291,***,드라이슈트 세트 등 7종 구매,물품,SCN,제7001부대,202410071030,MB2D4,새롬상사,,최준호,01064249366,경상남도 김해시 수가로242-9(응달동),88.904,27353500
5,LDH0800,1,42980,***,(자재) 알루미늄판 등 17종 구매,물품,LDH,육군종합정비창,202410041300,K53B0,주식회사 신태양,,라상혁,053-763-4772,대구광역시 수성구 들안로109-0 (상동),97.076,18500000
340,SCF0902,1,44186,***,"(긴급)판,금속제 등 60종",물품,SCF,해군군수사령부,202410041300,KE0F6,경진테크,,정태경,01074007682,"경상남도 창원시 성산구 원이대로495 (반림동, 트리비앙아파트) 230동 1607호",89.239,39464480
340,SCF0902,2,44186,***,"(긴급)판,금속제 등 60종",물품,SCF,해군군수사령부,202410041300,KE0F6,경진테크,,정태경,01074007682,"경상남도 창원시 성산구 원이대로495 (반림동, 트리비앙아파트) 230동 1607호",89.239,39464480
8,EBB0334,1,1635,***,K9자주포 패널 외주정비,물품,EBB,지상공통전력운영계약팀,202410041100,M52BF,(주)세원시스템,,서현동,0552972202,경상남도 창원시 의창구 팔용로359번길15(팔용동),86.205,754420380
4,LHM0094,1,44154,***,15사단 38-1대대 실내체욱관 신축 공사(기타)(재해),용역,LHM,제15보병사단,202410041100,I6BE7,사단법인 국민안전진흥협회,national safety promotion assoiation,염지선,024072070,"서울특별시 송파구 송이로101, 3층, 4층, 5층 (가락동)",88.188,23646000
5,UMM1154,1,43862,***,24-N-기지경계용 드론 제조,물품,UMM,국군재정관리단,202410041100,H5F72,주식회사 숨비,SOOMVI,오인선,0327204561,"인천광역시 연수구 송도과학로16번길13-25, 1층, 10층 (송도동)",83.737,1619018104
33,UMM1149,1,43581,***,24~25-F-학습포털체계 교체 감리,용역,UMM,국군재정관리단,202410041100,L38C6,주식회사 한국전산감리원,,김병양,0234480118,"경기도 과천시 과천대로12길117, 지동 501호 (문원동,과천 펜타원)",87.763,119180000
115,UMM1153,1,42723,***,24-D-자운대지역 조경관리 용역(00학교 지역),용역,UMM,국군재정관리단,202410041100,C9668,나도조경,nado,김응례,0428241089,"대전광역시 유성구 진잠로101-1, 2층(교촌동)",88.011,89077000
7,UMM1148,1,40331,***,24-N-전원변환기 DC24V300A 2EA 제조,물품,UMM,국군재정관리단,202410041100,H58AB,주식회사 엔미디어솔루션,N-media solution,이근식,01042405887,"인천광역시 계양구 계산새로71, 비동 310호(계산동, 하이베라스)",88.316,111551031
122,MHP0016,1,43100,***,DNA시료채취 키트 구매(2차),물품,MHP,국방부유해발굴감식단,202410041100,M9432,구구코리아,,박미영,01023265491,"서울특별시 성동구 왕십리로21마길13, 2층(행당동)",88.01,13912100
18,HCF0221,1,43282,***,무정전전원장치(방공관제) 유지보수,용역,HCF,공군군수사령부,202410041030,D3365,주식회사 화인시스템,"Fine System Co.,Ltd",주광훈,0314361400,"경기도 군포시 고산로 166, SK벤티움 104동 307~309호(당정동)",86.427,349730900
106,LPK0020,1,44212,***,24년 이동식 화장실 임차용역,용역,LPK,제8기동사단,202410041030,M8C6D,주식회사 아리코퍼레이션,,김미영,01074940580,"경기도 김포시 고촌읍 장차로1, 1동 704호(범영빌딩)",88.049,33360000
59,LKH0030,1,44203,***,24-1차 CCTV 폴대 안전등받이 설치납품,물품,LKH,제6128부대,202410041030,C9D92,주식회사 경동기공,"KYUNGDONG MACHINERY INDUSTRIAL CO., LTD.",김동조,0553434551,경상남도 김해시 진영읍 하계로232-27,88.011,34331646
177,SCK0121,1,44140,***,강관 등 194종 구매,물품,SCK,해군교육사령부,202410041030,I0E92,서플라이 플러스,SUPPLY PLUS CO.,윤명희,01020894219,"경상남도 창원시 의창구 서상로12번길55-14 (서상동, 아담연립) 202호",88.008,23360430
5,LBB0037,1,44308,***,'24년 진지공사용 폐타이어 수송 처리 용역,용역,LBB,육군제7789부대,202410041030,M199E,대영환경,,박대영,01022816607,경기도 화성시 팔탄면 동막길79-25,88.474,38763276
1721,SCQ0098,1,44222,***,양면테이프 등 467종 구매,물품,SCQ,제9911부대,202410041030,C6168,유닉디지털(주),unikdigital,오기현,07070983571,"경기도 부천시 소사구 양지로237-0 (옥길동), 1층 140호(옥길동, 광양프런티어밸리 5차)",88.001,22739510
475,SFH0121,1,44224,***,24-B-클리어화일 내지 등 166품목 구매 납품(도서지역,물품,SFH,제9196부대,202410041030,M626B,대박나라,,신선옥,01090708102,"인천광역시 미추홀구 소성로120, 101동 704호(학익동)",88.004,23011220
4,SFH0120,1,44215,***,24-B-라탄 흔들의자 등 9품목 구매 납품(도서지역),물품,SFH,제9196부대,202410041030,ICED6,주식회사 선샤인,,양종인,01222723631,경기도 김포시 양촌읍 유현삭시로120번길65-45  가동,95.015,4495000
76,MCR0058,1,44151,***,24-4차 수시 국외도서 구매,물품,MCR,국방대학교,202410041030,K18A9,주식회사 미소테크,,차미경,01063237833,"충청남도 계룡시 장안로39-0, 303 (금암동)",88.025,4329370
302,MCR0057,1,44147,***,24-4차 수시 국내도서 구매,물품,MCR,국방대학교,202410041030,MD59E,모닝커머스,,강길모,01092531248,"충청남도 보령시 구시4길37-4 , 337호 (대천동)",90.001,12111634
148,SCK0120,1,44130,***,제초매트 등 15종 구매,물품,SCK,해군교육사령부,202410041030,CD1A7,주식회사 오피스랜드,OFFICELAND,이주민,055-237-3970,경상남도 창원시 의창구 명서동206-1 1층,88.016,8745800
36,SCK0119,1,43900,***,복사용지 등 100종 구매,물품,SCK,해군교육사령부,202410041030,M12EE,주식회사이로운기업,,이옥영,0552968379,경상남도 창원시 의창구 차룡로48번길44-0 (팔용동) 스마트업타워 904호,88.169,1826310
4,MCR0056,1,44079,***,안보과정 외국군수탁생 현장학습 버스 임차용역,용역,MCR,국방대학교,202410041030,D6279,(주) 삼성우등관광,SAM SUNG TOUR,복동환,0425335442,"대전광역시 서구 도산로183,  2층 (변동)",88.196,5220000
45,LCN0060,1,43469,***,24년 공기청정기 필터 제조,물품,LCN,육군사관학교,202410041030,GA9D3,요림필터산업주식회사,Yorim Filter Manufacturing Co.,김용문,028996507,경기도 광명시 하안로228-0 (하안동) 광명시범공단공장형아파트 1동2층2호,88,39284000
3,LCF0555,2,43881,***,K9자주포 전기장치 시험장비(ETS) SW개선 재료 구매,물품,LCF,육군군수사령부,202410041030,DA3DB,(주)씨에스글로비즈,CSGlobiz,오세록,027827500,"경기도 과천시 과천대로7길65, 과천상상자이타워 B동 1220호",88.854,43718400
17,HCF0222,1,43283,***,무정전전원장치(항행안전) 유지보수,용역,HCF,공군군수사령부,202410041030,A2CB0,태일자동제어(주),TIAC,한연수,0622254721,광주광역시 광산구 신가매결길28(신창동),86.876,438260220
4,ESA0006,1,5011,***,특수공구(전술지대지유도무기),물품,ESA,유도무기총괄계약팀,202410021100,M8BB9,대림엠텍,,김부경,0553437885,경상남도 김해시 진례면 테크노밸리로36,88.18,20215700
2,UDA0016,1,44108,***,'24년 이동식 화장실 임차용역,용역,UDA,제3190부대,202410021100,F00F0,(주)제일 모바일,cheil mobile co.ltd,김명환,0317661660,경기도 이천시 부발읍 중부대로1763번길152,88.339,52830000
3,UAC0042,1,43944,***,2024년 특수건강진단 용역,용역,UAC,국방출판지원단,202410021100,HB690,미래한국병원,MIRAE HANKOOK HOSPITAL,임영국,0415456114,충청남도 아산시 번영로230번길13 (모종동),88.45,5988270
63,UMM1147,1,39945,***,24-D-후반기 인쇄용지 21종 구매,물품,UMM,국군재정관리단,202410021100,DE986,성도교역,sungdo co ltd,최계영,023062353,"서울특별시 서대문구 수색로138-0, 2층(북가좌동)",83.331,1081895964
1145,UAC0040,1,43732,***,인쇄재료 67종 수시 구매,물품,UAC,국방출판지원단,202410021100,MDDD6,바로정,,백지환,07077700044,"인천광역시 서구 봉오대로270 (가정동) 201동 6층 603호(가정동, 루원시티2차 SK Leaders' VIEW)",88.004,41647390
163,LMU0047,1,43687,***,24-물용-010 민수용 전투식량 구매 계약,물품,LMU,제7군수지원단,202410021100,F8F2B,매쉬미디어(주),"Mash Media Co., Ltd",김문선,07088316061,서울특별시 마포구 양화로183-0 (동교동) 효성홍익인간오피스텔 14층 1412호,83.01,286150767
550,LMR0054,1,44227,***,24-18 다락대 훈련장 시설보강 자재구매(PC모듈),물품,LMR,제5군단사령부,202410021100,L1A70,해리엔터프라이즈,,신창훈,01021353920,"인천광역시 남동구 용천로87번길23, 3102동 802호(구월동, 구월힐스테이트)",87.999,95643000
206,LKP0140,1,43397,***,24년 4분기 부대계약부식(빵류) 제조/구매,물품,LKP,5군수지원사령부,202410021030,I2A63,참좋은사람들,champ,배상진,01021303414,제주특별자치도 제주시 지석11길6 (삼양이동) 203호,87.998,159425984
9,SCR0094,1,44123,***,인클라인 벤치프레스 등 8종 13점,물품,SCR,해군제3함대사령부,202410021030,M6AC2,유한회사 은광,,안중성,07086574653,전라남도 목포시 영산로93-1 (명륜동) 5층 524호,88.012,1961450
8,LCK0037,1,44023,***,[일반-24-174] 00부대 실내사격장 사격장비 제조설치,물품,LCK,수도방위사령부,202410021030,H6238,주식회사 필립정보통신,phillip,최성남,0319673748,경기도 고양시 일산동구 백석로108번길59-13 (백석동),88.205,87497000
1569,SDQ0098,1,43973,***,등천장갑 등 72종 구매,물품,SDQ,해군제2수리창,202410021030,J6255,아이윌 ( I Will ),,김완석,01036868730,"경기도 구리시 동구릉로85번길17 (인창동, 아름마을원일아파트) 101-108",88,20224491
4,SFN0075,1,43875,***,24-Y-열영상 CCTV 외주정비 용역,용역,SFN,연평부대,202410021030,A5DBA,한국전기통신주식회사,"KOREA TELECOMMUNICATION CO.,LTD",지정식,0325792233,인천광역시 서구 가정로77번길 50-10(가좌동),88.557,89111700
4,SFN0074,1,43874,***,24-Y-부대관리용 CCTV 외주정비 용역,용역,SFN,연평부대,202410021030,A5DBA,한국전기통신주식회사,"KOREA TELECOMMUNICATION CO.,LTD",지정식,0325792233,인천광역시 서구 가정로77번길 50-10(가좌동),88.198,42386300
392,SFN0073,1,43853,***,샤워필터기 등 2품목 구매,물품,SFN,연평부대,202410021030,K31EB,푸른도장,,석은정,01097900922,인천광역시 남동구 만월북로32-1 (간석동) A동 1층,88.005,14679000
83,SFN0072,1,43820,***,충민회관 업소용 냉장고 구매 계약의뢰,물품,SFN,연평부대,202410021030,LB857,다온상사,,신지영,01054975636,"인천광역시 계양구 새벌로88, 303동 1005호(효성동, 뉴서울아파트)",88.233,5830430
1376,SDQ0099,1,44240,***,작업용 코팅장갑 등 24종 구매,물품,SDQ,해군제2수리창,202410021030,L2A74,에이팩스 인터내셔널(apex international),,엄상훈,01052220704,"경기도 과천시 향촌1길24-0 (별양동, 우주헌(宇宙軒)) 301호",88.001,65595400
39,LNG0085,1,44176,***,"보온대 구매 (80,863개)",물품,LNG,육군 제1군단,202410021030,G2458,클릭바이 엠알오,clickbuy MRO,노영규,027196779,경기도 고양시 일산서구 고양대로706-13 (일산동),98.632,25048000
5,LNG0084,1,44175,***,"소화기 2종 구매 (K급, 이산화탄소 소화기)",물품,LNG,육군 제1군단,202410021030,K50BB,주식회사 칼라투,,김동국,07070792933,"경기도 고양시 덕양구 중앙로558번길16-16, 308-A호(행신동, 능곡종합프라자)",88.596,5028000
637,MDR0048,2,39267,***,'24년 000부대 휴대용 금속탐지기 세트 구매,물품,MDR,제9965부대,202410021030,GB6EE,해원산업,Haewon Industry,김민지,07042227749,"서울특별시 도봉구 마들로11길65, 5층 503-13호(창동)",96.604,32010000
66,SFC0109,1,43235,***,고무아령 등 10품목 구매,물품,SFC,제9691부대,202410021030,J3C18,현대보수작업,,이재미,01073733744,경기도 김포시 고촌읍 신곡로3번길34-38,87.996,2437433
385,SFC0108,1,43127,***,24-덕-VR 구매 설치,물품,SFC,제9691부대,202410021030,IC1B8,미진상사,,허미진,01033463977,"경기도 용인시 수지구 포은대로219, 306동 1202호(상현동, 서원마을3단지아이파크)",87.998,28259000
390,SCF0900,1,43894,***,"차륜평형기, 소형 2EA 구매",물품,SCF,해군군수사령부,202410021030,L1656,삼이유통,,김승환,01096614808,"경기도 연천군 전곡읍 전은길98-53, 1층 101호",87.995,8821200
459,SCF0898,1,40477,***,3축 가속도센서 등 5종 68점 구매,물품,SCF,해군군수사령부,202410021030,K5EF0,(LS)컴퍼니,,이상운,01087235918,"경기도 남양주시 다산중앙로145번길15, 8층 802-04호(다산동, 신해센트럴타워Ⅱ)",88.002,33092680
476,SCF0899,1,36760,***,누수탐지기 3대 구매,물품,SCF,해군군수사령부,202410021030,M952B,오늘상사,,김재희,07047700655,"경기도 부천시 원미구 길주로234, 104동 3003호(중동, 힐스테이트중동)",88.007,32771000
2,MDR0055,2,42777,***,'24년 000부대 삼겹살 등 130품목,물품,MDR,제9965부대,202410021030,J4AB3,태안군로컬푸드사업단,,조민구,041-675-9804,충청남도 태안군 남면 안면대로1641-0,99.545,55466000
637,MDR0048,3,39267,***,'24년 000부대 휴대용 금속탐지기 세트 구매,물품,MDR,제9965부대,202410021030,GB6EE,해원산업,Haewon Industry,김민지,07042227749,"서울특별시 도봉구 마들로11길65, 5층 503-13호(창동)",96.604,32010000
156,MDF0032,1,43641,***,24~25년 MW통신체계 성능개선 감리용역,용역,MDF,국군지휘통신사령부,202410021030,AA8BB,(주)덕원이.엔.지,DUKWON ENGINEERING CO.LTD,권나희,0542839100,경상북도 포항시 남구 대이로19번길7(대잠동),87.782,165611000
225,MDF0031,1,43582,***,전장망 사이버방호체계 노후 교체사업(리스물건),물품,MDF,국군지휘통신사령부,202410021030,CB836,신아시스템 주식회사,SINASYSTEM Corp.,신장화,0552565125,"경상남도 창원시 의창구 읍성로 110,  신아빌101호(소답동)",83.219,671402133
3,LDH0798,1,42767,***,발칸 케이블조립체 구매,물품,LDH,육군종합정비창,202409301300,K6150,석산전자 주식회사,,진희영,031-458-1525,"경기도 의왕시 오전공업길22, 201호(오전동, 동영벤처스텔)",87.997,45698000
16,LDH0796,1,43110,***,K1전차 집적회로 구매,물품,LDH,육군종합정비창,202409301300,I5028,모아컴,MORECOM,이상주,031-8039-6060,서울특별시 송파구 양산로12 (거여동) 세신거여훼미리타운 303호,88.041,3560000
483,MDG0195,1,42091,***,24년 화상회의체계 노후장비 교체,물품,MDG,국군의무사령부,202409301100,KA4C0,크레용 컴퍼니,,윤대연,01089100933,"인천광역시 서구 서로3로277, 2804동 1702호(원당동, 검단신도시 로제비앙라포레)",87.996,26521800
90,LCM0058,1,43510,***,'24년 후반기 군견(비작전견) 사료 구매,물품,LCM,육군교육사령부,202409301100,L8C28,퓨리나영동대리점,,전수진,033-647-2054,강원도 강릉시 강릉대로313번길60-0 (포남동),88.005,42611367
18,LHQ0046,1,43738,***,24년 19화생방대대 제초용역,용역,LHQ,제2작전사령부,202409301100,I0914,백석산업개발 주식회사,"Baek-Suk Construction Co., Ltd",백승호,0543371318,"경상북도 영천시 금호읍 원제2길16-8, 105동 117호(윤성모닝타운)",88.006,5417570
58,LDA0046,1,43551,***,(C031) 24년 00부대 제초(예초) 관리 용역,용역,LDA,지상작전사령부,202409301100,C7612,(주)조경사엔앤씨,n&c,김성찬,0318896710,"경기도 용인시 기흥구 동백4로6, 301호(중동,대성빌딩)",88.013,14347630
136,LFK0069,1,43716,***,"24년 1,3수송연대 내진성능평가 검증 용역",용역,LFK,육군종합군수학교,202409301100,IAA5C,주식회사 이안구조엔지니어링,Iangujo Engineering,장종길,0314291851,"경기도 안양시 동안구 시민대로398, 619호 620호(평촌동, 인덕원역 더리브 디하우트)",88.006,26159140
28,LFK0068,1,43700,***,24년 3수송연대 내진성능평가 용역,용역,LFK,육군종합군수학교,202409301100,A4FC1,주식회사 만유방재엔지니어링,manyou,김원기,0234737683,경기도 광명시 새빛공원로67 광명역 자이타워 B동 1510호(일직동 515-1),88.037,64136800
12,LFK0067,1,43696,***,24년 1수송연대 내진성능평가 용역,용역,LFK,육군종합군수학교,202409301100,K3D30,삼일안전기술원 주식회사,,홍성희,0337658095,강원특별자치도 원주시 입춘로45 (반곡동) 엔터비즈타워 B519C501C501,88.265,50941250
2,SCG0030,1,43685,***,SSL 웹서버 인증서 구매,물품,SCG,해군본부,202409301100,FCB54,주식회사 한국기업보안,Korea Corporation Security,전귀선,025147786,"서울특별시 서초구 강남대로99길53, 4층(잠원동, 삼우빌딩)",89.749,1320000
32,SCG0029,1,43680,***,도서(모순 등 166종) 구매,물품,SCG,해군본부,202409301100,ID2CE,주식회사 월성,,이희석,07044539559,충청남도 계룡시 엄사면 번영3길91-0 (대동황토방아파트)제상가동 205호,90,8696590
721,UAC0036,1,43097,***,후반기 맞춤용지 구매(재경지원반),물품,UAC,국방출판지원단,202409301100,GF2F8,하늘기업,SKY,고명천,0226618339,"서울특별시 강서구 양천로40, 1층(방화동)",87.997,34101000
139,SDF0144,1,43754,***,헬기 구조용 이송장치 들것 등 1종 구매,물품,SDF,제5738부대,202409301030,LB67B,예성,,이정석,01035041186,경상북도 구미시 백산로5길19 (송정동),88.024,18559860
620,SDG0049,1,43744,***,제세동기 교육용 등 2품목,물품,SDG,제2002부대,202409301030,GE9CF,미래유통,mirae com.,김은숙,01035564958,"경상남도 양산시 희망1길13, 3층 303호 (북부동)",88,8026120
46,SDG0048,1,43737,***,싸이신주 등 86품목 구매,물품,SDG,제2002부대,202409301030,H4032,송은메디칼,songeunmedical,박송이,0538111337,"경상북도 경산시 경청로226길2-0 (백천동),311호",88.002,16792820
43,SFL0038,1,43406,***,24-교-01 소나무 재선충병 방제용역,용역,SFL,제3283부대,202409301030,G74E9,삼원산림(주),samwonforest,김영준,0544357708,경상북도 김천시 평화순환길281-0 (평화동),88.01,52707000
96,LHD0041,2,43779,***,산불진화장비 구매(X088),물품,LHD,제21보병사단,202409301030,J7167,봄이네집,,박혜진,01024053340,강원특별자치도 철원군 갈말읍 호국로5605-15 1층 101호,88.008,23906300
227,HDL0019,1,43721,***,24-09-248 폭발물 방탄복 구매,물품,HDL,공군제16전투비행단,202409301030,L4EAF,더조은산업,,황보영아,01050957459,"경상북도 구미시 새마을로9-18, 610호(형곡동, 삼우초원맨션)",88.009,26442880
423,SFL0041,1,43720,***,섬유탈취제 등 48품목 구매,물품,SFL,제3283부대,202409301030,H4E90,YK통상,YKTONGSANG,김도엽,0535277634,"경상북도 구미시 인동35길33, 106동 9층 905호(인의동, 구미인의푸르지오)",88,62985680
390,SFL0040,1,43691,***,군 피복(수색교육대 반팔티 등 10품목) 제조/구매,물품,SFL,제3283부대,202409301030,L8BC9,라쿠카라차,,오상호,01063305947,"경상북도 구미시 도봉로62-0 (도량동, 구미도량휴먼시아4단지) 405동 903호",88.005,31797317
142,SCI0116,1,43628,***,병영도서관 도서(스즈메의 문단속 등 256종) 구매,물품,SCI,제9121부대,202409301030,L58A5,씨에스,,강민정,01052181431,경상남도 창원시 마산회원구 내서읍 광려천북로198-2  1층,90.043,4850120
4,LNM0009,1,43665,***,2024년 00부대 병력 수송용 버스 임차 용역,용역,LNM,제5181부대,202409301030,JDFC5,(주)하나트레블,,임병식,024972477,경기도 김포시 양촌읍 양곡4로139 나-104,94.101,92280320
17,SCK0117,1,43652,***,24-00사 우수교관 국내시찰 용역,용역,SCK,해군교육사령부,202409301030,LB1B0,주식회사 제이앤제이인터내셔널,,황혜정,070-4320-6549,경상남도 창원시 성산구 중앙대로56 (상남동)408-1호,88.102,21808640
20,SFM0079,1,43260,***,윤형철조망 제조,물품,SFM,제3170부대,202409301030,F53EC,광신건설산업 주식회사,"Kwangshin Construction and Industrial Co., Ltd.",권영재,0319974279,경기도 김포시 안진골로64번길7(외1),88,54492700
104,LCM0059,1,43509,***,'24년 후반기 군견(작전견) 사료 구매,물품,LCM,육군교육사령부,202409301030,K2B91,더지안(THE JIAN),,최주희,01047273748,"강원특별자치도 원주시 서원대로500-0, 4층 402-J2호 (단구동)",88.008,73446000
606,SDF0142,1,43747,***,전동차 구매,물품,SDF,제5738부대,202409301030,MCFD7,에이알테크,,김대진,01073319157,"경기도 김포시 고촌읍 인향로24번길66-24, 604동 4층 401호(디아이빌6단지)",88,23985000
388,LMR0051,1,43745,***,24년 5군단 제초용역 (3공구),용역,LMR,제5군단사령부,202409301030,E0D32,주식회사 미르티앤씨,mirtnc.co.ltd,장민수,0220573878,"경기도 안양시 만안구 박달우회로178, 201호 (안양동, 보석빌딩)",88.004,17544650
359,SFG0098,1,43539,***,프로펠러 등 8품목 구매(함정장비 수리부속),물품,SFG,제9181부대,202409301030,H9F80,백야상사,Baekya corp,김수현,01040740204,경기도 하남시 미사강변서로45 동원로얄듀크 2207-2503,88.008,36700230
10,SFM0080,1,43549,***,24-S-도장시설 정비(활성탄 및 필터류) 용역,용역,SFM,제3170부대,202409301030,JBEA4,리더산업필터,,황순희,0549722484,경상북도 칠곡군 지천면 금호로172-11,88.182,17696796
446,LNS0046,1,43056,***,'24년 2차 제초관리 용역,용역,LNS,제55보병사단,202409301030,LBE38,(주)라온누리,,김민주,07046937194,"경기도 성남시 분당구 내정로173번길49, 비102호,비103호(수내동, 궁전프라자3)",88.009,30021435
10,SDF0143,1,43750,***,"A-Sleeve,Atria 등 45종 구매",물품,SDF,제5738부대,202409301030,M6AC3,진해상사,,김동국,07070792933,경상남도 창원시 마산회원구 삼호로38-0 (양덕동),97.009,5973000
56,SCK0118,1,43702,***,24-00사 제초관리 용역,용역,SCK,해군교육사령부,202409301030,ECC73,주식회사 조은랜드,jounland,노태구,0552517224,경상남도 창원시 마산회원구 팔용로21-1 (양덕동),88.025,77614379
104,LKT0073,1,43234,***,00부대 6개소 출입문 자동개폐기 설치(집행잔액),물품,LKT,제1989부대,202409301030,DD10B,주식회사 호연건설,(주)ho yeon,윤재성,0613635905,전라남도 곡성군 곡성읍 묘천덕동길54-8,88.259,73542000
1387,MHD0094,1,42992,***,2024년 4분기 전산(프린터) 소모품 구매,물품,MHD,방위사업청(운영지원과),202409271430,I7B2E,모두의상사,modu inc,김영진,01039939026,"인천광역시 부평구 부흥로286번길30, 1401호",87.996,187907630
5218,LDH0799,1,43465,***,24-3차 전산소모품 구매,물품,LDH,육군종합정비창,202409271330,M20FF,오케이컴퍼니,,신태교,01057729802,"충청남도 아산시 염치읍 충무로308번길24, 104동 601호(한남프레시앙아파트)",88,21177357
11,LDH0781,1,41810,***,(정비) 실리콘 건 등 13종 구매,물품,LDH,육군종합정비창,202409271300,K85C7,디앤에이(DNA),,강수곤,0226727625,"서울특별시 구로구 경인로54길4(구로동, 공구상가일번지 에이동 H-201호)",88.328,7975280
2,LDH0770,1,42570,***,(일장) 장갑전투도자 핸드 빌지 등 8품목 구매,물품,LDH,육군종합정비창,202409271300,FACEA,정원사,jungwonsa,최정현,010-4631-1045,"경상남도 창원시 성산구 창원대로780번길23-0 (외동, 두산아파트) 505호",88.404,8520000
3,LDH0772,1,42563,***,(자재) 스펀지 흰색 등 45종 구매,물품,LDH,육군종합정비창,202409271300,KF57F,그린존,,김근아,0542746100,"경상북도 포항시 북구 칠성로42-1, 2층(남빈동)",89.104,5669990
4,LDH0771,1,42398,***,"(자재) 회로카드조립체, 영상용 부품키트 등 4종 구매",물품,LDH,육군종합정비창,202409271300,I5028,모아컴,MORECOM,이상주,031-8039-6060,서울특별시 송파구 양산로12 (거여동) 세신거여훼미리타운 303호,88.973,4710832
5,LDH0792,1,41979,***,"(화공) 아세톤,공업용 등 7종 구매",물품,LDH,육군종합정비창,202409271300,FE04D,주식회사 에이에스씨,"ASC Co.,Ltd",임승수,0316770131,"경기도 안성시 공단1로99 (신건지동, 안성제1산업단지)",88.784,9633800
3,LDH0786,1,41836,***,(정비) 자동 용접면 카트리지 등 41종 구매,물품,LDH,육군종합정비창,202409271300,I49E3,주식회사 창원상사,CWC,이은석,0542746100,경상북도 포항시 남구 대해로89-1 (대도동),88.885,10775686
4,LDH0778,1,41834,***,(정비) 스틸 절단석 등 41종 구매,물품,LDH,육군종합정비창,202409271300,I49E3,주식회사 창원상사,CWC,이은석,0542746100,경상북도 포항시 남구 대해로89-1 (대도동),89.494,25280834
15,LDH0785,1,41832,***,(정비) 에어카플링잭 등 49종 구매,물품,LDH,육군종합정비창,202409271300,K2789,하나상공,,조현영,07088368810,경상남도 창원시 의창구 창이대로187번길61 (봉곡동),88.308,7235620
7,LDH0783,1,41829,***,(정비) 견인고리셋 등 32종 구매,물품,LDH,육군종합정비창,202409271300,KF57F,그린존,,김근아,0542746100,"경상북도 포항시 북구 칠성로42-1, 2층(남빈동)",89.571,9879499
17,LDH0775,1,41827,***,"(정비) 보호복,후드일체형 등 13종 구매",물품,LDH,육군종합정비창,202409271300,FDF62,(주)디에스인프라,DSInfra,조용경,07077666240,경기도 평택시 원평로35번길42 (평택동),88.264,18916038
15,LDH0788,1,41826,***,(정비) 방진필터 등 9종 구매,물품,LDH,육군종합정비창,202409271300,I91F2,지앤와이일렉텍(주),"G&Y Electech Co.,Ltd",김보영,0260911083,서울특별시 구로구 경인로53길15-0 (구로동) 중앙유통단지 가동 3116호,88.06,11741665
29,LDH0776,1,41824,***,(정비) 방독마스크필터 등 12종 구매,물품,LDH,육군종합정비창,202409271300,K8BB4,주식회사 대경코리아,,조민구,07078581122,경상남도 창원시 의창구 원이대로271 (봉곡동) 3층 314-C호,88.114,18358600
16,LDH0791,1,41819,***,(정비) 가제수입포 등 11종 구매,물품,LDH,육군종합정비창,202409271300,I49E3,주식회사 창원상사,CWC,이은석,0542746100,경상북도 포항시 남구 대해로89-1 (대도동),88.121,11239089
6,LDH0779,1,41812,***,(정비) 티그용접봉 등 12종 구매,물품,LDH,육군종합정비창,202409271300,I49E3,주식회사 창원상사,CWC,이은석,0542746100,경상북도 포항시 남구 대해로89-1 (대도동),88.77,12851661
104,LPK0019,1,43440,***,24년 더 좋은 병영식당 주방기구 구매 2차,물품,LPK,제8기동사단,202409271130,KB6F4,모세기획,,허진영,01062644720,"경기도 양주시 덕정11길29, 502-1호(덕정동)",88,29410370
3,EWA0002,1,1000,***,장보고-III Batch-I 정비지원장비(플라이어 등 117종),물품,EWA,한국형잠수함총괄계약팀,202409271100,L76C9,주식회사 서화테크,,최영식,029436346,서울특별시 성북구 아리랑로19길111-0 (정릉동),92.923,115554980
26,HDF0060,1,43490,***,항공기 주요 정비시설 CCTV 유지보수(설치),용역,HDF,공군 제8전투비행단,202409271100,L3363,주식회사 기가테크놀러지,,이상연,0332648876,"강원특별자치도 춘천시 동면 가산로164, 1층",88.008,34561000
6,LCN0059,1,43422,***,57차 00관 유산소룸 벽면 가드 구매 설치,물품,LCN,육군사관학교,202409271100,I3C87,에스에이치테크,SHTECH,박규리,0323415873,"경기도 부천시 양지로205, 3층 h315호(옥길동, 부천옥길 서영아너시티2)",98.519,4922000
77,LCN0058,1,43122,***,24년 화랑제 화랑음악회 무대설치 행사 용역,용역,LCN,육군사관학교,202409271100,MDF87,태호컴퍼니,,임성수,01026517776,경기도 남양주시 화도읍 마석로110-22 (지산파크빌),88.021,15884110
2,UMM1145,1,42946,***,(24F259-I) 정보체계 통합 금융리스,물품,UMM,국군재정관리단,202409271100,M501B,미래에셋캐피탈(주),,이만희,027879295,"서울특별시 중구 을지로5길26, 6층 (수하동, 미래에셋센터원 웨스트타워)",97.761,3672700829
5821,UMM1136,1,40537,***,24-M-손세정제 구매,물품,UMM,국군재정관리단,202409271100,MBEE7,아크,,이지은,01045534722,"부산광역시 동래구 충렬대로487-0, 108동 403호(안락동, 안락 SK아파트)",87.995,193469518
5,UMM1072,1,39326,***,(24F188-I) 군 사격장 소음영향도 조사 용역,용역,UMM,국군재정관리단,202409271100,C9A42,주식회사 삼우에이엔씨,"SAM WOO ANC CO., LTD",조만희,0262686990,"서울특별시 동작구 남부순환로2021, 2층 (사당동)",88.953,179000000
1608,LKP0138,1,43008,***,'24년 정수약품(요소수) 계약 의뢰,물품,LKP,5군수지원사령부,202409271100,M4EB9,샤샤플래닛,,엄지예,01029348609,"인천광역시 연수구 컨벤시아대로130번길58 (송도동, 송도자이하버뷰1단지아파트) 102-1503",87.995,27778755
4,DSS0051,1,43101,***,000 정보체계 시스템 유지보수 용역,용역,DSS,국군제1068부대,202409271030,BCA08,케이투웹테크(주),"K2Webtech Co., Ltd.",김태일,025757721,"서울특별시 금천구 가마산로96, 1510호 (가산동, 대륭테크노타운8)",66.097,286000000
15,SCP0097,1,43512,***,덤 벨 등 18종 구매,물품,SCP,제8385부대,202409271030,K6869,삼성시스템,,우종근,0542741515,경상북도 포항시 남구 해동로72번길13 (해도동),88.055,1462792
25,HCC0132,1,43484,***,결재판 등 342품목(224),물품,HCC,해군제1수리창,202409271030,L02A6,가포통상,,최영종,01089655107,강원특별자치도 동해시 동해대로5464-0 (평릉동),88.065,5762521
13,HCC0130,1,43453,***,전자 구성품 조립체 등 1품목(225),물품,HCC,해군제1수리창,202409271030,L6CE5,디이에이치,,한동은,01025960658,"강원특별자치도 동해시 동해대로5464, 203-32호 (평릉동)",91.445,699240
49,SCP0096,1,43505,***,화상방지마스크(페이스쉴드) 390개 구매,물품,SCP,제8385부대,202409271030,L99E4,주식회사 글로벌엠제이,,김미정,01094360925,"강원특별자치도 동해시 동해대로5464, 2층 203-48호(평릉동)",88.015,6008330
27,HCC0131,1,43464,***,"스텐볼트 등 7품목(226,227)",물품,HCC,해군제1수리창,202409271030,L0EFE,씨에스 강원,,김도연,01052181431,강원특별자치도 동해시 부곡6길6 (부곡동),88.027,2767360
28,HCC0129,1,43450,***,"진공펌프 등 3품목(220,221)",물품,HCC,해군제1수리창,202409271030,K668A,금성상사,,강영실,01052181431,강원특별자치도 동해시 서동로721-6 (신흥동),88.005,2102740
294,LNG0079,2,43372,***,더 좋은 병영식당 취사기구 구매,물품,LNG,육군 제1군단,202409271030,J7D4B,와이에스컴퍼니,,유성숙,07088610044,"경기도 고양시 일산동구 호수로646-24,209-33호 (장항동,위너스21-2)",88.004,63692980
74,LHP0040,1,43443,***,중거리카메라 M/F 구매,물품,LHP,제22보병사단,202409271030,HFFE4,ADN,ADN,송석원,0332611113,강원특별자치도 춘천시 동내면 너부래길19-34,88.01,62807500
271,SCK0116,1,43433,***,롱방비세트 등 253종 구매,물품,SCK,해군교육사령부,202409271030,K928C,늘품 주식회사,,조선희,07047722900,"경상남도 창원시 성산구 연덕로184번길28-0, 3동2층6호A8(내동)",88.008,14753070
374,LGH0003,2,43387,***,상무아파트 간부숙소 세탁기 구매,물품,LGH,육군상무대근무지원단,202409271030,MD9E9,다정,,신정숙,07087123700,"전라남도 여수시 흥국상가길13, 지하1층 c107호(신기동)",88.007,26997990
30,LNG0080,1,43424,***,동계용 정비피복 제조 및 구매,물품,LNG,육군 제1군단,202409271030,IC1D0,주식회사 제이투,,정재찬,0315756982,경기도 남양주시 진접읍 경복대로바람골길69-38,88.086,55087470
156,SCM0003,1,43284,***,체리 기계식 키보드 등 123종 구매,물품,SCM,해군대학,202409271030,L2F8D,제로투나인,,이대우,01054306613,대전광역시 서구 용소로39 (도안동) 301호,88.007,10975499
374,LGH0003,1,43387,***,상무아파트 간부숙소 세탁기 구매,물품,LGH,육군상무대근무지원단,202409271030,MD9E9,다정,,신정숙,07087123700,"전라남도 여수시 흥국상가길13, 지하1층 c107호(신기동)",88.007,26997990
67,SEE0041,1,43348,***,24-J-조경관리용역,용역,SEE,제9해병여단,202409271030,D8443,주식회사 하늘정원,"Hyuksin Landscape Architecture Co.,Ltd.",김명복,0647396979,제주특별자치도 서귀포시 일주동로8718-0 (서홍동),88.034,29307200
7,SCI0115,1,43192,***,"AIP수소(5,000KG) 납품",물품,SCI,제9121부대,202409271030,G9576,유진산업가스 주식회사,"Yoojinsanupgas co., Ltd",김동호,0413583657,충청남도 당진시 송악읍 월곡로240,88.04,78875040
4,LKP0137,1,42437,***,24년 급식 민간위탁배송(부대조달 충청권),용역,LKP,5군수지원사령부,202409271030,E6472,주식회사그린,greengls,황정실,0312813912,경기도 여주시 대신면 여양로693-10,96.755,3679000000
5,EBH0132,1,2552J,***,24년 천마 분배함 정비,물품,EBH,해상공중전력운영계약팀,202409261430,JB635,(주)소닉컴텍,,문지환,0325013577,"인천광역시 부평구 부평대로337, 부평 제이타워3차 지식산업센터 제5층 제523호 (청천동)",86.226,217000000
4,LDH0761,2,42092,***,K21 베어링 등 2종 구매,물품,LDH,육군종합정비창,202409261300,G989D,금성특수산업,GoldStar Special Lnd,김진봉,051-313-8822,부산광역시 사상구 광장로34 금성특수산업,98.375,8948000
5,ETA0003,1,4704,***,"국지방공레이더 2차 일반물자(BII,소모성물자)",물품,ETA,감시전자총괄계약팀,202409261100,L76C9,주식회사 서화테크,,최영식,029436346,서울특별시 성북구 아리랑로19길111-0 (정릉동),91.912,179874460
218,MDR0057,1,43150,***,24년 후반기 물탱크청소 용역,용역,MDR,제9965부대,202409261100,FF9EA,주식회사 우리비엠씨,wooribmc,정연순,0318988021,경기도 화성시 효행로990 (진안동)112호,88.006,10508290
79,LHK0052,1,42916,***,[2군단] GP 화면전시체계 개선사업,물품,LHK,제2군단,202409261100,IE59F,(주)에스앤씨텍,,김천용,0332624077,"강원특별자치도 춘천시 소양강로10, 315호 (후평동, 춘천비앤아이 지식산업센터)",88,75428490
2,LIK0064,1,43133,***,'24년 아세틸렌 용기 위탁처리 용역,용역,LIK,제2군수지원여단,202409261100,JC723,주식회사아이피티,,이상봉,0517154631,부산광역시 사상구 대동로269번길47-0 (감전동),99.441,15125000
2,UMM1143,1,43046,***,(24G268-A) 온나라시스템 통합구축 금융리스,물품,UMM,국군재정관리단,202409261100,B179B,롯데캐피탈(주),LOTTE CAPITAL,추광식,0234510099,"서울특별시 강남구 테헤란로 142(역삼동, ARC PLACE) 7층",99.188,8400958560
325,UMM1144,1,41767,***,(247353-F) 5톤 지게차 구매,물품,UMM,국군재정관리단,202409261100,M0F4A,대명산업,,배일숙,01020335033,"울산광역시 남구 봉월로146번길11 (신정동, 태성시티타워) 905호",87.995,58987732
1552,UMM1138,1,41301,***,24-N-태블릿 PC 구매(248240-F),물품,UMM,국군재정관리단,202409261100,K205A,열매,,최소정,01033963642,"경기도 고양시 일산서구 탄현로136, 110동 1906호(탄현동, 일산에듀포레푸르지오)",87.995,140660300
249,MDG0194,2,41594,***,24년 의무장비(수액조절기 일반용) 구매,물품,MDG,국군의무사령부,202409261100,CF5B2,대광산업,daegwang,이종명,01026787883,경상남도 창원시 마산회원구 양덕북5길97 (양덕동1층상가),88.027,22201597
302,LGT0083,1,43035,***,'24년 노후 ATICIS 네트워크 장비 교체사업(리스물건),물품,LGT,제2307부대,202409261100,A126E,(주)산들정보통신,sandeul Information Communication Co. Ltd,김현주,0533261640,경상북도 경산시 경안로39길31(중방동) 2층,83.017,575110270
248,LFN0034,1,43123,***,24년 3사교 무선 LAN 장비 구매,물품,LFN,육군3사관학교,202409261100,C980F,씨지에스아이티(주),CGSIT,최규식,0226328730,"서울특별시 금천구 가산디지털1로1-0 (가산동, 더루벤스밸리) 1208호",94.419,174499990
9,HCF0215,2,39282,***,조기경보(SPS-1000) 자동점검장비 유지보수,용역,HCF,공군군수사령부,202409261030,IE03D,주식회사 이알시스템,,이창우,0432390300,충청북도 청주시 청원구 내수읍 은곡길72-55,87.868,11235000
270,SCH0145,1,43238,***,24-69호 해바라기 날 등 199종 구매,물품,SCH,해군작전사령부,202409261030,LA14A,미리안,,MIN JINJI,01051086220,경상남도 창원시 성산구 중앙대로77-0 (중앙동) 314호,88,25961090
38,LNG0078,1,43210,***,'24년 후반기 소방시설작동기능점검 용역 (48개소),용역,LNG,육군 제1군단,202409261030,GE29E,주식회사 청풍소방안전,chung poong,김현숙,0314392119,경기도 안산시 단원구 광덕4로246-0 (고잔동)404호,88.149,12503651
4,SCN0139,2,41681,***,24-진-50 동원선박(해양조사선) 임차 용역,용역,SCN,제7001부대,202409261030,BFEA6,국립한국해양대학교 산학협력단,Korea Maritime  And Ocean University R&DB  Foundation,주양익,0514107607,"부산광역시 영도구 태종로727(동삼동, 한국해양대학교) 산학허브관 403호",89.062,22500000
3,LNG0077,1,43201,***,'24년 후반기 작계훈련 병력 운송 버스 임차 용역 2차,용역,LNG,육군 제1군단,202409261030,A4C51,(주)현대관광,"Hyundai Tour Co., LTD.",손준용,0222369331,"서울특별시 광진구 천호대로629, 3층 (중곡동,대영빌딩)",99.362,9866900
163,SCK0115,1,43191,***,고무장갑 등 23종 구매,물품,SCK,해군교육사령부,202409261030,I5E85,주식회사 제이디글로벌,JDGLOBAL,김현영,0552879611,"경상남도 창원시 마산합포구 산호북4길30, 가동 상가212호(산호동, 용마맨션)",88.112,4740400
279,SCI0114,1,43193,***,제빙기필터 등 1076종 구매,물품,SCI,제9121부대,202409261030,JA47C,주식회사 창원토탈,,최연호,07047723010,경상남도 창원시 의창구 명서로116번길20 (명서동)지하101,88.024,46439600
113,SCN0144,1,43107,***,더블A 복사용지 등 13종 구매,물품,SCN,제7001부대,202409261030,LB26E,더함,,김태현,0552229998,경상남도 창원시 마산합포구 오동북10길17-15 (오동동),88.005,3053190
70,SCI0113,1,43160,***,피스톤로드 1점 구매,물품,SCI,제9121부대,202409261030,C262C,대인종합상사,,이용재,010-5566-5658,경상남도 창원시 진해구 여명로 52(),88.018,5010550
164,UAB0062,1,43432,***,24년도 복지시설 통신장비(키폰교환기) 교체,물품,UAB,국군복지단,202409261030,H6B46,한서유통,han seo,한경미,01027389753,"인천광역시 남동구 에코중앙로84번길42-0 (논현동),116-102",88.025,35784660
988,SCH0146,1,43240,***,휴대용 수중구조용 스쿠터(동력 보드) 1종 2점 구매,물품,SCH,해군작전사령부,202409261030,JCA82,태형상사주식회사,,원동민,07088880132,"경기도 김포시 김포한강3로237번길16, (장기동, 314호)",88.023,27351430
286,SCH0143,1,43232,***,24-67호 극세사행주 등 146종 구매,물품,SCH,해군작전사령부,202409261030,I4383,주식회사 동빈글로벌,Dongbinglobal,위정은,0553651132,"경상남도 창원시 성산구 완암로50, 넥스동 704호(성산동, SK테크노파크)",88.046,24872600
3,MDW0023,1,43215,***,24년 XR교육장비 유지보수 용역(재공고),용역,MDW,국군간호사관학교,202409261030,CC833,세한통신(주),,김희성,0425849200,대전광역시 동구 대전로974-0 (삼성동),98.946,34153000
4,SCN0147,1,43104,***,"예방의무물자 말라론 1,274BX 구매",물품,SCN,제7001부대,202409261030,MAB33,경기바른약품 주식회사,,조은영,0313126664,"경기도 시흥시 은행고길10, 206호, 208호, 3층 전부(은행동)",98.323,41877000
14,SCN0146,1,43105,***,24-경남아너스빌 홈오토메이션 설치 납품,물품,SCN,제7001부대,202409261030,DE59B,주식회사 세안정보통신전기,"SE AN Information T&E co.,LTD.",류해경,0553270468,경상남도 김해시 가야로181번길 26(삼계동),96.515,21549000
235,SCN0145,1,43106,***,단니플 등 90종 구매,물품,SCN,제7001부대,202409261030,GBD80,신영물류,sylogistics,허길윤,01049535914,"경상남도 창원시 성산구 원이대로773번길13-0 (사파동, 삼익아파트)",88.049,13978890
111,SEE0039,1,43047,***,제습기 구매,물품,SEE,제9해병여단,202409261030,G0BD8,주식회사 에스원환경,S1,장정환,0647120788,제주특별자치도 제주시 삼무로11길16-0 (연동),88.066,52206089
284,SCH0144,1,43236,***,24-68호 방진필터 등 239종 구매,물품,SCH,해군작전사령부,202409261030,LD48D,몬떼꼬레아,,이지민,01093245852,"부산광역시 강서구 명지오션시티11로51 (명지동, 영어도시 퀸덤1차)",88.008,33450734
94,SCI0112,1,43152,***,"기계장치, 봉합재용 2점 구매",물품,SCI,제9121부대,202409261030,I6A81,카이테크,kaitech,윤한세,055-273-9770,경상남도 창원시 마산회원구 봉암공단12길41-0 (봉암동),88.006,10344960
2871,LCH0066,1,43062,***,재난구조장비(구조용 조끼) 구매(특-24-물-82),물품,LCH,특수전사령부,202409261030,K86D2,와이비컴퍼니,,김영은,07076129238,충청북도 청주시 흥덕구 오송읍 상봉모시울길9-8,88,31617090
55,SFG0095,1,43058,***,신호봉 및 GPS 등 44품목 구매,물품,SFG,제9181부대,202409261030,IC4D5,원당상회,,조소현,01046173334,"경기도 김포시 고촌읍 장차로13번길25 , 302-777호(세종프라자)",88.015,7741470
135,LCH0065,1,43096,***,'24-2차 훈련장 제초 용역,용역,LCH,특수전사령부,202409261030,CFBA4,유한회사웰빙건설,(db)dnpfqldrjstjf,손효복,0636312500,전북특별자치도 남원시 시청북로24 (도통동),88.021,8449950
241,SCF0896,1,43092,***,보호복 등 275종,물품,SCF,해군군수사령부,202409261030,J5AF9,신흥컴퍼니,,전형우,01033093792,"경상남도 창원시 마산회원구 봉암공단로6, 1층층 136호-A130호(봉암동, 마산산업용재백화점)",88.007,12839920
2,LBB0036,1,43128,***,'24년 불용 아세틸렌가스용기 위탁처리 용역,용역,LBB,육군제7789부대,202409261030,JC723,주식회사아이피티,,이상봉,0517154631,부산광역시 사상구 대동로269번길47-0 (감전동),88.402,29282000
74,SCF0895,1,43061,***,디지털카메라 등 10종,물품,SCF,해군군수사령부,202409261030,GD07F,우주산업,woojoo industry,서영숙,07078061806,경상남도 창원시 진해구 경화로25번길10-0 (경화동),88.02,8039460
414,DSS0053,1,43140,***,00지역 청사청소 용역,용역,DSS,국군제1068부대,202409261030,KECDA,주식회사하임종합관리,,유빛나,07041462431,"경기도 김포시 고촌읍 장차로13번길25, 302-1070호(세종프라자)",90.002,15691580
770,MFH0013,1,42940,***,후반기 전산운영용품 구매,물품,MFH,국방시설본부,202409261030,M8480,비드앤바이,,정지명,01025746070,"서울특별시 중랑구 봉화산로194-0 (신내동), 3층 369-610호(신내동, 신아타운)",88.001,34345522
2,MDQ0015,1,42978,***,실습용 마네킹(상반신) 등 2품목 구매,물품,MDQ,국군의무학교,202409261030,HA1CA,주식회사 파라메스,"PARAMES.Co.,Ltd.",김금자,0426287119,"대전광역시 중구 동서대로1365번길 20, 1층(목동)",98.428,1048600
950,SFG0096,1,43059,***,탄피받이 구매,물품,SFG,제9181부대,202409261030,J3629,다감,,이주리,01057961325,"경기도 안산시 단원구 원선1로37, 103-201(원곡동)",87.997,23401870
1100,SCF0894,1,40536,***,(긴급)항공급유 연결장치 1종,물품,SCF,해군군수사령부,202409261030,M54E6,주식회사 늘해랑컴퍼니,,장아리,07077701617,"경기도 화성시 동탄순환대로12길12, 이레스페이스-디83호(산척동, 제이제이파크프라자)",87.995,15908820
5,SCF0785,4,32452,***,'24년 P-3 항공기 방빙장치 시간측정기 정비,물품,SCF,해군군수사령부,202409261030,G3651,주식회사 엠바이지,MbyG,강석원,0514150970,부산광역시 영도구 남항서로42-0 (남항동3가),89.327,48000000
2,LCI0006,1,42975,***,현O원 진지 OOO체계 이전사업(24-105),용역,LCI,육군제6501부대,202409261030,G6E56,주식회사 씨엔테크,CNTech,김훈석,07077208157,"경기도 김포시 양촌읍 황금로117, 이젠테크노존 가동 411호",99.292,185500000
1548,LCF0548,1,42551,***,K5 방독면 안경테 등 1항목 구매(의무),물품,LCF,육군군수사령부,202409251400,JE5EC,아우름,,권혜숙,01073158428,"인천광역시 미추홀구 인주대로23번길35(숭의동, 숭의동 공장)",87.995,28168230
503,LCG0089,1,42268,***,[24-육-215] 안전 경고등 휘슬 제조구매,물품,LCG,육군본부,202409251230,M6DFD,에스와이알(SYR),,박서영,01038789108,충청북도 음성군 원남면 보천로61,88.067,33625000
213,LCG0087,1,42358,***,[24-육-227] 무선 데이터통신 운영환경 동적분석 장비,물품,LCG,육군본부,202409251230,M6AC3,진해상사,,김동국,07070792933,경상남도 창원시 마산회원구 삼호로38-0 (양덕동),99.451,35400000
4,EPA0025,1,1117A,***,"트레일러, 탄약적재운송용(KMT-1)",물품,EPA,항공기총괄계약팀,202409251100,FD1AD,주식회사 에어밴,"AIRVAN CO., LTD",조성훈,0316620448,경기도 안성시 죽산면 장원공단길35-27,88.315,201520000
516,LPM0038,1,42934,***,24년 제초용역(집행잔액) 계약(,용역,LPM,제9보병사단사령부,202409251100,FFAE1,주식회사 평택종합개발,,이재욱,0316558137,경기도 평택시 죽백5로23 (죽백동) 301호,88,47141040
1812,LPM0036,1,42611,***,24년 야전 전투용 앰프 600W 계약,물품,LPM,제9보병사단사령부,202409251100,L808D,쑤니머니,,김종곤,01024035500,경기도 화성시 팔탄면 신양1길96(205호),88,24511436
58,LNF0045,1,42969,***,내진성능평가 검증 용역(2공구),용역,LNF,제1보병사단,202409251100,F8CED,한국진단공사 주식회사,SASI,이택수,0317588510,"경기도 성남시 수정구 위례서일로6, 5층(창곡동, 우대빌딩)",88.046,59650000
58,LNF0044,1,42968,***,내진성능평가 검증 용역(1공구),용역,LNF,제1보병사단,202409251100,IAB2E,주식회사 리노구조엔지니어링,RE NO STRUCTURAL ENGINEERS,최미란,0236797532,"경기도 과천시 향나무로15-1, 오삼이빌딩 2층(과천동)",88.125,52659040
39,LPC0041,1,42981,***,'24년 병영도서관 및 독서카페 도서 구매,물품,LPC,제25보병사단,202409251100,M06AE,야고보스토어,,김후백,01085990091,"경기도 양주시 덕정11길29,1동 502-2호(덕정동)",90.005,42935618
63,LNF0043,1,42966,***,내진성능평가 용역(5공구),용역,LNF,제1보병사단,202409251100,CC698,주식회사 정우구조엔지니어링,jungwoo st. eng.,이홍재,0314488036,"경기도 안양시 동안구 관악대로454, 7층 (관양동,정우빌딩)",88.004,64354000
63,LNF0042,1,42965,***,내진성능평가 용역(4공구),용역,LNF,제1보병사단,202409251100,K5F8C,현성엔지니어링 주식회사,,김난희,0319947795,"경기도 고양시 일산동구 호수로358-25, 810호 (백석동,동문타워Ⅱ)",88.01,71969000
63,LNF0041,1,42964,***,내진성능평가 용역(3공구),용역,LNF,제1보병사단,202409251100,LA738,주식회사 홈체크,,이길원,0315460845,"경기도 용인시 기흥구 기흥로58, 기흥아이씨티밸리 에스케이 브이1 비동 804, 805, 806, 비325, 비326호(구갈동)",88,67724670
63,LNF0040,1,42962,***,내진성능평가 용역(2공구),용역,LNF,제1보병사단,202409251100,I3725,엘림 주식회사,Elim,김순영,0312129001,"경기도 수원시 영통구 광교중앙로248번길7-7, 이음센터 5층(하동)",88.145,71999400
63,LNF0039,1,42961,***,내진성능평가 용역(1공구),용역,LNF,제1보병사단,202409251100,LA738,주식회사 홈체크,,이길원,0315460845,"경기도 용인시 기흥구 기흥로58, 기흥아이씨티밸리 에스케이 브이1 비동 804, 805, 806, 비325, 비326호(구갈동)",88.137,70049600
4,LHK0051,1,42891,***,두미르 1차 아파트 승강기 유지보수 계약,용역,LHK,제2군단,202409251100,BD184,우전엘리베이터,woojeon elevator,홍덕기,0332556557,"강원특별자치도 춘천시 공단로 16, 영신빌딩 202호(후평동)",88.397,40641051
14,LFK0063,1,42887,***,24년 4분기 조리병 실습재료 구매,물품,LFK,육군종합군수학교,202409251100,L13E9,새벽푸드,,최진숙,0428269092,대전광역시 유성구 유성대로822번길33-0 (장대동) 1층 102호,88.078,35771000
5,LHK0049,1,42644,***,"24년 차량 장방형경광등 세트 ,데칼스티커 구매(2차)",물품,LHK,제2군단,202409251100,EB172,"춘천사랑종합유통,필립스A/S",chunchonsarang,황호석,033-257-9944,강원도 춘천시 후석로 275(),88.306,10331004
3,UMM1140,1,42972,***,24-N-헬기 시동/정비 전원공급장치 제조,물품,UMM,국군재정관리단,202409251100,3529F,현대파워시스템 주식회사,"HYUNDAI POWER SYSTEM CO.,LTD",전용곤,0317640780,경기도 광주시 광여로115-1 (곤지암읍),83.712,635737100
210,UMM1139,1,40816,***,(246340-E) 군인복무기본법 소책자 표지 제작,물품,UMM,국군재정관리단,202409251100,G87D0,주식회사 완산정판,wansan printeck,전태완,0222650240,"서울특별시 중구 서애로6-1 (충무로5가, 인산빌딩)",88.014,80639400
11,LKT0072,1,42942,***,'24~27년 식기세척기 임차 용역,용역,LKT,제1989부대,202409251100,M3BD6,봄앤현,,이희주,01064184479,"충청남도 계룡시 엄사면 번영로113-32 (계룡파라디아), 106동 2303호",87.923,134683580
375,LCF0549,1,41730,***,"스위치,누름식 등 6항목 구매(통신)",물품,LCF,육군군수사령부,202409251100,K6150,석산전자 주식회사,,진희영,031-458-1525,"경기도 의왕시 오전공업길22, 201호(오전동, 동영벤처스텔)",84.343,311150000
58,LKH0029,1,42447,***,00중대 작전대기시설(컨테이너 1동) 제조설치납품,물품,LKH,제6128부대,202409251030,H9935,서원컨테이너하우징,seowonkuncukhousing,박연종,0432182070,충청북도 청주시 청원구 내수읍 구성새동네길79-24,88.01,38996870
123,SDQ0096,2,42689,***,NBR폼코팅장갑 등 25종 구매,물품,SDQ,해군제2수리창,202409251030,JCCFC,경기모아상사,,최현준,0328151336,경기도 평택시 중앙로29 (통복동) 은호빌딩 579호,88.005,8540017
124,SCF0892,1,43009,***,포장비닐 등 30종 구매,물품,SCF,해군군수사령부,202409251030,LA077,미끌,,손지혜,01050204143,경상남도 창원시 의창구 북면 무동서로76-0 110동 902호,88.001,5776200
42,LCH0063,1,42837,***,후반기 소방시설 종합정밀점검 용역(특-24-용-35),용역,LCH,특수전사령부,202409251030,H47AB,주식회사 한국소방,HANGOOKSOBANG CO.,문성호,0317817199,"경기도 성남시 분당구 이매로173, 107호(이매동, 럭키회관)",88.125,30575270
121,SCF0891,1,42999,***,공업용 포장랩 등 3종 구매,물품,SCF,해군군수사령부,202409251030,LB176,미라클스해픈,,박시온,01035596299,"경상남도 창원시 마산회원구 팔용로91, 204동 1802호(합성동, 창원두산위브더센트럴 2단지)",88.001,4626961
5248,SEE0038,1,42894,***,실내사격장 피탄지 고무판 구매설치,물품,SEE,제9해병여단,202409251030,ID8B7,엠제이코리아,,윤지상,07088398230,"인천광역시 계양구 아나지로332, 202동 306호(작전동, 우림카이저팰리스2단지)",88,27562590
35,LPK0018,1,42871,***,24년 병영도서관 도서 추가 구매,물품,LPK,제8기동사단,202409251030,KAC2C,트라치,,정준,01099059808,경기도 포천시 소흘읍 호국로287번길9-24 22-208호,90.017,3060550
52,LGT0082,1,43033,***,'24년 00부대 전시체계 설치사업(24-GP-71),물품,LGT,제2307부대,202409251030,JD7BB,에이치에스물산,,김종수,01093892298,강원특별자치도 속초시 만천7길23-6 (교동),88.053,95525010
6,SCH0142,1,42988,***,대함사격용 저고도 무인기 임차 용역,용역,SCH,해군작전사령부,202409251030,KB637,대영엠엔에스 주식회사,,백승철,0429331140,대전광역시 유성구 테크노9로35-0 (탑립동) 대전지능로봇산업화센터 304호,88.586,37497750
223,SDG0047,1,42973,***,갈비탕 등 6종 구매,물품,SDG,제2002부대,202409251030,10809,(주)인광전기,IK,강성모,0324677657,인천광역시 미추홀구 남주길139 (주안동),88.007,11376206
74,MDR0056,1,42885,***,'24년 000부대 특수식량(습식) 구매,물품,MDR,제9965부대,202409251030,L109E,주식회사 그린테이블,,김흔중,0313723047,"경기도 화성시 동탄광역환승로63-0 (오산동, 동탄역 반도유보라 아이비파크 7. 106동 3층 304호0)",88.001,34201525
870,SCF0890,1,38529,***,비디오 기도삽관기 3대 구매,물품,SCF,해군군수사령부,202409251030,I8FF2,주식회사 한스메디칼,HANS MEDICAL co.,한재희,0313463093,경기도 군포시 고산로148번길17-0 (당정동) 318호,88.238,9756780
5415,SCF0889,1,34564,***,계산기 등 325종 구매,물품,SCF,해군군수사령부,202409251030,KBFED,디와이시스템,,채가희,0519713856,"부산광역시 강서구 명지국제7로111-0, 108동 805호(명지동, 명지더웨스턴)",87.995,22123530
2,MHD0085,2,40234,***,방위사업계약 및 지체상금 제도 선진화 개선방안 연구,용역,MHD,방위사업청(운영지원과),202409241500,L88AE,법무법인 집현전,,봉만수,02-6677-8991,"서울특별시 서초구 반포대로106-0 (서초동) 4, 5층",,36190000
2,MHD0088,1,41619,***,2024년도 방위사업청 대국민 인지도조사 용역사업,용역,MHD,방위사업청(운영지원과),202409241500,L9C1F,(주)엠브레인컨설팅,,강윤모,025685530,"서울특별시 서초구 명달로9, 1층, 7층 (방배동)",,30600000
2,EBH0131,1,8640,***,24년 현궁 모의유도탄 부품,물품,EBH,해상공중전력운영계약팀,202409241400,K2645,(주)경원R&D,,김옥숙,0513044211,부산광역시 사상구 낙동대로1292번길9-0 (삼락동),89.111,339947000
10,LDH0767,1,42776,***,"K21스위치,토글식 1종 구매",물품,LDH,육군종합정비창,202409241300,J1C2B,서진디스플레이 주식회사,,김성구,0266791085,서울특별시 구로구 경인로53길15-0 (구로동) 다동 321호,88.513,637337
3,HCG0045,1,41798,***,24-2024 사천에어쇼 항공우주  체험장 부스설치 용역,용역,HCG,공군본부,202409241100,H086A,주식회사 해울디자인,"Haeuldesign Co.,LTD",김종표,025400063,"서울특별시 송파구 충민로66, L-9006호 (문정동, 가든파이브 라이프) 리빙관",94.542,46117500
11,MDR0052,1,42663,***,24년 소방시설 종합정밀점검 용역,용역,MDR,제9965부대,202409241100,B3988,(주)경기방재소방공사,,이현태,0314788900,"경기도 안양시 동안구 전파로 88, 신원비젼타워 505호(호계동)",88.073,28176950
60,LML0004,1,42359,***,24-2차 00부대 중형 굴삭기 어태치먼트 구매,물품,LML,제3공병여단,202409241100,LA13F,서브넷,,김종섭,01067162004,강원특별자치도 춘천시 부평길7-0 (후평동) 3동-1302호,88.177,22975880
229,MDR0051,1,42660,***,2025년 부대월력 제작,물품,MDR,제9965부대,202409241100,BA69D,크리커뮤니케이션,CREE COMMUNICATION,우경수,0222731775,서울특별시 중구 퇴계로30길9-3 (필동1가),88,31996800
4,LHM0093,1,42696,***,[군-탄-15] 공병대대 수리부속 구매,물품,LHM,제15보병사단,202409241100,L9152,국제,,박찬규,0318274808,"강원특별자치도 화천군 간동면 느릅길25, 1층 02호",94.427,16449300
3,UMM1127,1,42308,***,24-N-00사 기지영상공유시스템 구축 금융리스,물품,UMM,국군재정관리단,202409241100,B179B,롯데캐피탈(주),LOTTE CAPITAL,추광식,0234510099,"서울특별시 강남구 테헤란로 142(역삼동, ARC PLACE) 7층",94.053,251483750
5002,UMM1137,1,40662,***,24-M-비누상자 등 8품목 구매,물품,UMM,국군재정관리단,202409241100,L2A7F,레버넌트23,,최준화,01038210217,서울특별시 관악구 당곡길31-11 (봉천동),87.995,177265500
3539,UMM1135,1,40565,***,(246352-E) 00부대 항공기유도등(라이트건) 구매,물품,UMM,국군재정관리단,202409241100,ME4A5,유틸리제,,이수지,07077700044,인천광역시 연수구 인천타워대로323 (송도동) A동 31층 더블유와이 04호,87.995,51402550
5,UMM1050,1,38690,***,(24F221-A)소음영향도 조사용역,용역,UMM,국군재정관리단,202409241100,D9AD0,한국환경설계(주),Korea Environment Design,김하근,024013825,"서울특별시 송파구 석촌호수로138, 202호 (삼전동)",87.526,174850000
127,UMM1132,1,37517,***,(247060-H)전산자료 보안관리시스템 교체(리스자산),물품,UMM,국군재정관리단,202409241100,HC347,주식회사 성진정보통신,"SUNGJIN INFORMATION COMMUNICATION CO,. LTD",문계철,028397987,"서울특별시 금천구 가산디지털2로98-0 (가산동), 2동 1014호",83.003,945113690
6,UMM1125,1,25477,***,24-N-선체부식방지장치 제조(249124-F),물품,UMM,국군재정관리단,202409241100,B7DB1,주식회사케이씨,K.C.Ltd,손영태,0512502845,부산광역시 강서구 미음산단3로165-0 (미음동),83.277,247004370
601,SCF0888,1,40403,***,"사출기, 제트식 등 20종 구매",물품,SCF,해군군수사령부,202409241030,K42BF,디어유통,,김경민,01093056442,경상남도 창원시 의창구 반계로101 (팔용동) 103동 301호,87.996,125606910
22,HDP0034,1,42737,***,"스탠드 에어컨, 냉방기(160평형) 1종",물품,HDP,공군제19전투비행단,202409241030,M9FDD,써니컴즈,,조현선,01072728449,"충청북도 제천시 용두천로6길14, 2층(남천동)",88.348,23405683
190,LHR0046,1,42518,***,24년 동원훈련장 취사기구 구매,물품,LHR,육군 제37보병사단,202409241030,J7A48,주식회사 학일,,이재원,01022291369,"충청북도 청주시 상당구 쇠내로104번길18, 201호(금천동)",88.001,16043980
14,SFH0118,2,41939,***,24-B-0여단 훈련장 정밀안전점검 용역(도서지역),용역,SFH,제9196부대,202409241030,K851C,주식회사 한국건설기술사사무소,,이승철,0324673670,인천광역시 남동구 서창남로16-28 (서창동) 4층 402-2호,88.272,19127500
28,LHP0039,1,42757,***,경미한 성능개량 사업 상황실 물자(책상) 구매,물품,LHP,제22보병사단,202409241030,D57E1,스쿨디자인 유한회사,"school design.co.,ltd",박병모,0636530030,전북특별자치도 순창군 인계면 인덕로427-91,88.117,16494200
958,SCF0882,1,41985,***,"체인, 합금강 특수강 8,000MR 구매",물품,SCF,해군군수사령부,202409241030,G7B37,마니,money,신동심,0552957783,경상남도 창원시 의창구 북면 동곡로33-0  휴먼빌108-501,90.19,131268500
3,MHD0089,1,41782,***,생성형 AI 서비스 구축 방안 정책연구용역,용역,MHD,방위사업청(운영지원과),202409231500,C58DB,세종대학교산학협력단,Sejong Univ. IACF,권현한,0269352504,서울특별시 광진구 군자동98 집현관 216,,35000000
250,UHD0035,1,42446,***,'24년 군 주거시설 안전점검 용역,용역,UHD,공군 작사예하 방포사예하 제3여단,202409231100,K5F8C,현성엔지니어링 주식회사,,김난희,0319947795,"경기도 고양시 일산동구 호수로358-25, 810호 (백석동,동문타워Ⅱ)",88.001,41666000
7,LHR0045,1,41026,***,24-27년 신병교육대대 병영식당 급식 민간위탁 용역,용역,LHR,육군 제37보병사단,202409231030,BC9A3,주식회사 동원홈푸드,DONGWON,정문목,01025015141,"서울특별시 서초구 마방로68(양재동, 동원산업빌딩)",,11497500000
321,SFN0071,1,42367,***,월동 준비자재 구매(제설함 등 18품목),물품,SFN,연평부대,202409231030,LF931,제이와이솔루텍,,위지영,01084868595,"인천광역시 남동구 호구포로924, 104동 1003호(만수동, 햇빛마을벽산아파트)",88,10249000
910,MCT0050,1,42470,***,얼음정수기 임차계약,용역,MCT,국군체육부대,202409231030,I503A,소영프로젝트,Soyoung Project,정소영,0317751724,"경기도 남양주시 진접읍 해밀예당1로50-47 , 506호 C98(리첸타워)",88.016,59348230
55,MCT0049,1,42471,***,대형정수기 임차계약,용역,MCT,국군체육부대,202409231030,H6B46,한서유통,han seo,한경미,01027389753,"인천광역시 남동구 에코중앙로84번길42-0 (논현동),116-102",88.002,8208010
214,SFG0094,1,42572,***,파로클립 등 447품목 구매,물품,SFG,제9181부대,202409231030,K792D,엔제이이엔티,,정남정,01071441951,"경기도 김포시 김포한강2로229 (장기동, 한강호반베르디움)515동 1102호",88.018,27799500
251,SCK0111,1,42590,***,국악기(사물북 등 5종) 구매,물품,SCK,해군교육사령부,202409231030,JCCFC,경기모아상사,,최현준,0328151336,경기도 평택시 중앙로29 (통복동) 은호빌딩 579호,88.001,9779152
262,HDG0028,1,42665,***,24-92 체력단련장 전동 승용 카트(5인승) 4대 구매,물품,HDG,공군제10전투비행단,202409231030,CBE4B,에이스유통,ACE Inc,이봉준,0226881996,경기도 부천시 경인로575번가길18 (괴안동),88.008,56739500
64,MDK0059,1,42648,***,여행장병 라운지(인천연안여객터미널) 환경 개선 비품,물품,MDK,국군수송사령부,202409231030,M9E64,와이엔,,박유나,01071158581,"인천광역시 연수구 먼우금로282-0 (연수동, 태산아파트), 101-1301",88.018,23302060
233,DSS0049,1,42683,***,발간인쇄재료 구매,물품,DSS,국군제1068부대,202409231030,I23B3,미르산업 주식회사,mirsanup,권혜정,028530085,경기도 광명시 옥길동116~418,88.007,47126981
14,SCP0095,1,42674,***,아이오닉 패드키트-프론트 디스크 브레이크 등 212종,물품,SCP,제8385부대,202409231030,MAF69,동해시스템,,이현미,01022890047,강원특별자치도 동해시 일출로10-0 (발한동) 312호,88.134,26083492
5,LHZ0013,1,41016,***,24-1차 차량냉매 회수/충전기 구매,물품,LHZ,제5767부대,202409231030,CAAB4,강원상사,KWANG WON,김동국,0332422612,강원특별자치도 춘천시 남춘로17-0 (퇴계동),88.778,3921000
367,LHZ0012,1,42554,***,24년 안전물자세트 구매,물품,LHZ,제5767부대,202409231030,M8493,강원테크,,김성수,01051071855,"강원특별자치도 동해시 배골길32-4, 107동 5층 502호(이도동, 동해아이파크)",88.001,9281400
302,MDN0019,1,42546,***,연구활동 재료(실험도구) 구매,물품,MDN,국군화생방방호사령부,202409231030,LB150,헵시바,,김지희,01023152403,경기도 파주시 광탄면 호주골길67,88.005,36751500
16,MDK0058,1,42642,***,캄보디아 공병장비물자 수송관리용역,용역,MDK,국군수송사령부,202409231030,C8440,주식회사 천일로직스,chunil logics,김규달,0426321001,"대전광역시 동구 한밭대로1301, 엔에스빌딩 제1동, 301호(용전동)",88.013,67000000
4,MHD0087,1,40708,***,2024년 방위사업 이러닝콘텐츠 제작,용역,MHD,방위사업청(운영지원과),202409201500,FADBE,주식회사 위지런,WIZI Learn,이기영,0269146330,경기도 광명시 일직로43 (일직동) GIDC B동 2105~6호,,190000000
11,EBH0130,1,4801,***,봉합재조립체 패킹링용 등 수리부속(구매),물품,EBH,해상공중전력운영계약팀,202409201400,GE214,조강테크,CHOKANGTECH,조재만,0517833768,부산광역시 사상구 가야대로196번길63 1층 (학장동),88.064,96537000
343,LDH0755,1,41994,***,(정수) 액상황산알루미늄 구매(2차),물품,LDH,육군종합정비창,202409201330,K19D0,주식회사 오로드,,박인태,07088306082,충청남도 천안시 서북구 신당새터2길15 (신당동),87.995,14776070
2,LDH0760,1,42084,***,"K21 저항기,고정식 등 67종 구매",물품,LDH,육군종합정비창,202409201300,I91F2,지앤와이일렉텍(주),"G&Y Electech Co.,Ltd",김보영,0260911083,서울특별시 구로구 경인로53길15-0 (구로동) 중앙유통단지 가동 3116호,95.764,11994750
270,SCF0887,1,42317,***,"터프컷쏘날 등 1,146종",물품,SCF,해군군수사령부,202409201300,J4F91,다인,,전영례,07042550057,경상남도 창원시 진해구 충장로130번길25 (제황산동),88.071,40749467
45,LCG0084,1,40892,***,[24-육-166] 건설정보모델링용 SW 구매,물품,LCG,육군본부,202409201230,K3BEF,주식회사 비엘엠파트너스,,장동근,07078356118,서울특별시 송파구 법원로8길8-0 (문정동)문정역2차 SK V1 1125-1126호,89.884,41448548
137,LCG0083,1,40893,***,"[24-육-216] 포렌식 SW, 수사장비 등 12종(리스)",물품,LCG,육군본부,202409201230,A7340,(주)제트코,"JETCO Technology, Inc",김한희,025668471,"서울특별시 송파구 송파대로201-0 (문정동) 송파테라타워2 A동 1213,1214,1215,1216,1217,1218호",88.502,101200000
19,EBH0120,2,0350A,***,24년 AM무전기 부품(구매),물품,EBH,해상공중전력운영계약팀,202409201100,M7442,주식회사 오공,,권기순,0315125077,경기도 구리시 수택천로16번길32-0 (수택동),88.243,180500000
1545,UMM1131,1,42417,***,(247312-F) 전산소모품 구매,물품,UMM,국군재정관리단,202409201100,GED7B,이지프라자,easyplaza,김형규,07088098710,"경기도 고양시 일산동구 백석로108번길59-15, 1층 (백석동)",87.995,184945970
12,UMM1126,1,42041,***,(24F071-I)24년 전기안전관리대행 용역,용역,UMM,국군재정관리단,202409201100,DA2E3,(주)무림전기,moorim,박종성,0319038511,"경기도 고양시 덕양구 화중로 32-31, 효원빌딩 507호(화정동)",87.804,22049130
3613,UMM1130,1,39242,***,(246349-F) 인쇄재료 구매,물품,UMM,국군재정관리단,202409201100,JA4A9,예강,,김송현,01027465190,"충청남도 금산군 금산읍 비호산로5-0 , 104동 601호",87.996,69030030
172,UMM1129,1,32597,***,(24F224-I) 숲 가꾸기(벌목) 시공 용역,용역,UMM,국군재정관리단,202409201100,K7B36,산림법인태산 주식회사,,김민재,0413562853,"충청남도 당진시 밤절로132-57, 604호 (수청동, 오션오피스텔)",88.009,284927300
4,UMM1033,1,19918,***,'(24F189-A) 군 사격장 소음영향도 조사 용역,용역,UMM,국군재정관리단,202409201100,FF4F4,주식회사 엔브이티,NVT,정태량,0222315543,"서울특별시 중구 동호로7길41, 2층(신당동)",78.571,1564476392
4,UMM1037,1,18807,***,(24F185-A) 소음영향도 조사용역,용역,UMM,국군재정관리단,202409201100,FF4F4,주식회사 엔브이티,NVT,정태량,0222315543,"서울특별시 중구 동호로7길41, 2층(신당동)",87.109,172975616
534,UAC0032,1,41057,***,디지털인쇄재료 5종 구매,물품,UAC,국방출판지원단,202409201100,FA1A7,우정디자인,wj,김귀화,07075289634,광주광역시 서구 천변좌로90 (농성동),88.015,42542590
380,NIT0020,1,42650,***,마약감정재료 구매 2차,물품,NIT,국방부조사본부,202409201100,K17E4,주식회사 무안유통,,김형균,01031638984,"경기도 평택시 중앙2로13, 6층 602-1-409호(평택동, 센텀스카이)",87.997,52448100
1709,MDG0192,1,41656,***,통신물자(건전지) 구매,물품,MDG,국군의무사령부,202409201100,I57CA,스타일담아,styledama,유진경,01088167102,"서울특별시 성북구 종암로22길12-8, 2층 201호(종암동)",87.999,8829400
1872,MDG0191,1,40889,***,24-5차 의무비품(물리치료용 침대) 구매,물품,MDG,국군의무사령부,202409201100,KA865,세렌디피티,,신소담,01094070549,"경기도 남양주시 다산중앙로145번길15, 8층 801-99호(다산동, 신해센트럴타워 II)",87.995,35271919
153,MDG0188,1,40886,***,24-5차 의무비품(산소포화도측정기 등 4종) 구매,물품,MDG,국군의무사령부,202409201100,H4632,주식회사 대경엠에스,DIBKO,이태경,0532947370,"대구광역시 동구 화랑로147, 2층(효목동)",92.748,5874485
8,LKG0093,1,42410,***,'24년 10~12월 부대계약(빵류) 구매,물품,LKG,육군제53보병사단,202409201100,E4EC4,아이리치베이커리,,정양숙,0557589779,경상남도 진주시 대곡면 진의로612-4,88.201,550103943
2,LGP0144,1,42260,***,"24-2차 특수무기 전력변환기(천마,비호) 외주정비용역",용역,LGP,제1군수지원사령부,202409201100,2886F,(주)이화일렉콤,"E-HWA ELECOMM CO.,LTD.",이정상,0317989800,경기도 광주시 회안대로1061-55 (송정동),87.992,175500000
32,LDA0045,1,42511,***,(D075) 24년 도서관 자동화시스템 구축 사업,물품,LDA,지상작전사령부,202409201100,I86F6,주식회사 동부아이씨티,"DONG BU ICT Co., Ltd.",정진욱,0314240788,"경기도 안양시 동안구 벌말로123, 에이 사무동 611호(관양동, 평촌스마트베이)",88.021,106090300
19,LBA0068,1,42346,***,'24년 ASP 방화지대 구축 용역,용역,LBA,제 2167부대,202409201030,A6B59,여주시산림조합,Yeoju-city Forestry Cooperative,이후정,0318837011,경기도 여주시 삼밭골길10-0 (월송동),88.229,132000000
25,LDG0082,1,42363,***,24년 탄약비군사화시설 위탁운영비 사후정산 용역2,용역,LDG,육군 탄약지원사령부,202409201030,B6914,(사)한국산업경제연구소,kiie,장현우,028888001,"서울특별시 관악구 남부순환로1838, 8층 (봉천동, 씨에스타워)",88.007,15171000
25,LDG0081,1,42362,***,24년 탄약비군사화시설 위탁운영비 사후정산 용역1,용역,LDG,육군 탄약지원사령부,202409201030,FA9FC,재단법인 한국자치제도 평가원,korea insitute system assessment,박효재,0557148070,경상남도 창원시 마산회원구 내서읍 유통단지로33 씨-214비,88.017,15242580
5,SFG0093,1,42135,***,GOP과학화경계시스템 카메라 정비부속품 구매,물품,SFG,제9181부대,202409201030,L90A9,영화산업,,전병욱,01030117001,"경기도 김포시 유현로19-0 (풍무동, 유현마을신동아아파트)",89.719,53870000
27,HCC0128,1,42341,***,볼트 등 9품목(217),물품,HCC,해군제1수리창,202409201030,K62DF,정민솔루션,,이종노,07047721096,"강원특별자치도 동해시 동해대로5464-0 (평릉동), 2층 203-49호",88.019,5536781
655,SCN0142,1,42111,***,의무물자(테가덤 등 207종) 구매,물품,SCN,제7001부대,202409201030,HEDF1,성우약국,SUNGWOOPARMACHY,박명희,01071371454,서울특별시 영등포구 여의대로24 (여의도동) 전경련신축회관 지하 114-2호,88.001,32653880
23,SCN0141,2,42110,***,의약품(타리비드 안연고 등 189종) 구매,물품,SCN,제7001부대,202409201030,M6DDF,우정팜,,조유성,0538110922,"경상북도 경산시 대학로12길14, 3층(정평동, 신성빌딩)",88.077,24886500
1839,SCK0107,1,42378,***,모니터 스피커 등 4종 구매,물품,SCK,해군교육사령부,202409201030,H39A3,주식회사 수피아,"SUPIA Co.,Ltd",정은,0316258969,"경기도 성남시 분당구 성남대로2번길6,738호 (구미동,엘지트윈하우스)",88,16123780
26,LNF0038,1,42365,***,24년 제초용역-D권역,용역,LNF,제1보병사단,202409201030,M71BD,주원조경건설(주),,장혜준,0319420947,경기도 파주시 가람로134번길53-0 (와동동) 535호,88.193,21764194
227,SCK0106,1,42366,***,칼라콘 등 101종 구매,물품,SCK,해군교육사령부,202409201030,G739B,선우블라인드 커튼,Haetsalnamu Distribution,김수진,0552647960,"경상남도 창원시 성산구 외동반림로126번길28, 지하1층 102호(중앙동)",88.007,11424910
46,SFG0092,1,42280,***,아세트아미노펜정 등 130품목 구매(의약품),물품,SFG,제9181부대,202409201030,E186F,주식회사 한스피엠아이,HANS P.M.I Corp.,한경아,0313463092,경기도 군포시 고산로151번길28-0 (당정동) 403호,88.104,39732620
147,SFD0081,1,42421,***,24-P-브리핑체계 이전/신규 용역,용역,SFD,제9227부대,202409201030,A1A25,주식회사 에이치아이티,HIT,정종식,0542310083,경상북도 포항시 북구 달전로85번길7-74 (흥해읍),88.014,69670760
9,SFD0082,1,42423,***,24-P-소방작동 기능점검 용역,용역,SFD,제9227부대,202409201030,I5115,주식회사 동원소방방재,dongwonsobangbangjae,윤정부,0546240219,경상북도 경주시 현곡면 구산서원길15-8,88.068,30568700
67,LCG0086,1,42267,***,[24-육-226] 육군훈련소 안전홍보관 설치 용역,용역,LCG,육군본부,202409201030,DB389,(주)경남종합개발,Kyung Nam,서경남,0314111289,경기도 안산시 단원구 적금로65-0 (고잔동). 306호,88.027,35596320
10,SCP0094,1,42464,***,HD-R1 ICE MAKER FILTER 등 27종 구매,물품,SCP,제8385부대,202409201030,C8A0C,영동문구센타,youngdong,이석순,033-531-4931,강원특별자치도 동해시 동굴로 153-2(),88.016,4214983
21,HCC0127,1,42302,***,에폭시 접착제 등 2품목(218),물품,HCC,해군제1수리창,202409201030,M3842,범스토리,,채범준,01063366252,"강원특별자치도 동해시 동해대로5464, 2층 203-23호(평릉동, 광진자동차정비)",88.062,738730
253,SCK0110,1,42409,***,강관 파이프커터 등 53종 구매,물품,SCK,해군교육사령부,202409201030,MD0C0,성일테크,,김성일,01045100725,경상남도 창원시 마산합포구 구산면 구산로475-145,88.004,19375875
59,SCP0093,1,42461,***,회색페인트(반광) 등 21종 구매,물품,SCP,제8385부대,202409201030,M3878,우리에이치제이,,안희준,01042637376,"강원특별자치도 동해시 일출로10, 3층 303호(발한동)",88.035,24889000
1366,SCK0108,1,42385,***,연주용의자 등 2종 구매,물품,SCK,해군교육사령부,202409201030,M2236,비즈멤버스컴퍼니,,박영배,01033347818,서울특별시 영등포구 도신로9길10-1 (대림동),88,12891750
28,SFC0104,1,41522,***,24-덕-체 타석 휴게의자 구매,물품,SFC,제9691부대,202409201030,E8E46,동진상사,dong jin sang sa,윤영현,07070792933,"경기도 평택시 평택5로34번길48, 402호(합정동)",99.128,2700000
33,SCK0105,1,41515,***,공기청정기 필터 6종 제조 납품,물품,SCK,해군교육사령부,202409201030,J4A42,(주)조은필텍,,이정숙,0519725222,부산광역시 강서구 녹산산단361로42-0 (송정동),88.08,13043300
3,SCF0886,1,42314,***,'24년 다중복합감시체계 유지보수 용역,용역,SCF,해군군수사령부,202409201030,D7D06,주식회사 우리별,"Wooribyul Co., Ltd",이정석,0319807500,경기도 김포시 양촌읍 황금1로89 (학운리2962),86.516,351288000
32,SCF0881,1,37833,***,'24년 함정 기관실 청락/도장 용역,용역,SCF,해군군수사령부,202409201030,HBEE5,센텀환경 주식회사,"CENTUM ENVIRONMENT CO., LTD",이형재,0514673500,부산광역시 중구 중앙대로136-0 (중앙동4가) KT중부산빌딩 5층,88.404,369598000
2,SCF0876,2,37370,***,잠수함(SS-I) 자동시동기(20kW) 정비,물품,SCF,해군군수사령부,202409201030,G638A,주식회사 일성이엔지,"ILSEONG ENG CO.,LTD.",오세만,0514127038,부산광역시 영도구 대교로2번길22-6 (봉래동3가) 2층,85.823,73315000
2,SCF0884,1,33749,***,"AOE-I 추진기관 R-3(24,000H) 총분해정비",물품,SCF,해군군수사령부,202409201030,B63EB,주식회사종합해사,JONGHAP MARITIME INC.,정규화,0514137701,부산광역시 영도구 남항남로22-0 (남항동3가),92.807,6289800000
485,LQG0067,1,42533,***,(육성) 00부대 진공청소기 등 8종 구매 납품,물품,LQG,육군 52보병사단,202409201030,M9950,주식회사 지유노,,전재희,0415688814,충청남도 천안시 서북구 백석공단4길15-0 (백석동),88.258,34028922
32,LQG0066,1,42520,***,(육성) 00부대 야전배낭 제조 납품,물품,LQG,육군 52보병사단,202409201030,KE585,주식회사 에프엔서플라이,,박재성,0269538087,"경기도 고양시 덕양구 꽃내음1길94 (향동동), 상가1층",88.003,35868720
8,LQG0065,1,42460,***,(육성) 예비군기동대 감시정찰용 드론 제조 납품,물품,LQG,육군 52보병사단,202409201030,H973F,주식회사 니어스랩,Nearthlab Inc.,최재혁,01028598915,"서울특별시 송파구 정의로8길9, AJ 빌딩 3층",88.464,65759900
66,LQG0064,1,42448,***,(육성) 24년 검문소 경량화 물자 제조 납품,물품,LQG,육군 52보병사단,202409201030,K8847,탑에스씨,,이승은,07070079007,"서울특별시 영등포구 여의대방로43나길12, 1층 (신길동)",88,62086000
133,LBB0034,1,42180,001,'24-7차 민수용 작전식량 구매,물품,LBB,육군제7789부대,202409201030,FA6F9,주식회사 삼양소방,sam yang so bang,백승준,0318712622,"경기도 포천시 소흘읍 호국로484번길68-4 , 1층",83.008,4095
13,SCG0027,1,41883,***,한컴오피스 Web 구매,물품,SCG,해군본부,202409191100,I86F6,주식회사 동부아이씨티,"DONG BU ICT Co., Ltd.",정진욱,0314240788,"경기도 안양시 동안구 벌말로123, 에이 사무동 611호(관양동, 평촌스마트베이)",88.237,19004134
29,UAC0034,1,42194,***,2024년 3차 전산운영용품 구매,물품,UAC,국방출판지원단,202409191100,KDFB4,오피스 유통,,주민정,01022291369,충청남도 계룡시 엄사면 번영3길73-12 (삼진아파트),88.018,6258190
1223,UAC0033,1,42193,***,인쇄용지 2종 수시 구매(모조지120gA 등 2종),물품,UAC,국방출판지원단,202409191100,ID8BA,수컴퍼니,,조윤정,01033942978,"경기도 수원시 팔달구 고등로15, 103동 902호(고등동, 수원역푸르지오자이)",88.005,30713000
190,SFJ0015,1,42103,***,나일론 매듭실 등 51종 구매,물품,SFJ,제2112부대,202409191100,HFA5E,희경상사,Hee Kyung,나재기,01066224171,"경상북도 포항시 북구 새천년대로1235-0 (장성동, 두산 위브 더 제니스)108동3103호",88.006,7158660
19,SCG0028,1,42000,***,24-우수 장병 국외시찰 용역,용역,SCG,해군본부,202409191100,M356E,주식회사 경남물산,,정금연,0548574249,"경상북도 안동시 대석길31, 2층(대석동)",88.668,36275000
11,LHN0070,1,42168,***,24년~27년 식기세척기 임차 용역,용역,LHN,제7보병사단,202409191030,M3BD6,봄앤현,,이희주,01064184479,"충청남도 계룡시 엄사면 번영로113-32 (계룡파라디아), 106동 2303호",88.113,168176360
220,SFM0078,1,41718,***,부력조절기(싱글) 구매,물품,SFM,제3170부대,202409191030,M867B,허주,,허나영,01057176359,"경상북도 구미시 형곡로1길8-7 (형곡동, 센트레빌)",88.008,83825830
288,SCQ0095,1,42246,***,자동확산소화기 등 2종 구매,물품,SCQ,제9911부대,202409191030,M30F1,파워코퍼레이션,,윤종현,01063979515,"경기도 광주시 삼지곡길12-4 (삼동, 자연과사람) B동 301호",88,18289180
1779,SCQ0094,1,42245,***,목장갑 등 40종 구매,물품,SCQ,제9911부대,202409191030,E03B2,프로덕트블루,designSF,서동필,0312697766,경기도 수원시 권선구 서부로1534 (고색동),88.004,20380770
1193,LKQ0024,1,42247,***,도서관 환경개선 물품 구매,물품,LKQ,육군항공학교,202409191030,I29AA,보나상사,보나상사,김미영,05023767243,대구광역시 달서구 월배로80길116-0 (송현동),88,9401940
237,SCQ0093,1,42190,***,견인식브로워 구매,물품,SCQ,제9911부대,202409191030,K2642,레버너스,,이상중,01071654601,"경기도 부천시 원종로66번길49,  201호",88,24694220
369,LHN0069,1,42118,***,24년 독서카페 도서 구매,물품,LHN,제7보병사단,202409191030,LFA30,바르게 쓰임,,김정희,01031542227,강원특별자치도 원주시 소초면 텃골길16-13,90.001,17957389
11,LHP0038,1,42080,***,24년 내진 성능 평가 검증 용역,용역,LHP,제22보병사단,202409191030,I824A,주식회사 삼원기술,samwongisul,박경희,0335348773,"강원특별자치도 동해시 중앙로162, 3층(천곡동)",88.198,7806000
27,LDG0079,1,42072,***,24년 하반기 토양오염도 검사 용역,용역,LDG,육군 탄약지원사령부,202409191030,L145E,재단법인 지구환경연구소,,김무훈,027620293,서울특별시 중랑구 신내역로111 (신내동) B동 지하1층 145~149호,88,14126200
50,SDQ0094,1,42687,***,형강 등 17종 구매,물품,SDQ,해군제2수리창,202409191030,L4BDF,봉화물산,,유승현,010-8181-3657,"경기도 평택시 중앙2로13, 4층 401-F01호 비즈니스센터센텀(평택동, 세텀스카이빌딩)",88.013,33628600
8,MFL0009,1,42541,***,'24년 ~ '27년 oo부대 비데 임차용역,용역,MFL,합동참모본부,202409191030,LA147,워터즈,,김범석,0216447534,경기도 용인시 수지구 동천로285 (동천동),88.102,9455425
7,MFL0008,1,42550,***,'24년 ~ '29년 oo부대 얼음정수기 임차용역,용역,MFL,합동참모본부,202409191030,D2EDA,(주)한성바이오테크,hansungbiotech,김재경,025877972,"서울특별시 강남구 개포로25길18 (개포동, 1층)",88.328,20502306
92,LMR0050,1,42661,***,145정보대대 무정전 전원공급기(UPS) 구매,물품,LMR,제5군단사령부,202409191030,A7026,주식회사 제이에스 이엔지,JS ENG CO.LTD,조성제,0319907233,경기도 화성시 남양읍 하나문길7-18,88.005,30386437
79,LKQ0023,1,42065,***,시뮬레이터 외주정비 사후원가 검증용역,용역,LKQ,육군항공학교,202409191030,B1E57,재단법인 한국산업관계연구원,,임승택,025882162,"서울특별시 금천구 디지털로173, 504호(가산동, 엘리시아지식산업센터)",88.025,14309300
178,SFH0119,1,42233,***,24-B-접이식테이블 등 8품목 구매 납품(도서지역),물품,SFH,제9196부대,202409191030,I5777,태광일렉컴,TAEGWANG elekcom,노가영,01041677681,"인천광역시 계양구 봉오대로441, 2동 305호(효성동, 새사미아파트)",88.004,5180450
1813,LPS0008,1,42132,***,24년 전투장구류(헬멧소독기)구매,물품,LPS,제60보병사단,202409191030,HF734,디에이치산업,DH industry,심대현,01043407749,"경기도 의정부시 경의로70, 4층 A729호 (의정부동, 진한빌딩)",88.001,42348900
71,HCQ0069,1,42129,***,24-275 후방카메라 등 8종,물품,HCQ,공군제5공중기동비행단,202409191030,H83CB,태강인터내셔날,Taekang International,김재관,01088975680,"부산광역시 남구 무민사로13, 판테라오피스텔 1320호",88.017,26043910
60,LKD0068,1,42089,***,24년 후반기 사단 물탱크 청소 용역,용역,LKD,제32보병사단,202409191030,EFEC2,금강그린텍,geumganggreenteck,김용일,0426230066,대전광역시 대덕구 신탄진로660-0 (평촌동),88.009,9617000
4,LDG0078,1,41888,***,폐수처리시설 집수조 청소 및 슬러지 처리 용역,용역,LDG,육군 탄약지원사령부,202409191030,K0738,주식회사 에버,,반재영,01074008119,경기도 남양주시 진접읍 팔야로124번길46,88.234,17118000
249,SDQ0095,1,42688,***,"시동기, 전동기용 구매",물품,SDQ,해군제2수리창,202409191030,LB5FB,채은유통,,이미연,01047751278,"경기도 시흥시 진말로36, 120동 704호 (장곡동, 진말 대우 아파트)",88.009,19166920
3,MCD0065,1,39914,***,2024년도 군 주거지원 만족도 조사,용역,MCD,국방부(운영지원과),202409131700,H7889,주식회사 에스에이컨설팅,"SA Consulting co,. LTD",윤지성,0220388390,서울특별시 영등포구 영중로65-4 (영등포동6가) 4층,,16400000
2,MCD0066,1,40129,***,24년 국방민원서비스 만족도 조사 연구,용역,MCD,국방부(운영지원과),202409131700,E482A,알앤알컨설팅 주식회사,"R&R Consulting Co.,Ltd",조희아,0234843026,"서울특별시 서초구 신반포로303, 101호 (잠원동, 에스엘빌딩)",,34000000
6,MCD0067,1,40256,***,안전하고 신뢰할 수 있는 AI활용 국방가이드라인 연구,용역,MCD,국방부(운영지원과),202409131600,M457C,주식회사 와이매틱스,,방준성,0220572023,"대전광역시 유성구 죽동로321-0 (죽동, 죽동금성백조예미지), 102동 201호",,36946000
9,EBB0329,1,0927,***,고속상륙정(LSF-I) 외주 창정비,물품,EBB,지상공통전력운영계약팀,202409131100,GD7A0,씨엠코리아(주),cm koera,최덕락,0512623554,부산광역시 사하구 감천항로405번길14-0 (구평동),86.507,10113778290
123,LCN0057,1,41999,***,24년 전관방송용 앰프 구매,물품,LCN,육군사관학교,202409131100,D9FA0,주식회사 범산,"BUMSAN Co., Ltd.",변동희,0319218899,"경기도 고양시 일산서구 일산로662, 503호 (대화동, 하나로프라자)",88.069,18583342
6,LNR0023,1,40307,***,사단 작전지휘시설 신축사업 선행연구 용역,용역,LNR,수도기계화보병사단,202409131030,E33A6,(사)국방시설연구협회,kooksiyon,정주교,0317528708,"경기도 성남시 수정구 복정로84번길 22-15,(B-001호) (복정동)",50.052,48700000
21,MDS0015,2,41040,***,00000 감시장비(CCTV) 제조 구매,물품,MDS,제3707부대,202409131030,EE57E,주식회사 제노시스,ZENOSYS,송지윤,0317132339,경기도 성남시 분당구 판교로700-0 (야탑동)분당테크노파크E동 508호,88.039,35067606
78,MCX0057,1,42005,***,24-자운대 출입통제체계장비 구매(설치포함),물품,MCX,자운대근무지원연대,202409131030,D2900,주식회사 시큐뱅크,Secu Bank,심재춘,0226240061,"서울특별시 금천구 가산디지털1로 145, 에이스하이엔드타워 3차 1201호(가산동)",88.01,36688249
1811,LPF0075,1,41936,***,24년 예비군 육성지원(동계작전모) 구매,물품,LPF,제51보병사단,202409131030,I26DE,한국인프라관리 주식회사,Seungyeon Corpartion,임승연,07046491151,경기도 용인시 기흥구 죽전로10(보정동) 6층 601-53호,88.003,25764510
119,MCN0028,1,41915,***,'24년 UPS 장비 및 배터리 검사 외주정비 용역,용역,MCN,국방부근무지원단,202409131030,FB17F,주식회사 융창,YUNG CHANG,이재진,07087007868,서울특별시 영등포구 선유로70 (문래동3가) 우리벤처타운2 505호,88.01,39665900
38,LHN0068,1,41783,***,24년 병영도서관 환경개선 비품 구매,물품,LHN,제7보병사단,202409131030,M4AA7,지지유통,,김희준,01050488199,강원특별자치도 동해시 일출로10-0 (발한동) 3층 월드비즈타운 314호,88.017,9809661
25,UAB0059,1,41551,***,국군복지단 치악학사 안전점검 용역,용역,UAB,국군복지단,202409121700,H6CD1,(주)세화안전진단건축사사무소,Crop.Sehwa Safety test Architects&Engineers,박영규,0332430071,강원특별자치도 춘천시 후석로420번길7-0 (후평동) 춘천하이테크타워 8층 824호,88.007,4356900
9,LDH0745,1,41351,***,K9자주포 연결기(4978) 구매,물품,LDH,육군종합정비창,202409121300,I5028,모아컴,MORECOM,이상주,031-8039-6060,서울특별시 송파구 양산로12 (거여동) 세신거여훼미리타운 303호,88.067,3630000
106,UMM1124,1,25152,***,(247041-H)출입통제체계 구축 사업,물품,UMM,국군재정관리단,202409121100,BA96B,주식회사 우형정보통신,WOOHYUNG,김복녀,0324243348,"인천광역시 남동구 함박뫼로347번길162, 403호 (남촌동)",87.995,156679873
104,LFK0062,1,41743,***,24-3차 전산운영용품 구매,물품,LFK,육군종합군수학교,202409121100,J5B19,파란,,전동숙,01067323933,"대전광역시 동구 흥룡로71번길86 ,401호 (가양동, 동신빌라)",88.008,5627600
10,LHM0090,1,41840,***,15사단 38-1대대 실내체욱관 신축 공사(건축)(재해),용역,LHM,제15보병사단,202409121100,K6645,대한건설안전기술원 주식회사,,정진욱,0317848417,"경기도 화성시 동탄첨단산업1로27-0 (영천동) 비동2852,2853(금강펜테리움IX타워)",88.204,20860880
2254,LCN0056,1,41735,***,24년 2차 시설물 유지보수 자재 구매,물품,LCN,육군사관학교,202409121100,LD534,유부자,,유동윤,01032478317,"경기도 파주시 심학산로385-0 (목동동, 운정신도시 센트럴 푸르지오)1014동 1004호",88,10436800
170,UMM1120,1,41189,***,(246047-B1)대형차량 운전교육 시뮬레이터 구매 설치,물품,UMM,국군재정관리단,202409121100,M346A,영재유통,,윤채영,01033414045,"경기도 시흥시 신흥마을1길37, 101동 1405호(신천동, 상아아파트)",82.996,634705880
35,UMM1117,1,39997,***,24-M-00장비 네트워크 연동장비 도입,물품,UMM,국군재정관리단,202409121100,E1BC8,(주)우리넷,WOORI-NET,김광수,0312765101,경기도 안양시 동안구 시민대로353-0 (관양동),94.094,130614000
1812,UMM1116,1,37689,***,24-N-탑승식 습식 청소차 구매,물품,UMM,국군재정관리단,202409121100,K7364,아주,,민연자,07077865007,"경기도 평택시 청북읍 안청로4길17, 201호",87.995,71010000
7,LCF0544,1,40193,***,K9 자주포 전기전자시험장비 운영체제 개선 재료 구매,물품,LCF,육군군수사령부,202409121030,G7FAE,주식회사 케이에스씨앤씨,KSCNC CO LTD,조원채,0312817889,"경기도 용인시 기흥구 동백3로11번길33,801-26호 (중동,새롬프라자)",88.191,43025400
214,SCF0879,1,41841,***,슈퍼그립장갑 등 61종 구매,물품,SCF,해군군수사령부,202409121030,J656E,제이예스,,정진승,01090999514,"경상남도 창원시 마산회원구 봉암공단로6, 1층 136호-A135호(봉암동, 마산산업용재백화점)",88.011,10246520
369,LFC0064,1,41794,***,24-6차 교육물품(유성볼펜 등 7품목) 구매,물품,LFC,육군훈련소,202409121030,L9C27,키다리상사,,김기순,07076129238,"충청남도 청양군 장평면 묵은논길67, 1층",88.005,50551500
1022,LGP0141,1,41770,***,24-2차 디지털 인쇄재료 구매,물품,LGP,제1군수지원사령부,202409121030,K4B80,꽃길유통,,박정화,01082626585,"경상남도 창원시 의창구 반계로104-9 (팔용동, 팔용벽산블루밍A단지) 201동 2003호",88.002,69335050
111,SCF0877,1,40430,***,"(긴급) 압축기, 왕복식 1종",물품,SCF,해군군수사령부,202409121030,HC427,제일테크,JEILTECH,김문길,0512656997,부산광역시 사하구 다대로613-0 (다대동) 자유마트 220호,95.978,5230500
146,LKT0071,1,41487,***,24년 10~12월 부대조달 급식품목(식육가공품) 구매,물품,LKT,제1989부대,202409121030,G41EB,시온코리아,,길봉진,0215887754,경기도 성남시 분당구 야탑로145-0 (야탑동),83.006,236591100
5,LDC0021,1,41222,***,K-4발사기 LCD모듈 제조 및 교체,물품,LDC,육군과학화전투훈련단,202409121030,M7B86,주식회사 지투오,,권일균,0313260276,경기도 용인시 처인구 남사읍 원암로21-4,88.183,79299990
8,LKT0065,1,37255,***,‘24~27년 신병교육대대 병영식당 급식 민간위탁,용역,LKT,제1989부대,202409121000,C3AB7,(주)아워홈,"OURHOME CO.,LTD.",김태원,0802347575,서울특별시 강서구 마곡중앙10로91(마곡동),,10676250000
12,EBH0123,1,2873,***,24년 비호 포체계 수리부속(구매),물품,EBH,해상공중전력운영계약팀,202409111400,H58AB,주식회사 엔미디어솔루션,N-media solution,이근식,01042405887,"인천광역시 계양구 계산새로71, 비동 310호(계산동, 하이베라스)",84.404,1148254919
174,LCF0539,1,38715,***,"클램프,호스용 등 49항목 구매(궤도-025)",물품,LCF,육군군수사령부,202409111130,LF11D,에스씨(SC) 테크윈,,박효연,0553462568,경상남도 김해시 한림면 김해대로916번길113,96.916,61923400
6,LCF0546,1,41395,***,"스프링,스위치 등 12항목 제조(총포)",물품,LCF,육군군수사령부,202409111130,L0FB5,에스엔더블유테크,,명노헌,0517141295,부산광역시 강서구 가리새2로13번길14-0 (생곡동),88.787,2920300
299,DSS0047,1,41147,***,안보관 음향시스템 개선사업,물품,DSS,국군제1068부대,202409111100,C61BA,엠에스원디지털 주식회사,"MSONE DIGITAL Co.,Ltd",하동순,0269338988,"서울특별시 영등포구 양평로149-0, 1106호 (양평동5가)",87.995,931316316
4,LFK0061,1,41685,***,2연대 영내 우수배관 준설 용역,용역,LFK,육군종합군수학교,202409111100,AA801,(주)새움,saeum,장재석,0538119901,"경상북도 경산시 경산로 120, 한창빌딩 2층(사정동)",88.064,8804190
57,SCG0026,1,41560,***,에너자이저 건전지 등 330종 구매,물품,SCG,해군본부,202409111100,ID2CE,주식회사 월성,,이희석,07044539559,충청남도 계룡시 엄사면 번영3길91-0 (대동황토방아파트)제상가동 205호,88.123,38276700
304,UMM1123,1,41641,***,(246301-F) 기지국 무전기 등 5종 구축사업,물품,UMM,국군재정관리단,202409111100,DFFAE,다산정보통신(주),"Dasan Information Comm. Co.,Ltd.",구성철,0315597320,"경기도 남양주시 화도읍 소래비로13번길43-1 ,2층",87.999,148292700
85,UMM1119,1,41182,***,(247055-H)종합심사낙찰제입찰금액심사프로그램구매,물품,UMM,국군재정관리단,202409111100,CB418,(주)아이디어정보기술,idea information technology,유흥배,028502595,서울특별시 구로구 디지털로34길55-0 (구로동),98.25,325600000
27,UMM1118,1,40938,***,24~26-N-유도무기 교육훈련장비(GMTT) 유지보수 용역,용역,UMM,국군재정관리단,202409111100,B64B0,(주)이젠정보통신,EGENIC,이동필,028352993,"서울특별시 구로구 디지털로31길41-0 (구로동, 이앤씨벤처드림타워6차) 601호",87.784,153171870
84,UMM1115,1,39597,***,24-M-00대사 얼음정수기 임차용역,용역,UMM,국군재정관리단,202409111100,E515B,필립시스템,philipsystem,김재롱,01037345656,경기도 김포시 대곶면 대곶북로158번길1-0 204호(창고동),85.495,245769300
126,UMM1122,1,37784,***,(246329-E) 육군달력 후가공 제조 납품,물품,UMM,국군재정관리단,202409111100,K8B53,디자인단풍 주식회사,,정명효,0552554348,경상남도 창원시 마산회원구 회성시장2길131-0 (회성동),88.039,54438000
78,UMM1087,2,37057,***,(246311-E) 분석용 고성능 PC등 2품목 (리스자산),물품,UMM,국군재정관리단,202409111100,CEFA2,(주)컴트리,Comtree inc.,이숙영,028584582,"서울특별시 금천구 가산디지털1로30,1712호 (가산동,에이스하이엔드타워10차)",88.09,110255000
868,UMM1114,1,36384,***,24-F-고출력 증폭기 1품목 구매,물품,UMM,국군재정관리단,202409111100,H6D5D,주식회사 게이트웨이,Gateway.co.ltd,이현주,03118991161,경기도 양주시 화합로1710번길12-0 (옥정동) B127호,88.003,107407840
1,MDW0021,1,40440,***,25년 생도피복(맞춤피복) 제조구매,물품,MDW,국군간호사관학교,202409111100,J9A8E,하디코퍼레이션,,김형문,029300209,"서울특별시 노원구 덕릉로115길8, 3층(상계동)",98.349,242950000
2719,MDG0187,1,40392,***,부수장비(바코드프린터) 구매,물품,MDG,국군의무사령부,202409111100,J19CC,상켐,,박상문,01065551550,전북특별자치도 군산시 요죽안1길61-8 (오식도동),87.996,14890000
2,LPC0040,1,41568,***,25사단 사령부 간부숙소 신축 관급자재(타일) 제조,물품,LPC,제25보병사단,202409111100,F4C67,(주)한주세라믹스,"HANJU CERAMICS CO.,LTD",박효진,0637828000,전북특별자치도 순창군 풍산면 풍산로94-27,88.7,30500000
2,LKD0067,1,41450,***,육-00부대 전투원용 무전기 체계 제조/납품,물품,LKD,제32보병사단,202409111100,C4A1C,주식회사 중앙첨단소재,,김영신,07050154884,"경기도 안양시 동안구 시민대로115, 5층 503호 (호계동)",88.942,126140730
2,EBH0128,1,0380A,***,기갑병헬멧부품(구매),물품,EBH,해상공중전력운영계약팀,202409111100,M6DFD,에스와이알(SYR),,박서영,01038789108,충청북도 음성군 원남면 보천로61,92.055,72111000
2,EBB0326,1,7250F,***,40미리 연습탄 파라핀 지환통,물품,EBB,지상공통전력운영계약팀,202409111100,D3C15,(주)오성지관,"O SUNG PAPER TUBE MFG.CO.,LTD",오형수,0318587092,경기도 양주시 칠봉산로337번길11 (봉양동),86.098,84104200
248,SFH0116,1,41678,***,24-B-연료여과기필터 등 180품목 구매 납품(도서지역),물품,SFH,제9196부대,202409111030,I9429,주식회사 대한플랜트,"DAE HAN PLANT Co.,Ltd.",김상철,01071457919,"인천광역시 연수구 송도미래로30, 이동 1906호 (송도동, 송도스마트밸리 지식산업센터)",88.012,40756000
176,LFR0012,1,41687,***,24년 후반기 교육예산(2차) 물품 구매,물품,LFR,육군기계화학교,202409111030,JE7CD,(주)부민산업,,사부환,01088800078,광주광역시 서구 회재로1081(풍암동),88.001,17572000
45,HCC0124,1,41644,***,"펌프 등 2품목(210,212)",물품,HCC,해군제1수리창,202409111030,JFB9B,청아철물설비,,김주희,010-7224-5200,강원도 동해시 단봉길23 (북평동),88.009,5032200
29,LFC0063,1,41513,***,24년 36차 의료기재(냉각시트) 구매,물품,LFC,육군훈련소,202409111030,J0E01,다을상사,,정상훈,01074493040,충청남도 논산시 해월로259번길23 (대교동) 105동 701호,88.048,23191600
1362,LMH0058,1,41692,***,[B180] 24년 호국훈련 워게임장비 전산용품 구매,물품,LMH,제7군단,202409111030,L86E6,온새미로,,이인경,01037520980,경기도 군포시 군포로601번길8-1 (당동),88.002,17540567
23,LMH0057,1,41689,***,[B179] 24년 호국훈련 워게임장비 임차용역,용역,LMH,제7군단,202409111030,K9A32,주식회사 순수팩토리,,신지원,023712101,경기도 고양시 덕양구 삼원로40-1 (삼송동),88.077,41621860
11,LPN0011,1,41688,***,00부대 포상 탄약고 노후 출입문 제조설치,물품,LPN,수도군단,202409111030,J01AB,주식회사 청수이엔씨,,이근수,0319868751,경기도 김포시 통진읍 월하로301번길176-0,88.046,64877000
65,LHN0067,1,41501,***,작전대기시설 보수 자재(판넬 및 벽지) 구매,물품,LHN,제7보병사단,202409111030,L913E,남산,,구정희,01097224808,"강원특별자치도 화천군 간동면 느릅길25, 1동 1층 103호(1)",88.019,18173290
46,HCC0125,1,41668,***,"신나 등  8품목(213,214,215)",물품,HCC,해군제1수리창,202409111030,K9120,듀이,,이명교,01058295000,강원특별자치도 동해시 동굴4길6 (천곡동) 201호,88.025,7540120
4,SDL0032,1,41661,***,"24-00대대 재해예방기술지도(전기,소방,통신)",용역,SDL,재경근무지원대대,202409111030,M8DCC,올바른안전기술원,,조병찬,02-2213-2384,"서울특별시 동대문구 장안벚꽃로107, 105동 401호(장안동, 장안현대홈타운)",89.087,6157300
7,SDL0031,1,41658,***,"24-00대대 재해예방기술지도(건축,기계)",용역,SDL,재경근무지원대대,202409111030,MAD5E,주식회사 한국안전101,,박명희,027031101,"서울특별시 금천구 서부샛길534 (가산동), 4층 407호",88.032,3447040
112,SCI0111,1,41652,***,"베어링, 볼형, 환상형 등 6종 구매",물품,SCI,제9121부대,202409111030,J4F91,다인,,전영례,07042550057,경상남도 창원시 진해구 충장로130번길25 (제황산동),88.002,34215657
2,SCN0138,1,41546,***,건조 겸용 세탁기 2대 구매,물품,SCN,제7001부대,202409111030,L02B4,제이앤제이 이엔지,,노선영,0512911220,부산광역시 강서구 명지국제8로30-0 (명지동),94.698,1149500
89,SFH0117,1,41679,***,24-B-취사시설 청소 용역(도서지역),용역,SFH,제9196부대,202409111030,E0787,주식회사 신진환경,sinjin,이향순,0324668383,"인천광역시 남동구 장승로48-0, 2층(만수동)",90.04,50898580
4,MHD0077,1,36177,***,우주무기체계 효율적 획득 및 운영을 위한 발전방향,용역,MHD,방위사업청(운영지원과),202409101500,F3522,국방대학교산학협력단,KNDU R and DB Foundation,문호석,0418316361,충청남도 논산시 양촌면 황산벌로1040,,54915000
835,HDK0027,1,41405,***,"24-269, 정보통신대대, 백신중계서버 구축",물품,HDK,공군제11전투비행단,202409101330,I77E8,엘케이에스(LKS),LKS,이경수,0319089603,"경기도 고양시 일산동구 호수로646-24,  209-4호(장항동, 위너스21-II)",88,29808550
2,LDH0727,2,38880,***,(자재) 경창캐스터 등 18종 구매,물품,LDH,육군종합정비창,202409101300,BD105,선우상사,,도경호,051-319-3915,"부산광역시 사상구 괘감로 37, 산업용품상가 27-228(괘법동)",94.701,5150000
6,LDH0743,1,40494,***,발칸 케이스 구매,물품,LDH,육군종합정비창,202409101300,HDC98,세진테크,sejinteck,변규익,031-521-2195,"경기도 남양주시 경춘로337번길, 102-1304(도농동,효성 해링턴타워)",88.663,20675500
129,LCG0081,1,40894,***,[24-육-203] 모바일 포렌식 SW 5종 구매(리스물건),물품,LCG,육군본부,202409101230,K603F,주식회사 혼정보통신,,유정아,0423480540,대전광역시 중구 동서대로1218-0 (태평동) 7층,88.131,34689445
125,LCG0082,1,40895,***,[24-육-219] 자동차(외산)포렌식 분석 KIT(리스),물품,LCG,육군본부,202409101230,DC906,(주) 솔포스텍,"SOLPOSTECH CO., LTD.",오문진,0215880349,"서울특별시 송파구 송파대로24길5-6 (가락동,1층)",94.591,45562000
8,EBB0324,1,1629A,***,K55송풍기(신형),물품,EBB,지상공통전력운영계약팀,202409101100,0776F,주식회사 동성전기,"DongSung Electric Machine Co., LTD",김상완,0553424403,경상남도 김해시 진영읍 서부로123번길 18(),87.923,558511000
50,LHQ0045,1,41443,***,24년 후반기 인쇄기/복합기 재료 구매,물품,LHQ,제2작전사령부,202409101100,JD2DE,신화닥터그린,,이희섭,0537678718,"대구광역시 수성구 수성로51길5, 2층(중동)",91.178,43793500
55,SCG0024,1,41440,***,계산기 등 580종 구매,물품,SCG,해군본부,202409101100,K00E1,주식회사 청폄,,엄지은,01052330054,충청남도 계룡시 엄사면 계룡대로518,88,38105230
21,LGP0139,1,41248,***,"24년 화력, 특수무기 외주정비 원가계산 검증 용역",용역,LGP,제1군수지원사령부,202409101100,B6914,(사)한국산업경제연구소,kiie,장현우,028888001,"서울특별시 관악구 남부순환로1838, 8층 (봉천동, 씨에스타워)",88.12,6194000
5933,SCG0023,1,41337,***,네이비 티셔츠 3종 구매,물품,SCG,해군본부,202409101100,M29AE,연주테크,,박영미,01048783854,"경상남도 창원시 성산구 외동반림로219-0 (반림동), 102동 1204호",88,42213440
4,MFK0013,1,41219,***,청정소화기 등 5종 구매,물품,MFK,제9912부대,202409101100,M34BD,주식회사 헤이치 인 헤이치(H in H),,허희은,07040127700,서울특별시 강남구 영동대로738-0,99.219,4240000
242,UMM1113,1,40980,***,(247050-H)지리공간정보가시화 체계 서버보강,물품,UMM,국군재정관리단,202409101100,L4A23,원케어,,김광연,01043793833,"서울특별시 강동구 명일로13길15, 2층 201호(둔촌동, 탑스빌딩)",88.011,50727320
283,UMM1105,1,40680,***,24-F-생성형 AI 개발용 기반체계 구매,물품,UMM,국군재정관리단,202409101100,B0A5B,주식회사 경기방재,"GYEONG GI BANG JAE CO., LTD.",최대현,0318711119,경기도 의정부시 의정로110번길 15(),83.008,533240408
207,UMM1107,1,34037,***,24-M-해강안경계부대 중소초급 상황실 개선(리스자산),물품,UMM,국군재정관리단,202409101100,K663A,주식회사 에스앤브이테크,,김용석,029970015,"서울특별시 도봉구 노해로397-15 (창동, 백상빌딩) 1106호",98.098,141535800
2084,MHP0015,1,39491,***,2차 발굴물자 구매납품,물품,MHP,국방부유해발굴감식단,202409101100,L4BBF,주식회사 참좋은,,배지희,01055785900,"경기도 평택시 중앙2로13, 602-1-655호(평택동, 센텀스카이)",87.997,15738677
5,LPC0039,1,41072,***,24년 식기세척기 임차용역,용역,LPC,제25보병사단,202409101100,JEEC6,에스지원,,김성진,02-6205-2020,"경기도 하남시 미사강변한강로135, 나동 0622호(망월동, 미사강변스카이폴리스)",86.073,317885000
216,LMP0038,1,41276,***,24년 제초용역(신병교육대대 훈련장),용역,LMP,제3보병사단,202409101100,B8935,(주)유한조경개발,"YooHahn Landscape Development Co.,Ltd",정인규,0322046255,"경기도 부천시 소사구 옥길로124, 1005호(옥길동, 문영 퀸즈파크 C)",87.996,40515023
42,HCG0044,1,38738,***,24-공군 전투실험 및 M&S 발전 세미나 행사대행 용역,용역,HCG,공군본부,202409101100,G5681,(주)포컴,"forcom Co.,Ltd.",김종철,024237723,"서울특별시 송파구 충민로66(문정동, 가든파이브라이프9층티-9088호)",87.75,23502150
3,EBB0325,1,9470A,***,보병전투차량용 등,물품,EBB,지상공통전력운영계약팀,202409101100,MAAA6,주식회사덕인,,장남인,0553851151,경상남도 양산시 유산공단3길33-0 (교동),88.01,74250000
7,EBB0323,1,4956A,***,2024 화학탐지장비세트(K-CAM2) 수리부속(일반),물품,EBB,지상공통전력운영계약팀,202409101030,C0636,주식회사 와이어블(Wiable Corp.),KRTnet Corporation,김문환,0220773145,"서울특별시 송파구 법원로11길28, 10층, 11층, 12층(문정동, 비케이타워)",84.076,805894694
39,SCI0110,1,41338,***,락스 등 45종 구매,물품,SCI,제9121부대,202409101030,C262C,대인종합상사,,이용재,010-5566-5658,경상남도 창원시 진해구 여명로 52(),88.036,2363760
1004,LNJ0007,1,41419,***,병영도서관/독서 카페 도서 구매,물품,LNJ,육군 제1포병여단,202409101030,K701B,나무컴퍼니,,이선임,0313460508,"경기도 수원시 권선구 금곡로140번길73, 901동 1903호 (호매실동, 극동스타클래스)",90,20139300
11,HCC0123,1,41432,***,알곤캡 등 16품목(24-04),물품,HCC,해군제1수리창,202409101030,C0914,(주)동건,DONG GUN CO.,윤영현,0332422612,강원특별자치도 동해시 전천로245-2 (북평동),88.195,6631000
281,SCK0103,1,41343,***,노트북 거치대 등 115종 구매,물품,SCK,해군교육사령부,202409101030,C262C,대인종합상사,,이용재,010-5566-5658,경상남도 창원시 진해구 여명로 52(),88.003,17917380
15,HCC0122,1,41285,***,"니퍼 등 103품목(24-03,24-04)",물품,HCC,해군제1수리창,202409101030,JAA31,주식회사 다온종합상사,,윤정우,01063743031,"강원특별자치도 동해시 효가동효자로 708-2 ,2층",88.072,6922431
87,SFL0035,1,41413,***,마약검사키트 추가구매,물품,SFL,제3283부대,202409101030,GF96D,해외대정 트레이딩,overseas book,김경혜,0538147785,경상북도 경산시 대정동328-1,88.018,41523290
421,SCQ0092,1,41396,***,자충에어매트 구매,물품,SCQ,제9911부대,202409101030,L4A50,디엔지유통,,조창현,01096801253,"경기도 동두천시 생연로28, 306동 203호(지행동, 부영아파트)",88.002,7915140
11,SCP0092,1,41461,***,배터리 등 13종 구매,물품,SCP,제8385부대,202409101030,JFB9B,청아철물설비,,김주희,010-7224-5200,강원도 동해시 단봉길23 (북평동),88.027,8454430
1530,SDF0139,1,41384,***,스팀멸균테이프 등 67종 구매,물품,SDF,제5738부대,202409101030,LBDCE,주식회사 케이씨글로벌,,권주은,01084011323,충청북도 청주시 청원구 충청대로113 (율량동),88.001,32138000
30,MDQ0014,1,41157,***,흡인기 등 13품목 구매,물품,MDQ,국군의무학교,202409101030,KDC8A,서우컴퍼니,,서경희,01031496283,"대전광역시 유성구 자운로157번길132, 912동 102호 (신봉동, 자운대아파트9단지)",88.719,19799500
44,HCC0121,1,41271,***,"창문 등 3품목(207,208,209)",물품,HCC,해군제1수리창,202409101030,K63E8,준컴퍼니,,이은서,07047890055,강원특별자치도 동해시 동해대로5464-0 (평릉동) 2층 203-51호,88.033,4892147
24,SFC0103,1,41265,***,복사용지 구매,물품,SFC,제9691부대,202409101030,K50BB,주식회사 칼라투,,김동국,07070792933,"경기도 고양시 덕양구 중앙로558번길16-16, 308-A호(행신동, 능곡종합프라자)",88.003,2108800
1590,SFC0101,1,40463,***,의무장비[혈액가스 분석기(휴대용)] 구매,물품,SFC,제9691부대,202409101030,KFD70,주식회사 원스타,,신범수,07044154123,"경기도 안산시 단원구 광덕3로145-5, 3층 301-66호 (고잔동)",87.996,11035600
483,SCF0871,1,41227,***,이동식 공기 압축기 구매,물품,SCF,해군군수사령부,202409101030,G7B37,마니,money,신동심,0552957783,경상남도 창원시 의창구 북면 동곡로33-0  휴먼빌108-501,92.485,8282000
460,SCF0867,1,40582,***,"커플링,축용,고정식 등 33종 구매",물품,SCF,해군군수사령부,202409101030,L454C,정욱,,김교욱,01053619588,"강원특별자치도 원주시 흥업면 북원로1600, 108동 303호 (남원주 두산위브)",83.023,269359870
6,SCF0873,1,40344,***,닻 1EA 제조,물품,SCF,해군군수사령부,202409101030,M2E84,동창원산업(주),,정창,0553459455,경상남도 의령군 용덕면 의합대로123-7,88.115,79100000
141,SCF0872,1,40143,***,해병대 10Kw 발전기 세트 구매,물품,SCF,해군군수사령부,202409101030,L76C9,주식회사 서화테크,,최영식,029436346,서울특별시 성북구 아리랑로19길111-0 (정릉동),90.592,6044280
640,SCF0869,1,38619,***,"시일조립체,굴대용,용수철 부하식 1종 구매",물품,SCF,해군군수사령부,202409101030,K9ACE,팜컨설팅,,황계숙,01050258456,"경기도 시흥시 진말로10, 121동 601호(장곡동, 진말대우3차아파트)",87.997,35386000
7,SCF0874,1,37379,***,"군악,의장 행사단화류 제조",물품,SCF,해군군수사령부,202409101030,GCC9E,(주)한양어패럴,"HAN YANG APPAREL CO.,LTD",심홍규,0226713418,서울특별시 구로구 경인로53길90-0  1108호(구로동),88.09,17560000
2171,SCF0870,1,36768,***,에어컨 가스 회수 충전기 4EA 구매,물품,SCF,해군군수사령부,202409101030,IC97E,영신상사,,박재완,01032433015,경기도 부천시 원미로177번길21-0 (원미동),87.995,18537320
379,SCF0868,1,36767,***,폭발물처리반 작전복 등 6종 구매,물품,SCF,해군군수사령부,202409101030,L6BFB,주식회사 마크온탑,,신승자,07076039643,서울특별시 영등포구 여의대방로43나길10-1 (신길동)  1층,88.39,33732021
319,MDR0050,1,40453,***,'24년 000부대 육포 구매,물품,MDR,제9965부대,202409101030,M14B3,나나아울렛,,김수나,01025806391,"경기도 안산시 상록구 해양4로31, 109동 2804호(사동, 그랑시티자이)",87.998,60842680
13,LPG0020,1,41077,***,작전대기시설 컨테이너 제조/구매,물품,LPG,제5보병사단,202409101030,B79A9,영림산업주식회사,"younglimindustry  Co. , Ltd",최영문,0319381520,경기도 고양시 덕양구 무원로6번길12-0 (행신동) 대흥빌딩 303호,88.645,128146300
140,LKP0135,1,40554,***,'24년 4분기 부대계약부식(식자재) 구매,물품,LKP,5군수지원사령부,202409101030,HBCE0,(주)아워홈 동서울영업소,"OURHOME CO.,LTD.",김태원,0269669758,경기도 광주시 초월읍 산수로642-27,82.999,4666220935
1,LHQ0043,1,38636,001,24년 낙동강전승행사 도시락 제조납품,물품,LHQ,제2작전사령부,202409101030,I4E66,주식회사 씨엠케이푸드,CMK FOOD,윤민환,0537628292,대구광역시 수성구 지범로48길30 (범물동),0.019,8000
7,LBA0066,1,40526,***,‘24년10~12월 부대조달부식(돈가스 8품목) 제조/구매,물품,LBA,제 2167부대,202409101030,MA7F1,지푸드(G-FOOD),,정재천,0316115806,경기도 평택시 청북읍 청오로405-15,88.623,542909000
19,HCF0212,1,40712,***,광전송장비 유지보수,용역,HCF,공군군수사령부,202409101030,CB836,신아시스템 주식회사,SINASYSTEM Corp.,신장화,0552565125,"경상남도 창원시 의창구 읍성로 110,  신아빌101호(소답동)",87.939,86366002
2388,HCF0210,1,40574,***,피아식별용 IR 2종 구매,물품,HCF,공군군수사령부,202409101030,MDDD6,바로정,,백지환,07077700044,"인천광역시 서구 봉오대로270 (가정동) 201동 6층 603호(가정동, 루원시티2차 SK Leaders' VIEW)",87.996,36419030
2,EBH0126,1,2090H,***,24년 통신쉘터용 냉난반기 정비,물품,EBH,해상공중전력운영계약팀,202409091100,AED00,주식회사 동흥하이랙,"Dong Heung Hi-RAC Co.,Ltd.",김하일,0221138484,"서울특별시 금천구 벚꽃로 254, 월드메르디앙 벤처센터 709호(가산동 60-24)",88.322,301409580
17,LHM0087,1,41108,***,[군-탄-12] 다목적트랙로더 솔 구매,물품,LHM,제15보병사단,202409091100,L9152,국제,,박찬규,0318274808,"강원특별자치도 화천군 간동면 느릅길25, 1층 02호",88.123,18021300
13,LHM0089,1,41243,***,24년 00부대 내진성능평가 용역,용역,LHM,제15보병사단,202409091100,JA121,주식회사 연이앤씨건축사사무소,,김창식,0337460076,"강원특별자치도 원주시 양지로80 (반곡동) , 9층 802호",88.109,28505177
6,LHM0088,1,41128,***,군-탄-13 중거리카메라 등 2건 구매,물품,LHM,제15보병사단,202409091100,FCF64,주식회사 삼성이엔지,sseng,나병학,0334424005,강원특별자치도 화천군 하남면 공단길38-0,88.167,27667358
4,LNT0028,1,40834,***,소화기 2종 구매,물품,LNT,제28보병사단,202409091100,M9EB3,해온,,김광자,010-5003-0227,"경기도 양주시 옥정동로2길20, 305동 1307호(옥정동, 제일풍경채 옥정)",88.095,7123600
779,UMM1108,1,35990,***,24-M-취사장 후드 청소용역,용역,UMM,국군재정관리단,202409091100,CCE3E,광평산업주식회사,KPSO,이필숙,0552464050,"경상남도 창원시 마산합포구 오동동10길 56, 가고파오피스텔115호(오동동)",87.996,101735900
18,SFC0100,1,40488,***,24-덕-도청탐지시스템 유지보수 용역,용역,SFC,제9691부대,202409091100,G9278,셀코정보기술 주식회사,SELKOR INFORMATION TECHNOLOGY,임윤정,01043840193,서울특별시 도봉구 도봉로169나길78(도봉동),87.985,60463370
31,LCJ0050,1,40780,***,(24육군-용역020)자동화창고 스태커크레인 정비 용역,용역,LCJ,종합보급창,202409091100,L0AE1,주식회사 주은테크,,김만영,028653993,"경기도 광명시 오리로651번길8. 3층 318호(하안동,현대테라타워광명)",89.913,87871490
2,HDS0008,2,37146,***,무기체계 레이다 특성을 고려한 작전성 검토기준 정립,용역,HDS,공군미사일방어사령부,202409091100,C1198,광운대학교산학협력단,KUIACF,정영욱,029405004,"서울특별시 노원구 광운로1길60 (월계동), 304호",,36020000
13,EBH0124,1,3020,***,24년 케이블조립체(탐지3호용)(제조),물품,EBH,해상공중전력운영계약팀,202409091100,D762D,(주)범한네트웍스,BumHan Networks,김성혜,0515232212,부산광역시 기장군 기장읍 배산로56번길26-19,85.547,219722000
15,HCG0039,2,38983,***,통합훈련관리체계(TIMS) 유지보수 SW 구매,물품,HCG,공군본부,202409091030,G04ED,농업회사법인(주)푸른샘,puleunsaem,이익수,0548236162,경상북도 안동시 거드실길6-0 (임하면),99.107,27300000
9,SCQ0090,1,41245,***,고압세척기 등 2종 구매,물품,SCQ,제9911부대,202409091030,GEE84,불토스,firetos,조순덕,031-965-4380,"경기도 고양시 덕양구 마상로97-18, 103동 501호(주교동, 나라블루빌)",96.296,4155000
10,LGT0081,1,41134,***,"'24년 K급,이산화탄소 소화기 구매(24-GP-69)",물품,LGT,제2307부대,202409091030,MACE5,세한종합전기유통 주식회사,,박창훈,0337351222,강원특별자치도 원주시 소초면 장수1로232-3,88.34,4188582
25,LGT0080,1,41094,***,"'24년 예비군 육성,지원사업(야전배낭) 구매(24-MP-5)",물품,LGT,제2307부대,202409091030,L6BFB,주식회사 마크온탑,,신승자,07076039643,서울특별시 영등포구 여의대방로43나길10-1 (신길동)  1층,88.346,10253350
473,DSS0046,1,41029,***,24-3차 도서구매,물품,DSS,국군제1068부대,202409091030,EDD9E,아이엠비(IMB),아이엠비(IMB),문점숙,010-6678-5011,경기도 안양시 만안구 삼덕로63번길31-0 (안양동),90,3072760
4,SDF0138,1,41264,***,비밀캐비넷,물품,SDF,제5738부대,202409091030,JD579,푸른샘,,이익수,054-823-6162,"경상남도 창원시 마산합포구 월영동로8 (해운동, 대동씨코아)",96.406,1420000
27,SDF0137,1,41267,***,홈스타 욕실용 등 44종 구매,물품,SDF,제5738부대,202409091030,ID3EB,대경솔루션,,신윤석,01051884845,"경상북도 포항시 남구 해동로37, 2층 209호 대경솔루션(해도동)",88.029,3972400
34,SDF0136,1,41266,***,세필 보드마카 등 143종 구매,물품,SDF,제5738부대,202409091030,K6528,연동상사,,전희정,01089561221,"경상북도 포항시 남구 오천읍 원동로34, 1층 중간",88.096,1073370
622,LHD0039,1,41253,***,과학화경계시스템 UPS배터리 교체설치(X076),물품,LHD,제21보병사단,202409091030,EA71A,주식회사 명인전력,SW,이두석,0535671654,"대구광역시 서구 달구벌대로1855, 제2호(내당동)",88,83298978
139,SCQ0091,1,41251,***,병영도서(회복탄력성 등 85종) 구매,물품,SCQ,제9911부대,202409091030,J6B69,누누인터내셔널,,박경아,01032629120,경기도 남양주시 수동면 입석2길19-5,90.002,1382270
12,LDF0016,1,41220,***,3분기 교육훈련예산 자산취득비,물품,LDF,육군정보통신학교,202409091030,H2463,삼화문구오피스태평점,samhwa office taepuyng,김장하,042-524-6900,대전광역시 중구 평촌로111-0 (태평동),88.418,33184200
438,LPG0021,1,41090,***,[사-군수]24-1차 취사장 관리용역 세출예산 계약,용역,LPG,제5보병사단,202409091030,HB191,주식회사청담,chungdahm,이종혁,01086286304,경기도 시흥시 마유로446번길44 (정왕동)107(정왕동),88.019,42198940
604,MCT0048,1,41177,***,남자축구 훈련용품(골키퍼 훈련용품 등 6종)구매,물품,MCT,국군체육부대,202409091030,M9432,구구코리아,,박미영,01023265491,"서울특별시 성동구 왕십리로21마길13, 2층(행당동)",88,8644420
100,MCT0047,1,41165,***,사이클부 훈련용품(에어로헬멧 등 3종)구매,물품,MCT,국군체육부대,202409091030,CB354,명지사,MAUNGJISA,최용호,0222749181,서울특별시 마포구 성산로2길55-0 (성산동),94.369,11000000
636,MCT0046,1,41141,***,태권도 훈련용품(태권도 화 등 7종)구매,물품,MCT,국군체육부대,202409091030,IE9CD,성준기업,,정안선,01032519597,"충청남도 천안시 서북구 불당26로77 (불당동, 천안 불당 지웰 더샵) 103-603",88.003,11020540
303,SFH0115,1,41181,***,24-B-목재 등 8품목 구매 납품,물품,SFH,제9196부대,202409091030,LC46F,다온,,신보경,01091734973,"인천광역시 남동구 장승남로82 (만수동, 현대아파트)101-405",88.002,18595390
1991,MCT0045,1,41133,***,레슬링부 운동용품(튜브 등 7종)구매,물품,MCT,국군체육부대,202409091030,LD1FF,비너스타,,최샛별,01082092694,"경기도 화성시 메타폴리스로42, 9층 902호 (반송동, 디앤씨빌딩)",88,7616850
516,SFG0091,1,41174,***,병영 독서카페용 도서 구매,물품,SFG,제9181부대,202409091030,H558B,스카이피아,SKY PIA,문하늘,07088398230,"인천광역시 미추홀구 길파로27번길11-1 (주안동, 태양연립)가동 201호",90.002,42408210
7,LNT0029,1,41211,***,'24~'25년 얼음정수기 임차용역,용역,LNT,제28보병사단,202409091030,CE308,고은상사,goeun,김진웅,0318641519,경기도 동두천시 평화로2349번길8-9 (생연동),88.13,43493090
5,LDH0739,1,40496,***,통신 트랜지스터(37A206469) 구매,물품,LDH,육군종합정비창,202409061300,I5028,모아컴,MORECOM,이상주,031-8039-6060,서울특별시 송파구 양산로12 (거여동) 세신거여훼미리타운 303호,88.378,26401705
122,MDD0103,1,38858,***,2024년 외과장비운영소모품(5-2) 19품목 구매(2),물품,MDD,국군수도병원,202409061200,GA28E,주마메디칼,jumamedical,김정희,0315291919,경기도 남양주시 진접읍 금강로1553-21 (신우아파트) 상가 112호,88.419,34264700
631,UAC0031,1,40692,***,2025년 월력 인쇄용지 구매,물품,UAC,국방출판지원단,202409061100,ACC15,세풍지업상사,,정헌화,0426278333,대전광역시 동구 태전로 56-9(),88.531,147204000
12,SEE0035,1,41022,***,심폐소생술 마네킹 구매,물품,SEE,제9해병여단,202409061100,FD1AF,주식회사 메디시온,MEDICION,김경호,03180761190,경기도 고양시 덕양구 삼막1길3(오금동),96.941,4839000
83,LCN0054,1,40973,***,24년 육군박물관 역사관 기타유지물자(스크린 등)구매,물품,LCN,육군사관학교,202409061100,K905A,주식회사 세운정보기술,,홍세희,0325825552,"인천광역시 동구 방축로83번길23, 12동 208호(송림동,산업유통센터)",88.011,17048000
4,LHM0086,1,40979,***,24년 부대비품 냉난방기 구매,물품,LHM,제15보병사단,202409061100,JBEFE,드림즈,,박미경,01046792856,"강원특별자치도 화천군 화천읍 옹기점길17-3, 103동 1401호(화천 건영 아모리움)",96.818,9550000
370,UMM1104,1,40657,***,(246062-G) 24년 00기동대대 전시체계 구축(리스자산),물품,UMM,국군재정관리단,202409061100,A1420,대신네트웍스(주),"DaeShin Networks Co.,Ltd.",장우혁,0536008000,"대구광역시 달서구 달서대로 559, 이앤씨이노비즈타워 606호(신당동)",87.996,126120830
96,UMM1101,1,37235,***,(247057-H)음성분석시스템 개선사업(리스자산),물품,UMM,국군재정관리단,202409061100,A7840,(주)미디어큐브,MediaCube,김재경,025348408,서울특별시 강남구 논현로136길16 (논현동),97.613,136576000
5,LCF0523,2,40280,***,운송 및 저장용기 1항목 제조(일장-제조-014),물품,LCF,육군군수사령부,202409061030,MD43E,코스모검사기술,,정지민,010-3198-1927,경상남도 김해시 한림면 안곡로520-2,88.811,25344432
128,SFD0080,1,41042,***,24-P-평창 00훈련장 슬로프 제초 용역,용역,SFD,제9227부대,202409061030,AC093,성일건설(주),sungil,홍정아,0334610161,강원특별자치도 인제군 북면 원통리1660-2번지,88.001,22265750
62,LGP0138,1,41031,***,24년 후반기 물탱크 청소 용역,용역,LGP,제1군수지원사령부,202409061030,DF324,주식회사 원동,wondong,이재영,0314022004,"경기도 안산시 단원구 광덕동로61,412(고잔동, 중앙프라자)",88.103,5348990
21,LCT0010,1,40996,***,24년 3분기 전문도서 구매,물품,LCT,육군포병학교,202409061030,MAA74,바라유통,,박민아,01024782017,전라남도 해남군 산이면 건촌길75,90,1443465
26,LFN0033,1,41019,***,24년 2차 제초관리 용역,용역,LFN,육군3사관학교,202409061030,M4294,(주)대금조경건설,,박금희,0543355007,"경상북도 영천시 고경면 호국로434-14 , 1층",88.177,35070500
65,LCF0535,1,40902,***,"절연체, 열차단용 등 36항목 구매(일장-031)재",물품,LCF,육군군수사령부,202409061030,F769A,더펜상사주식회사,THE PEN,고혜숙,0518320067,부산광역시 강서구 미음산단로139번길9 (구랑동),88.029,27044200
2,EBH0121,1,9005J,***,24년 비호 주전원공급기 정비,물품,EBH,해상공중전력운영계약팀,202409051500,F6A71,금광테크 주식회사,"GUMKWANGTECH CO.,LTD.",김민준,0553228301,"경상남도 김해시 주촌면 농소리622-3,골든루트로130번길12-1",87.373,1341000000
3,ELA0026,2,0029,***,조준장치(81mm박격포-Ⅱ용),물품,ELA,화력총괄계약팀,202409051500,F7886,(주)우경광학,"Woo Kyung optics co.,ltd.",류재복,0314955319,경기도 안산시 단원구 해봉로330번길 8,88.329,46800000
17,SCF0866,1,38862,***,"노말, 헥산 등 53종",물품,SCF,해군군수사령부,202409051300,I5E80,주식회사 진성하이텍,JINSUNG HITEC,조종열,0555525665,"경상남도 창원시 마산합포구 해안대로91, 상가 205호(해운동, 경민시티빌)",88.009,10755700
186,LFC0062,1,40529,***,`24년 육훈소 2차 제초관리 용역,용역,LFC,육군훈련소,202409051100,E39D0,(주)다림조경,dalimland,이은용,0413636690,충청남도 당진시 합덕읍 남부로1693-0,88.002,109722871
23,MDN0018,1,40795,***,휴대용 질량분석기 헬륨카트리지 2종 구매,물품,MDN,국군화생방방호사령부,202409051100,K41B3,해솔상사,,남예주,010-2537-8452,"경상북도 칠곡군 북삼읍 북삼로2길37, 3층 307호(우림하이츠)",89.191,10601540
5,LDA0044,1,40730,***,00시설 피난설비 설치납품,물품,LDA,지상작전사령부,202409051100,03461,선진건영 주식회사,"Sunjin Gunyoung Co., Ltd.",차재선,0312820119,"경기도 용인시 기흥구 신구로56-0, 303호 (구갈동)",88.15,13061740
96,MCD0064,1,40811,***,국군의날행사 기념품(자일리톨 캔디) 구매,물품,MCD,국방부(운영지원과),202409051100,LC05F,주식회사 윌리엄자일리톨,,강유주,0517274125,부산광역시 기장군 장안읍 오리산단2로67,92.151,14260000
88,LHQ0044,1,40858,***,2024년 7867부대 제초용역,용역,LHQ,제2작전사령부,202409051100,H7EDA,삼호건설산업 주식회사,Samho construction co.,김명진,0425348012,대전광역시 중구 계룡로874번길14-0 (오류동),88.04,12695300
3,MDR0047,2,40008,***,24년 특수건강검진(야간근무자) 용역,용역,MDR,제9965부대,202409051100,D0B9C,의료법인 효산의료재단,samhospital,이대희,0314634373,경기도 안양시 만안구 삼덕로9-0 (안양동),88.209,19497300
435,UMM1106,1,40689,***,(247058-H)음향장비(대출력 앰프) 노후교체,물품,UMM,국군재정관리단,202409051100,C6E92,에스텍아이앤씨 주식회사,STECH INC,박길현,0424872421,대전광역시 유성구 문지로272-37 (문지동),82.995,598526295
137,UMM1109,1,38800,***,(246341-F)병영생활플래너 표지 제조,물품,UMM,국군재정관리단,202409051100,E3BDC,에이스기획,,백명기,0422571482,대전광역시 동구 태전로 27(),87.996,134153390
5249,UMM1110,1,38082,***,(246339-D) 생도 스포츠복류 구매,물품,UMM,국군재정관리단,202409051100,LEC75,시온유통,,송현주,01040193429,"대전광역시 중구 목동로37, 117동 1103호(목동, 목양마을아파트)",87.995,104641345
52,UMM1097,1,37790,***,(246332-E) 경호부대 특정지역 대테러(기동)복류 제조,물품,UMM,국군재정관리단,202409051100,BE8FA,(주)보광아이엔티,"BOGWANG I&T Co., Ltd.",차순자,0535519901,대구광역시 서구 국채보상로20길24-0 (중리동),88.04,85355337
36,UMM1111,1,36998,***,(246314-E) 생도피복(직위장류 등 4품목) 제조,물품,UMM,국군재정관리단,202409051100,E9163,주식회사티그리스,TIGRIS.CO.LTD,김미경,0512048051,부산광역시 사하구 을숙도대로651-0 (신평동) 2층,88.001,72086000
301,UMM1008,2,35086,***,(247322-C) 2인승 동력 PG 구매,물품,UMM,국군재정관리단,202409051100,M6DFD,에스와이알(SYR),,박서영,01038789108,충청북도 음성군 원남면 보천로61,88.846,55424333
10,LKF0061,1,40838,***,24년 00부대 식기세척기 임차용역,용역,LKF,제6755부대,202409051100,M3BD6,봄앤현,,이희주,01064184479,"충청남도 계룡시 엄사면 번영로113-32 (계룡파라디아), 106동 2303호",87.794,112123050
279,LFC0061,1,40720,***,24년 10~12월 경쟁계약품목(부식류) 구매,물품,LFC,육군훈련소,202409051100,KCC14,주식회사 파파콜렉션,,박영일,01032547040,"서울특별시 은평구 응암로12길15 (응암동, 지층 제2동 비101호)",83.01,854411677
279,LFC0060,1,40715,***,24년 10~12월 가공후식(이온음료 등 4품목) 구매,물품,LFC,육군훈련소,202409051100,KA372,주식회사 씨앤푸드,,이상민,0537163578,"경상북도 경산시 펜타힐즈2로9, 5층 504호(중산동, 펜타힐즈엠타워)",83,442941359
1,DSS0039,1,35650,001,표창부상품(손목시계) 제조납품,물품,DSS,국군제1068부대,202409051030,FA72E,도우덱인터내셔날 주식회사,"DODEC INTERNATIONAL CO.,LTD",이병조,023232384,"인천광역시 부평구 부평대로337, 제이타워3차 339호 (청천동)",97.754,43800
228,SCH0140,1,40897,***,24-65호 샤워실 환풍기 등 91종 구매,물품,SCH,해군작전사령부,202409051030,J5B38,제이유텍,,강쥴리,01098075579,경상남도 창원시 마산회원구 합포로274 (양덕동) 4층 401-D6호,88.002,11426600
4,SFM0073,2,39929,***,폴리머탄창 구매,물품,SFM,제3170부대,202409051030,F5C38,주식회사 케이씨아이,"KCI co.,ltd",장동수,0319340266,경기도 파주시 탄현면 방촌로879번길42-3,88.277,10600000
45,HCC0120,1,40792,***,"안전밸브 등 11품목(196,199,200)",물품,HCC,해군제1수리창,202409051030,L7479,수지유통,,최수지,01062487950,"강원특별자치도 동해시 서동로721-6, 1층(신흥동)",88.013,15283690
56,HCC0119,1,40783,***,공구킷트 등 4품목(197),물품,HCC,해군제1수리창,202409051030,L6896,퓨어시스템,,김정희,01051021856,"강원특별자치도 동해시 배골길32-4 (이도동, 동해아이파크) 107동 5층 2호",88.014,14404000
42,LHD0037,1,40581,***,"24-17차 의약품, 의료기재 등 구매(X073)",물품,LHD,제21보병사단,202409051030,I3284,(주)웨이즈파트너스,,서윤석,0222423383,서울특별시 동대문구 장한로10길9-0 (장안동) 1층,88.023,18665980
87,LFC0059,1,40710,***,24년 34차 의료기재(카테터 등 48품목) 구매,물품,LFC,육군훈련소,202409051030,CB7F9,안진팜,anjinpam,백승근,0418587031,충청남도 공주시 백미고을길 14-7(),88.039,23674150
223,SCH0141,1,40898,***,24-66호 이글바인더(A5) 등 287종 구매,물품,SCH,해군작전사령부,202409051030,JB8D7,주식회사 피케이,,박근호,07047723010,경상남도 창원시 성산구 연덕로184번길28 (내동)3동2층6호7,88.016,12544500
226,SCH0139,1,40896,***,24-64호 멀티 케이블 탐색기 등 304종 구매,물품,SCH,해군작전사령부,202409051030,L69EB,셀박스,,양찬우,01033451475,경상남도 창원시 성산구 중앙대로104 마이우스빌딩 1412호,88.005,13630943
534,SFN0070,1,40777,***,체력단련기구(바닥매트) 구매,물품,SFN,연평부대,202409051030,I9F47,뉴테크정보통신 주식회사,"NEWTECH Information & Communication Co.,Ltd.",정대웅,0325555028,인천광역시 계양구 당미1길43-3 (동양동) 101호,88.003,17396460
228,SCI0109,1,40595,***,복사용지 등 296종 구매,물품,SCI,제9121부대,202409051030,MADFB,피앤지(PNG),,이한규,0552567768,"경상남도 창원시 의창구 동읍 동읍로196, 107동 508호(칠성그린아파트)",88.002,9938360
12,SCN0137,1,40481,***,라면조리기 구매,물품,SCN,제7001부대,202409051030,HF48E,예광,yeagwang,이예진,0552537889,"경상남도 창원시 마산회원구 팔용로89, 104동 11층 1103호(합성동, 창원두산위브더센트럴 1단지)",91.133,3477000
21,SCL0042,1,40823,***,'24-00학교 소방 점검용역,용역,SCL,해군사관학교,202409051030,C8860,주식회사 경남소방엔지니어링,gyeong nam fire safety eng,강종만,0552446119,"경상남도 창원시 마산합포구 무학로523-0 (교방동, 해동검도)",88.236,15944940
6,LMR0048,1,40498,***,24년 라돈 저감시설 설치건물 라돈 측정 용역,용역,LMR,제5군단사령부,202409051030,JC360,주식회사 우리이앤티,,신효영,0316083374,"경기도 성남시 수정구 위례광장로322, 722-723호(창곡동, 아이플렉스)",88.02,7748150
1033,SCF0863,1,38535,***,해군 목재선반 1대  구매,물품,SCF,해군군수사령부,202409051030,JE6EB,장원유통,,정미라,010-2800-1543,"경기도 부천시 심곡로63번길22,나동 302호 (심곡본동, 혜광주택)",87.999,9693000
3,SCF0842,2,37838,***,'24년 잠수함용 측심기(VE-5900) 정비,물품,SCF,해군군수사령부,202409051030,C9A3A,주식회사 휴엔스,"HUENS co.,LTD",한재윤,0314534350,경기도 의왕시 오전공업길13-0 (오전동),87.817,84200000
12,SCF0862,1,36068,***,견시용 차양모 등 2종 제조,물품,SCF,해군군수사령부,202409051030,M3D9F,연홍코퍼레이션,,지애경,0313114130,"경기도 시흥시 연성로83, 5층 501, 502,503호(하상동, 현대프라자)",88.136,14111199
21,LPF0074,2,39371,***,24년 예비군 육성(응급처치킷/야전지혈대) 제조/구매,물품,LPF,제51보병사단,202409051030,FD1AF,주식회사 메디시온,MEDICION,김경호,03180761190,경기도 고양시 덕양구 삼막1길3(오금동),88.165,123633860
175,LCF0531,1,40856,***,"좌석,차량용 1항목 구매(일장-027)재",물품,LCF,육군군수사령부,202409051030,G2196,대아테크,DAEA ELECTRONICS,변오석,051-514-1874,부산광역시 금정구 공단동로41번길10-0 (금사동),98.749,37845550
270,LCF0529,1,40813,***,"전동식,청소기용 등 7항목 구매(일장-025)재",물품,LCF,육군군수사령부,202409051030,M9950,주식회사 지유노,,전재희,0415688814,충청남도 천안시 서북구 백석공단4길15-0 (백석동),88.417,158655660
338,LCF0528,1,40774,***,"바스켓,가교장비용 등 9항목 구매(일장-024)재",물품,LCF,육군군수사령부,202409051030,JE6EB,장원유통,,정미라,010-2800-1543,"경기도 부천시 심곡로63번길22,나동 302호 (심곡본동, 혜광주택)",82.998,570766000
8,LDH0726,1,38875,***,(자재) ㄱ형강 등 15종 구매,물품,LDH,육군종합정비창,202409041300,DFDAF,(주)종로인더스트리,"JONG RO INDUSTRY Co.,Ltd.",노종헌,0513271811,부산광역시 사상구 새벽로 130(),88.354,20420300
2,LDH0738,1,40265,***,(화공) 하론소화약제가스 구매,물품,LDH,육군종합정비창,202409041300,J584F,주식회사 페스,,송지원,0319984001,경기도 김포시 대곶면 송마로52번길79,94.92,46381840
4,LDH0736,1,40221,***,통신 소켓(375110974) 구매,물품,LDH,육군종합정비창,202409041300,E04DE,디엔테크,DN TECH,김해천,0313751790,"경기도 화성시 동탄대로677-5, 8층 812호(영천동, 비전IT타워)",89.058,8778354
3,LDH0731,1,38970,***,(자재) 도장자재 단조철선 등 28종 구매,물품,LDH,육군종합정비창,202409041300,I49E3,주식회사 창원상사,CWC,이은석,0542746100,경상북도 포항시 남구 대해로89-1 (대도동),88.154,6225260
3,LDH0730,1,38902,***,(자재) 필터 구매,물품,LDH,육군종합정비창,202409041300,I49E3,주식회사 창원상사,CWC,이은석,0542746100,경상북도 포항시 남구 대해로89-1 (대도동),89.397,27846960
5,LDH0729,1,38894,***,(자재) 스텐봉 등 21종 구매,물품,LDH,육군종합정비창,202409041300,M9533,선경,,정왕균,01038547544,경상남도 김해시 한림면 안곡로520-2,89.577,29408000
4,LDH0728,1,38887,***,(자재) 마봉강 등 43종 구매,물품,LDH,육군종합정비창,202409041300,K2789,하나상공,,조현영,07088368810,경상남도 창원시 의창구 창이대로187번길61 (봉곡동),93.345,41200300
8,LKD0066,1,40026,***,육-24년 육성지원사업 작전용 드론 통합 구매,물품,LKD,제32보병사단,202409041100,K64D0,주식회사 순돌이드론,,조순식,024082777,경기도 하남시 하남대로947 (풍산동) C-1202,88.229,122792000
825,MDN0017,1,40543,***,폭발물처리 전자청진기 구매,물품,MDN,국군화생방방호사령부,202409041100,J33E6,와이인터네셔널,,윤석훈,01094922456,전라남도 순천시 주암면 주암호길3,88,18300230
3870,LFK0060,1,40577,***,24년 리프트장비 구매,물품,LFK,육군종합군수학교,202409041100,M592E,쏭 s,,이수연,01028901367,"경기도 시흥시 서울대학로59-21, 10층 049호(배곧동, 배곧로얄팰리스 테크노1차)",88,48377200
39,UMM1103,1,40647,***,"24-N-노트북, 모니터, 프린터 도입(리스자산)",물품,UMM,국군재정관리단,202409041100,H58AB,주식회사 엔미디어솔루션,N-media solution,이근식,01042405887,"인천광역시 계양구 계산새로71, 비동 310호(계산동, 하이베라스)",83.022,5115147267
3,UMM1090,1,40024,***,(24G255-A) 인터넷 확장사업 금융리스,물품,UMM,국군재정관리단,202409041100,M501B,미래에셋캐피탈(주),,이만희,027879295,"서울특별시 중구 을지로5길26, 6층 (수하동, 미래에셋센터원 웨스트타워)",96.321,966902381
1470,UMM1102,1,36837,***,(246335-D) 프린터(2차) 도입사업(리스물건),물품,UMM,국군재정관리단,202409041100,M3826,우리가치상사,,유현희,01028302453,"경기도 군포시 공단로284, 101-2호 일부(금정동, 한림벤쳐타운)",83.028,228598540
718,UMM1084,1,34641,***,24-N-보어스코프 구매(248214-F),물품,UMM,국군재정관리단,202409041100,I5E80,주식회사 진성하이텍,JINSUNG HITEC,조종열,0555525665,"경상남도 창원시 마산합포구 해안대로91, 상가 205호(해운동, 경민시티빌)",88.073,107482400
292,HDC0038,2,37448,***,"24-164 탐지기, 화학제, 자동식 등 1종 구매",물품,HDC,공군제1전투비행단,202409041030,M6AC3,진해상사,,김동국,07070792933,경상남도 창원시 마산회원구 삼호로38-0 (양덕동),98.705,44933000
225,SFD0079,1,40514,***,24-P-02 조경관리용역,용역,SFD,제9227부대,202409041030,HDC36,주식회사 엘케이조경,(main) LK landscape architecture,이래겸,0544511212,"경상북도 구미시 구미중앙로27길10-0 ,2층(원평동)",88.024,20985226
350,MCX0056,1,40633,***,행주 등 62종 구매,물품,MCX,자운대근무지원연대,202409041030,M9921,보영,,고현화,070788040077,"대전광역시 유성구 학하남로10, 205동 4층 1호(계산동, 오투그란데 미학)",88.001,37804124
5,NIT0019,1,40624,***,국군OOO 수송부 토양오염정밀조사 계약(1),용역,NIT,국방부조사본부,202409041030,F7833,재단법인 한국환경조사평가원,Korea Environmental Investigation and Assessment Institute,지창환,0313117768,"경기도 시흥시 포도원로116번길25, 801호(신천동, 프라임캐슬 지식산업센터)",88.2,11629000
328,MCX0055,1,40622,***,PH측정기 등 69종 구매,물품,MCX,자운대근무지원연대,202409041030,EAF8C,대륭개발(주),Daeriung,이한준,0426233949,"대전광역시 대덕구 대전로1019번길 19, 법무사회관 3층(오정동)",88.001,15795752
307,SCH0138,1,40661,***,24-63호 더블에이 복사용지 등 474종 구매,물품,SCH,해군작전사령부,202409041030,J22B9,포라이프,,조재성,01031123721,"부산광역시 해운대구 해운대로61번길56, 102-802(센텀파미르)",88.003,23304240
195,LGD0015,1,40698,***,'24년 4분기 교육물품 구매,물품,LGD,육군종합행정학교,202409041030,LFF40,장똘뱅이뱅,,김상헌,01023407830,"충청북도 청주시 흥덕구 복대로210번길14, 105호(복대동)",88.006,19022885
13,LGD0014,1,40697,***,'24년 소방시설 종합점검용역,용역,LGD,육군종합행정학교,202409041030,03520,주식회사 대륙엔지니어링,DAE RYUK ENGEERING .ILC,김선주,0432840018,충청북도 청주시 상당구 다리실로69번길75-0 (월오동),88.016,19188450
65,LPK0017,1,40694,***,24년 후반기 물탱크 청소용역,용역,LPK,제8기동사단,202409041030,JA247,경남환경,,김경남,0319661237,"경기도 고양시 일산동구 은행마을로52,2층 (식사동)",88.003,6527230
27,LGT0079,1,40584,***,'24년 VoIP 교환기 기기인증서 구매설치(24-GP-68),물품,LGT,제2307부대,202409041030,E344F,주식회사 태산정보기술,TAE SAN .COM,채연옥,028424114,"서울특별시 금천구 벚꽃로278, 1312호(가산동, 에스제이테크노빌)",90.989,76979000
12,LHP0036,1,40578,***,24년 내진 성능 평가(1공구),용역,LHP,제22보병사단,202409041030,JA121,주식회사 연이앤씨건축사사무소,,김창식,0337460076,"강원특별자치도 원주시 양지로80 (반곡동) , 9층 802호",88.021,61563733
2028,LMH0056,1,40510,***,[B174] 군단 직할부대 정비화 구매,물품,LMH,제7군단,202409041030,KFF38,케이엔코리아,,박규나,010-3233-1701,"경기도 남양주시 화도읍 경춘로2290번길1, 206동 2603호(남양주월산사랑으로부영2단지)",88.004,42611860
369,HDQ0072,1,40601,***,20비 24-303 타이어 등 2품목,물품,HDQ,제20전투비행단,202409041030,M6CC0,에이치앤에스 머터리얼즈(H & S Materials),,박근선,01076721201,"충청남도 서산시 고운로17, 109동 204호(예천동, 센텀파크뷰서희)",88.002,49389179
50,SCR0093,1,40593,***,화상방지 마스크 1종 423점 구매,물품,SCR,해군제3함대사령부,202409041030,M09AF,전남물산,,이현미,07047907822,전라남도 목포시 마인계터로40번길4 (죽동)157호,88.055,6243630
50,HFD0009,1,37393,***,24-100 타이어 등 3품목,물품,HFD,공군제38전투비행전대,202409041030,EDFD8,미래홀딩스,mirae holdings,이명숙,0632515751,전북특별자치도 전주시 덕진구 솔내로168-1 (송천동2가),88.151,22935600
49,LPK0016,1,40693,***,24년 소방시설 작동기능 점검용역,용역,LPK,제8기동사단,202409041030,B3988,(주)경기방재소방공사,,이현태,0314788900,"경기도 안양시 동안구 전파로 88, 신원비젼타워 505호(호계동)",96.794,19780000
59,HCC0118,2,40489,***,"저울 등 7품목(189,190)",물품,HCC,해군제1수리창,202409041030,L68A0,가신컴퍼니,,김예림,01052891856,"강원특별자치도 동해시 배골길32-4 (이도동, 동해아이파크) 107동 5층 502-2호",88.004,19392000
129,SCH0137,1,40644,***,24-62호 음료용 종이컵 등 146종 구매,물품,SCH,해군작전사령부,202409041030,LB317,아프로플러스,,임순,01085497303,부산광역시 연제구 과정로265번나길21-2,88.019,5171300
292,HDC0038,1,37448,***,"24-164 탐지기, 화학제, 자동식 등 1종 구매",물품,HDC,공군제1전투비행단,202409041030,M6AC3,진해상사,,김동국,07070792933,경상남도 창원시 마산회원구 삼호로38-0 (양덕동),98.705,44933000
4,SCF0859,1,25314,***,"AOE-I 화물용 승강기 No.1, 2, 3 외주정비",물품,SCF,해군군수사령부,202409041030,A8797,(주)대명엘리베이터,"daemyung elevator co., ltd.",김동건,0522882700,"울산광역시 북구 활밤로 19(효문동, (주)대명엘레베이터)",84.492,2013222000
229,LGI0080,2,38103,001,'24-4차 부대계약 식자재(부식) 구매(빵류),물품,LGI,제3군수지원여단,202409041030,MA7EB,제이푸드,,윤지현,01036298571,인천광역시 서구 석남로25-0 (석남동) 제가동 2층 202호,82.999,575929
3,MHD0084,1,39490,***,방위사업 원가계산 외부용역(8차),용역,MHD,방위사업청(운영지원과),202409031500,ECFC0,태경회계법인,taekyung accounting corp,김상운,024998979,"서울특별시 강남구 테헤란로520, 2층(대치동, 삼안빌딩)",,56000000
5,LDH0697,2,37610,***,K9자주포 밸브 구매,물품,LDH,육군종합정비창,202409031300,M81CD,도하테크,,이은선,051-303-5134,부산광역시 강서구 대저로3번길52-15 (대저1동),91.339,2200000
4,LDH0723,1,39009,***,K1전차 베어링 등 2종 구매,물품,LDH,육군종합정비창,202409031300,2351F,덕산베아링,DUCKSAN Bearing CO.,신복승,0518045604,부산광역시 부산진구 서전로9번길 38(),88.373,8777950
5973,LCG0080,1,39636,***,[24-육-205] 전산운영용품 구매 5차,물품,LCG,육군본부,202409031230,LF24D,뽀들뽀들,,양민희,01038816906,경기도 의왕시 시청1로10-0 (고천동) 고천파크루체 106동 802호,87.995,144710515
4,LCF0519,1,39800,***,"스프링,판형 등 4항목 제조(총포)",물품,LCF,육군군수사령부,202409031130,L182F,우진테크,,김우진,0553392541,경상남도 김해시 분성로557번길60-7 (어방동),90.429,540000
3,LCP0053,1,40370,***,'24년 간부숙소 청소관리 용역,용역,LCP,육군항공사령부,202409031130,GEC9B,주식회사 한진스탭스,HANJIN STAFFS,전유희,031-636-1100,"경기도 이천시 설봉로7-0 (관고동), 학산빌딩 104호",90.262,33360000
68,LPK0015,1,40438,***,24년 사이버지식정보방 소모품 구매,물품,LPK,제8기동사단,202409031130,CEB6F,닉스,NIX,권은숙,0318579285,경기도 동두천시 동광로72 (생연동)3층,88.025,5704090
18,HCG0041,1,39575,***,24-벨기에 국제군악제 화물운송 용역,용역,HCG,공군본부,202409031100,M98EA,주식회사 디비아이앤티,,박효정,027343808,"서울특별시 중구 삼일대로363-0 (장교동) 1,2동 23층 13호(장교동, 장교빌딩)",87.905,60561000
319,MCS0108,1,40443,***,바닥타일 등 2종 납품 설치,물품,MCS,국방부계룡대근무지원단,202409031100,K1C98,주식회사 케이앤제이,,박광희,01059144769,"충청남도 계룡시 장안로39, 303호 (금암동)",88.004,31921020
151,MDR0049,1,40246,***,24년 사진 및 지도제작 재료 구매,물품,MDR,제9965부대,202409031100,I107A,주식회사 엘앤케이,lnk,김정란,0425258370,대전광역시 중구 계룡로816번길32-4 (오류동)4층,88.043,24926880
175,HDP0033,1,40371,***,(24-용역-60)24년 탄약고지역 제초 유지관리 추가계약,용역,HDP,공군제19전투비행단,202409031100,CA038,(주)이에스건설,co.es construction,장상용,0436477412,충청북도 제천시 의병대로405(흑석동),88.002,41317120
3,UMM1095,1,40349,***,24-F-항공기술정보 외주번역(한영) 용역,용역,UMM,국군재정관리단,202409031100,C1388,(주)프로랭스,Prolangs Inc.,권영조,0221023801,"서울특별시 금천구 디지털로 130, 남성플라자빌딩 8층(가산동)",86.956,272030000
14,UMM1093,1,40149,***,(24F230-I) 얼음 정수기 임차용역,용역,UMM,국군재정관리단,202409031100,I0AC2,디에이치바이오,DHBIO,김단희,07041549149,충청북도 충주시 예성로120 (용산동),83.375,476776680
3002,UMM1089,1,38838,***,(246333-F) 고소작업대 구매,물품,UMM,국군재정관리단,202409031100,J719E,행운유통,,김현태,01020340927,"경상남도 창원시 의창구 북면 동곡로33, 101동 501호(창원무동휴먼빌아파트(1단지))",87.995,109296351
33,UMM1096,1,38835,***,(246330-F) 소총 탄피받이 제조,물품,UMM,국군재정관리단,202409031100,FDBD6,우일무역 주식회사,"WOOIL TRADING CO.,LTD",김도영,0313144642,경기도 시흥시 월곶해안로119-0 (월곶동),83.637,226372357
1488,UMM1086,1,38795,***,(247346-C) 재단기 구매,물품,UMM,국군재정관리단,202409031100,LECFD,히또컴퍼니,,유대겸,01024270843,충청남도 공주시 회선동길13-0 (주미동),87.995,77748580
54,UMM1088,1,38178,***,(246326-E) 분석용 고성능 PC등 5품목 (리스자산),물품,UMM,국군재정관리단,202409031100,E13ED,도원정보시스템 주식회사,DOWON INFORMATION SYSTEM,김종호,0313867907,경기도 안양시 동안구 흥안대로445(평촌동) 제6층 615호 안양평촌동지식산업센터,88.8,102893934
28,UMM1085,1,37994,***,24-M-얼음 냉온정수기 및 대형정수기 임차용역,용역,UMM,국군재정관리단,202409031100,I9E68,한국렌탈판매협동조합,KRSCOOP,정영이,07077772418,"인천광역시 미추홀구 아암대로45번길77-8, 1층(용현동)",85.766,662342868
1953,UMM1077,1,37960,***,24- F-체력단련장 전동승용카트 구매(249143-F),물품,UMM,국군재정관리단,202409031100,M998C,케이상사,,송문철,01090259144,"경기도 부천시 오정구 역곡로284번길31, 1층(작동)",87.995,97774000
291,UMM1094,1,37764,***,(247059-H)온라인교육시스템 교체(리스자산),물품,UMM,국군재정관리단,202409031100,DFAAD,(주)이지테크론,eztechron,하명헌,01053928684,서울특별시 강서구 양천로583-0 (염창동)  A동 405호,83,797000000
153,UMM1092,1,35601,***,24-M-군단급 UAV 영상판독시스템 교체(리스자산),물품,UMM,국군재정관리단,202409031100,11099,株式會社 錦湖이.티.시,Kumho E.T.C,김두현,0553252111,"경상남도 김해시 칠산로291번길16-5, 2층(화목동)",83.011,522405800
2,MCD0060,1,38695,***,2024년 군 책임운영기관 고객만족도조사 용역,용역,MCD,국방부(운영지원과),202409031100,H7889,주식회사 에스에이컨설팅,"SA Consulting co,. LTD",윤지성,0220388390,서울특별시 영등포구 영중로65-4 (영등포동6가) 4층,,24500000
250,LMU0044,1,40286,001,(24-급-038) '24-4차 부대계약 식자재 납품(빵류)계약,물품,LMU,제7군수지원단,202409031100,G27DC,주식회사 喜昶乳業,"HEECHAG DAIRY AND FOOD INDUSTRIAL CO.,LTD",박창현,0559113033,경상남도 양산시 신기로114-0 (북정동),83.008,366521
5,DSS0044,1,39343,***,온나라 시스템 유지보수 용역,용역,DSS,국군제1068부대,202409031030,H8DA6,주식회사 에스앤케이,"S&K.,LTD",김두환,0315915808,"경기도 남양주시 화도읍 녹촌로199번길37-12 , 주2동(1층)",88.293,26204447
9,LHR0044,1,40500,***,24년 소방시설 작동점검 용역,용역,LHR,육군 제37보병사단,202409031030,K16E1,재원소방,,이병양,0432681190,"충청북도 청주시 서원구 모충로49-0 (개신동, 남산빌딩) 4층",88.168,12139701
42,NIT0017,1,40451,***,"24년 석면조사(건물,공동구) 용역",용역,NIT,국방부조사본부,202409031030,FF760,주식회사 대한환경기술연구소,KOREA ENVIRONMENT TECHNICAL.LAB,이선영,07042041050,"경기도 수원시 팔달구 수성로92, 5층 (화서동, 농민회관)",90.707,17777000
164,SFM0076,1,40332,***,1형 로프 등 3품목 구매,물품,SFM,제3170부대,202409031030,L4A98,여정하리,,임미숙,01072726954,"경상북도 포항시 북구 침촌지구로10, 107동 1604호(장성동, 장성 푸르지오)",88.008,39634961
1080,SCN0136,1,40049,***,의무물자(EO Rapid Pack 등 45종) 구매,물품,SCN,제7001부대,202409031030,G44ED,다비드 주식회사,"David co.,Ltd.",최양임,0632522272,전북특별자치도 전주시 덕진구 전주천동로364 (진북동),88.001,27401000
1965,LNJ0005,1,40423,***,24년 취사기구 구매,물품,LNJ,육군 제1포병여단,202409031030,K1AAF,이스타,,이정민,01035877757,경기도 시흥시 마유로423번길20-2 (정왕동) 202호,88,31352050
89,LCZ0024,1,40506,***,24년 비상근 예비군 정기모집 홍보용역,용역,LCZ,동원전력사령부,202409031030,J7CFA,선호하우징,,윤미선,01039100301,"인천광역시 남동구 서창남순환로190-15 (서창동, 서창퍼스트뷰아파트) 718동 301호",88.009,17302800
4,LCZ0023,1,40505,***,24년 9월 00부대 공병 동원훈련 버스 임차,용역,LCZ,동원전력사령부,202409031030,BFBF4,(주)한남관광개발,Hannam travel service INC,이자영,027344141,"서울특별시 강서구 마곡중앙2로35, 722호 (마곡동, 이너매스마곡2)",96.054,14250000
2065,SFG0089,1,39987,***,일반팬 등 6품목 구매,물품,SFG,제9181부대,202409031030,M8EDC,경민상사,,남경민,01082850324,"인천광역시 서구 봉오재2로13, 102동 1602호(가정동, 루원더퍼스트)",87.996,8933860
4360,SCF0858,1,38202,***,야전앰프 5EA 구매,물품,SCF,해군군수사령부,202409031030,LE77F,이한,,김수철,010-2646-2688,"인천광역시 계양구 봉오대로743번길8, 101동 805호(작전동, 현대아파트)",87.995,14874436
173,SCF0853,1,38176,***,"구명식량 2,937BX 구매",물품,SCF,해군군수사령부,202409031030,K668E,케이플러스,,이주연,07047890055,강원특별자치도 동해시 동해대로5464-0 (평릉동) 2층 203-54호,97.922,16749930
4644,SCF0855,1,36887,***,레펠장갑 구매,물품,SCF,해군군수사령부,202409031030,M381B,안진상사,,이민지,01073992629,"인천광역시 서구 청라커낼로163, 485동 403호(청라동, 청라29블럭 호반베르디움)",87.996,9642260
127,SCF0852,1,36804,***,양극 등 5종 구매,물품,SCF,해군군수사령부,202409031030,E8E46,동진상사,dong jin sang sa,윤영현,07070792933,"경기도 평택시 평택5로34번길48, 402호(합정동)",87.995,7087000
1446,SCF0856,1,35504,***,가솔린 매연 측정기 3SET 구매,물품,SCF,해군군수사령부,202409031030,D3D00,성우실업,SEONG WOO SIL UP,장상규,023912861,"서울특별시 은평구 불광로90-0 (불광동, 대호프라자 아파트)상가동1층156호",87.997,10565442
7,SCF0857,1,28238,***,고속단정 2종 제조,물품,SCF,해군군수사령부,202409031030,M9513,현대선박기술 주식회사,,조성근,01035569956,울산광역시 울주군 온산읍 당월로272-12,90.872,7559730000
4,LKT0069,1,39875,***,24년 10~12월 부대조달 급식품목(빵류) 제조/납품,물품,LKT,제1989부대,202409031030,L7295,무민,,조예주,01025573456,경기도 수원시 영통구 동수원로543-0 (원천동) 1층 103호,92.935,298000000
250,LGI0081,1,38105,001,'24-4차 부대계약 식자재(부식) 구매(식육가공품류),물품,LGI,제3군수지원여단,202409031030,L185A,주식회사 동양비즈,,신태권,01022269754,"경상북도 포항시 남구 오천읍 원동로3, 2층 203에이2호",83.009,172563
3,LCK0035,2,39589,***,[일반-24-142-2] 00부대 병영식당 비품 구매(2),물품,LCK,수도방위사령부,202409031030,DB346,벨로스주식회사,BELLOS,권순신,0315945492,경기도 남양주시 수동면 비룡로654-12,88.026,37279561
288,LCF0512,2,38051,***,시료흡입막 1항목 구매(화생방),물품,LCF,육군군수사령부,202409031030,M8BB9,대림엠텍,,김부경,0553437885,경상남도 김해시 진례면 테크노밸리로36,88.168,63829740
32,HCF0202,1,40471,***,F-35A 지원체계 유지보수,용역,HCF,공군군수사령부,202409031030,L4E4F,아이티 월드((IT. WORLD),,김영우,07044359737,부산광역시 동래구 여고로63번길86-0 (사직동) 1층,87.775,139218366
7,LBA0064,1,38892,***,‘24년 10~12월 식자재 다수품목 단가계약,물품,LBA,제 2167부대,202409031000,A738F,주식회사 푸드머스,FOODMERCE,천영훈,0221402800,경기도 용인시 처인구 원삼면 맹리로2번길31,62.233,5792923260
937,UMM1081,1,37309,***,24-N-대형텐트 등 3종 구매(248219-F),물품,UMM,국군재정관리단,202409021100,CA0E0,주앤주,JOONJOO,최미정,025414850,서울특별시 광진구 면목로25-0 (군자동) 202호,82.995,273995312
1537,LCN0052,1,39537,***,24년 시설물 유지보수 자재 구매,물품,LCN,육군사관학교,202409021100,L022D,주식회사 무원물류시스템,,김현우,01053047388,"경기도 고양시 일산서구 킨텍스로240, 오피스동 812호(대화동, 킨텍스 꿈에그린)",88.013,18227000
4,UAC0029,1,40321,001,24년 지정폐기물(폐유기용제) 위탁처리 용역,용역,UAC,국방출판지원단,202409021100,A3BDB,(주)동양환경,DongYang Environment,채상협,0429330450,대전광역시 대덕구 문평동로48번길 125(문평동),88.126,1408000
258,LFT0009,1,40289,***,'24년 공병학교 제초용역(2차),용역,LFT,육군공병학교,202409021100,A216F,시대조경(주),sidae landscape architect,김상옥,0616820096,전라남도 여수시 신기북2길6-0 (신기동),88.006,50498900
953,UMM1082,1,39680,***,24-N-리치트럭 2대 구매,물품,UMM,국군재정관리단,202409021100,F8F2B,매쉬미디어(주),"Mash Media Co., Ltd",김문선,07088316061,서울특별시 마포구 양화로183-0 (동교동) 효성홍익인간오피스텔 14층 1412호,88.023,60480526
2,LCF0521,1,40273,***,"감소기,튜브형 등 26항목 제조(일장-제조-012)",물품,LCF,육군군수사령부,202409021030,M8F94,진해공업,,김재원,0553436724,경상남도 김해시 한림면 김해대로1099번안길42-18,88.189,96019000
55,SDQ0093,1,40285,***,"판, 금속제 등 12종 구매",물품,SDQ,해군제2수리창,202409021030,K0E3B,파파테크,,김능식,0322077943,경기도 평택시 청북읍 안청로4길17,88.018,8558550
31,MCT0044,1,40311,***,농구부 훈련용품(C테이프 등 4종)구매,물품,MCT,국군체육부대,202409021030,D4F3F,미성종합체육산업 주식회사,Misungsports,전옥녀,0222529191,서울특별시 중구 을지로 294(),94.104,7994000
14,LPG0019,1,40139,***,"24-2차 일반장비유지비(불도저방탄화) 제작, 설치",물품,LPG,제5보병사단,202409021030,L1656,삼이유통,,김승환,01096614808,"경기도 연천군 전곡읍 전은길98-53, 1층 101호",88.129,26393300
96,SFG0090,1,40094,***,동물퇴치기 구매,물품,SFG,제9181부대,202409021030,M0B20,채시하우징,,양희권,01054182623,경기도 김포시 고촌읍 수기로136 (캐슬앤파밀리에시티 2단지),88.093,35989729
152,SFM0075,1,40085,***,고무줄 구매,물품,SFM,제3170부대,202409021030,M5CBC,성형유통,,김상섭,01053654720,"경상북도 포항시 남구 동해면 일월로155-0 ,  201호",88,10603870
370,LFC0058,1,40048,***,더좋은 병영식당 비품(수저세트) 구매,물품,LFC,육군훈련소,202409021030,I4CBE,아름종합상사,dkfmawhdgkqtkdtk,한선재,0426331395,충청남도 계룡시 새터산길4-0 (금암동)102,88.002,21486855
176,LFC0057,1,40047,***,24-1차 도서(현명한 투자자 등 61권) 구매,물품,LFC,육군훈련소,202409021030,M1657,공주유통,,이은숙,07047907822,충청남도 공주시 백미고을길10-9 (금성동) 346호,90,16562348
41,LNG0076,1,40291,***,(A027) 00부대 통신소 냉난방기 철거 및 구매설치,물품,LNG,육군 제1군단,202409021030,LB150,헵시바,,김지희,01023152403,경기도 파주시 광탄면 호주골길67,88.012,40738080
29,SDF0135,1,40288,***,24-항-56 00병원 취사장 후드 청소용역,용역,SDF,제5738부대,202409021030,D60C7,대우청소.방역,,강순구,0544445475,경상북도 구미시 지산3길 8-4(대우청소.방역),88.023,1645250
55,SDQ0092,1,40183,***,"온도계, 자기표시식, 바이메탈식 등 25종 구매",물품,SDQ,해군제2수리창,202409021030,K7BCC,세창,,박찬규,01024053340,"경기도 평택시 청북읍 안청로4길17, 2층 201호",88.007,11177300
2,MDQ0012,1,39864,***,성인 기본 CPR 마네킹 구매,물품,MDQ,국군의무학교,202409021030,HA1CA,주식회사 파라메스,"PARAMES.Co.,Ltd.",김금자,0426287119,"대전광역시 중구 동서대로1365번길 20, 1층(목동)",89.924,11640000
7,MDQ0013,1,39865,***,심폐소생술 훈련모형 구매,물품,MDQ,국군의무학교,202409021030,L6AB3,연결고리,,선강열,07042762875,"대전광역시 유성구 어은로57-0, 130동 1403호 (어은동, 한빛아파트)",88.732,3524546
412,SFN0069,1,40022,***,제습기 등 4품목 구매 납품,물품,SFN,연평부대,202409021030,L7822,와이비컴퍼니,,구수희,010-5449-8778,"인천광역시 미추홀구 장천로8번길36, 301호",88,28602896
2,SFC0094,1,37236,***,24-해병-성희롱 성폭력 예방 콘텐츠 제작 대행,용역,SFC,제9691부대,202409021030,C1178,주식회사 플라잉피그,"FLYINGPIG, INC.",김민,0220252333,서울특별시 금천구 벚꽃로36길30-0 (가산동) 가산KS타워 510~513호,60.292,11110000
5360,LQG0063,1,39809,***,00부대 실외사격장(동원) 방호시스템 설치 납품,물품,LQG,육군 52보병사단,202409021030,KE933,미건상사,,최정애,01076670196,대전광역시 대덕구 동춘당로114번길60 (송촌동) 308동 1603호,87.995,96497493
6,LCF0522,1,40276,***,와이어 로프 조립체 등 5항목 제조(일장-제조-013),물품,LCF,육군군수사령부,202409021030,BA764,대명 ENG,DAEMUNG ENG,이갑용,0518318756,"부산광역시 강서구 녹산산업중로100-0 (송정동), A동",88.107,40376600
2,MCD0057,1,37871,***,기술인력육성 보조사업자 운영성과평가 및 연구,용역,MCD,국방부(운영지원과),202408301700,L7D96,협동조합 미래국방산업네트워크,,권호영,010-5451-0381,대전광역시 유성구 테크노4로17-0 (관평동) 대덕비즈센터 D동 612호,,49120000
4,MCD0059,1,38179,***,24년 우수장병 국외시찰 행사 용역,용역,MCD,국방부(운영지원과),202408301700,MD62D,도련투어,,이도련,027942020,서울특별시 용산구 이태원로22-0 (용산동3가) 국방부종합민원실 지하1층,,45990000
2,MCD0058,1,37947,***,국군의 날 행사 도시락 제조 납품,물품,MCD,국방부(운영지원과),202408301700,G44BF,(주)기락,girak,송옥섭,0315724737,경기도 남양주시 별내면 송산로넉바위길6,,296593800
9,NIT0012,1,38425,***,24년도 디지털포렌식 SW 라이센스 구매,물품,NIT,국방부조사본부,202408301600,A7340,(주)제트코,"JETCO Technology, Inc",김한희,025668471,"서울특별시 송파구 송파대로201-0 (문정동) 송파테라타워2 A동 1213,1214,1215,1216,1217,1218호",0,275000000
9,NIT0012,3,38425,***,24년도 디지털포렌식 SW 라이센스 구매,물품,NIT,국방부조사본부,202408301600,A7340,(주)제트코,"JETCO Technology, Inc",김한희,025668471,"서울특별시 송파구 송파대로201-0 (문정동) 송파테라타워2 A동 1213,1214,1215,1216,1217,1218호",0,275000000
9,NIT0012,2,38425,***,24년도 디지털포렌식 SW 라이센스 구매,물품,NIT,국방부조사본부,202408301600,A7340,(주)제트코,"JETCO Technology, Inc",김한희,025668471,"서울특별시 송파구 송파대로201-0 (문정동) 송파테라타워2 A동 1213,1214,1215,1216,1217,1218호",0,275000000
10,EKA0028,1,7551A,***,(`24년) 지뢰살포기 부품류 7종,물품,EKA,기동총괄계약팀,202408301500,L33B4,혁신산업,,김윤정,0553443044,경상남도 김해시 한림면 한림로515번길224-0,88.042,201405600
4,LKG0091,1,39785,***,정보통신대대 창고 벽체 보강(설치납품),물품,LKG,육군제53보병사단,202408301330,E6419,주식회사 우경엔텍,"WOO KYUNG METAL CO.,LTD",박순성,0513132340,부산광역시 사상구 학감대로177번길19(학장동),88.357,5491090
11,LKG0090,1,39786,***,정보통신대대 막사 계단 보강(설치납품),물품,LKG,육군제53보병사단,202408301330,F4942,주식회사 호산이엔지,ss,정성문,0517611502,"부산광역시 연제구 연안로13번길77, 2층(연산동)",88.038,5529610
9,NIT0012,4,38425,***,24년도 디지털포렌식 SW 라이센스 구매,물품,NIT,국방부조사본부,202408301100,A7340,(주)제트코,"JETCO Technology, Inc",김한희,025668471,"서울특별시 송파구 송파대로201-0 (문정동) 송파테라타워2 A동 1213,1214,1215,1216,1217,1218호",0,275000000
10,MCS0107,1,40012,***,(군수-034) 수영장 로봇청소기 등 2종 구매,물품,MCS,국방부계룡대근무지원단,202408301100,M0B65,알파계룡대점,,박지선,010-4411-2344,충청남도 계룡시 신도안면 계룡대로663-0,88.393,2927000
161,LGP0136,1,40042,***,24년 유류중대 방화지대 구축 용역,용역,LGP,제1군수지원사령부,202408301100,H7559,주식회사 가람임업,GARAM-FOREST,이상권,0417548434,충청남도 금산군 금산읍 비범1길2,88.058,63885600
2,MCS0106,1,40000,***,(지구병원-031) 병원용 레일커튼 등 3종 구매,물품,MCS,국방부계룡대근무지원단,202408301100,FCA6B,미소창,misochang,강영수,0417323115,충청남도 논산시 화산길20(채운면),89.454,1559000
1431,LDA0043,1,40028,***,(D079) 24년 00부대 병영도서관/독서카페 도서 구입,물품,LDA,지상작전사령부,202408301100,M7E5A,명백,,우선명,01027147225,"경기도 수원시 권선구 덕영대로1323번길25-33, 112동 1004호(권선동, 우남아파트)",90,21166301
18,UMM1067,1,37668,***,24-F-체력단련장 농약 3종 구매,물품,UMM,국군재정관리단,202408301100,L8165,주식회사 제일조경나무병원,,박창준,0417510080,"충청남도 금산군 금산읍 비호로42-1, 2층",88.111,86817270
252,UMM1061,1,37164,***,24-M-소규모 네트워크 장비 교체,물품,UMM,국군재정관리단,202408301100,L4E4F,아이티 월드((IT. WORLD),,김영우,07044359737,부산광역시 동래구 여고로63번길86-0 (사직동) 1층,87.996,87233269
1403,UMM1060,1,36704,***,24-N-해병대 비금속탐지기 등 2종 구매,물품,UMM,국군재정관리단,202408301100,GE743,웰컴퍼니,wellcompany,장석우,07088192580,경기도 고양시 덕양구 무원로6번길61 606-1호(행신동),98.39,113063170
7,LGI0066,1,38097,001,'24-4차 부대계약 식자재(부식) 구매 -신남지역-,물품,LGI,제3군수지원여단,202408301030,D4976,한샘유통 주식회사,hansame,유임묵,0316470715,경기도 평택시 포승읍 여술2길25,54.506,522880
25,SCI0105,1,39919,***,페인트 오손방지용 등 2종 구매,물품,SCI,제9121부대,202408301030,I0E92,서플라이 플러스,SUPPLY PLUS CO.,윤명희,01020894219,"경상남도 창원시 의창구 서상로12번길55-14 (서상동, 아담연립) 202호",88.03,20521360
61,LMH0055,1,39873,***,[B164]유류취급물자 등 3개 품목 구매,물품,LMH,제7군단,202408301030,IF8A2,주식회사 주은기획,,주화,07042767003,경기도 수원시 장안구 연무로13번길31-5 (연무동),88.021,5863026
31,SFH0113,1,40038,***,24-B-PTZ카메라 등 2품목 제조 납품(도서지역),물품,SFH,제9196부대,202408301030,HB34F,주식회사 썬플라워즈,SUNFLOWERs.co.ltd,김종석,07075280972,"인천광역시 서구 가석로30, 광양프런티어밸리 3차 301호 (가좌동)",88.093,16937417
74,SCI0108,1,39821,***,"기계장치, 봉합재용 3점 구매",물품,SCI,제9121부대,202408301030,M941E,나루상회,,김민정,01089882357,"경상남도 창원시 마산회원구 3·15대로732-0 (합성동, 남산빌딩)4191호",88.061,15332680
26,MCN0027,1,39966,***,'24년 실내공기질 측정 용역,용역,MCN,국방부근무지원단,202408301030,K3FAB,(주)한국환경,,박현진,0312589007,"경기도 수원시 장안구 송원로59번길16-0 2층 203,204호 (송죽동, 하우스타)",88.016,19203300
17,SCI0106,1,39925,***,로테이블 요크 드라이브 모터 1점 구매,물품,SCI,제9121부대,202408301030,HB064,나우통상,나우통상,정평길,0555525300,경상남도 창원시 진해구 용원동로320 (용원동),90.816,12856800
25,SFH0114,1,40046,***,24-B-바운더리마이크 등 6품목 구매 납품,물품,SFH,제9196부대,202408301030,M4DB8,제이엔와이피,,신용욱,01062061823,"인천광역시 부평구 부평대로290, 2층 201호(갈산동, 창신빌딩)",88.124,12813070
364,LFP0008,1,39899,***,24년 사격장 방화지대 제초용역,용역,LFP,육군보병학교,202408301030,IFBCC,주식회사 서안토건,,박희광,0629519501,"광주광역시 광산구 임방울대로785, 301호(쌍암동)",88.001,87587330
153,SCI0107,1,39950,***,"부품키트, 유압펌프용 등 18종 구매",물품,SCI,제9121부대,202408301030,G7B37,마니,money,신동심,0552957783,경상남도 창원시 의창구 북면 동곡로33-0  휴먼빌108-501,88.536,82000100
8,HCG0040,1,37234,***,'24년 헬륨가스 용기검사 용역,용역,HCG,공군본부,202408301030,G48E9,주식회사 가스원,"GAS ONE Co.,Ltd.",정명수,0547777812,경상북도 경주시 내외로390-21 (외동읍),89.76,24390000
106,SFM0074,1,39941,***,런닝머신 등 25품목 구매,물품,SFM,제3170부대,202408301030,M9212,르호봇,,심명보,0547273320,"경상북도 포항시 북구 삼호로391, 116동 2004호(환호동, 환호해맞이그린빌)",88.003,17683383
201,LKS0049,1,40035,***,비승대체력단련장 그린잔디 및 잔디 씨앗 구매,물품,LKS,육군인사사령부,202408301030,L427D,주식회사 아산만수,,안중철,07087982774,"경기도 평택시 중앙로29, 5층 오피스밸리 526호(통복동, 은호빌딩)",88.003,68263924
2,SCQ0087,1,40006,***,24-평 공업용가스 및 소방기구 실린더 검사 용역,용역,SCQ,제9911부대,202408301030,JC723,주식회사아이피티,,이상봉,0517154631,부산광역시 사상구 대동로269번길47-0 (감전동),89.736,24550000
2,LGI0070,1,38101,001,'24-4차 부대계약 식자재(부식) 구매 -강릉지역-,물품,LGI,제3군수지원여단,202408301030,LE254,(주)현대그린푸드,,박홍진,0315252195,"경기도 용인시 수지구 문인로30-0 (동천동, 현대그린푸드)",66.228,1315640
8,LGI0069,1,38100,001,'24-4차 부대계약 식자재(부식) 구매 -고성지역-,물품,LGI,제3군수지원여단,202408301030,H58AB,주식회사 엔미디어솔루션,N-media solution,이근식,01042405887,"인천광역시 계양구 계산새로71, 비동 310호(계산동, 하이베라스)",54.842,831297.79
5,LGI0068,1,38099,001,'24-4차 부대계약 식자재(부식) 구매 -양구지역-,물품,LGI,제3군수지원여단,202408301030,H58AB,주식회사 엔미디어솔루션,N-media solution,이근식,01042405887,"인천광역시 계양구 계산새로71, 비동 310호(계산동, 하이베라스)",63.919,861977.44
6,LGI0067,1,38098,001,'24-4차 부대계약 식자재(부식) 구매 -인제지역-,물품,LGI,제3군수지원여단,202408301030,B8DB8,씨제이프레시웨이 주식회사,CJFRESHWAY,이건일,0221496154,경기도 용인시 기흥구 기곡로32-0 (하갈동),55.44,1601185
15,LDH0716,1,38686,***,총포 베어링 2종 구매,물품,LDH,육군종합정비창,202408291300,I5651,주식회사 범만테크,BMT,성순이,0516122994,부산광역시 중구 대청북길31 (대청동4가),88.023,15251000
16,LCH0062,1,39788,***,OO부대 훈련장 공중동작시설 자동화체계(23-신-12-6),물품,LCH,특수전사령부,202408291100,D3745,(주) 대경산전,"Dae-Gyoung Industrial Electronics Co., Ltd.",김대호,0632149911,전북특별자치도 전주시 덕진구 신복로26-0 (팔복동1가),88.589,1279652280
977,UMM1083,1,39715,***,(246328-C) 유류시험장비 구매,물품,UMM,국군재정관리단,202408291100,D9FA0,주식회사 범산,"BUMSAN Co., Ltd.",변동희,0319218899,"경기도 고양시 일산서구 일산로662, 503호 (대화동, 하나로프라자)",87.997,120787920
29,UMM1080,1,39643,***,(24F223-A) 얼음정수기 임차용역,용역,UMM,국군재정관리단,202408291100,J79F4,주식회사 레이나(REINA Inc.),,김예림,01052891856,"서울특별시 강북구 도봉로77길6, 404호 (수유동 이테크밸리오피스텔)",85.541,311746000
38,UMM1066,1,37333,***,(24F247-A) ASP 방화지대 구축용역,용역,UMM,국군재정관리단,202408291100,K606B,주식회사 신화,,장보람,01093057665,강원특별자치도 태백시 황지로184 (황지동),88.049,116250000
4017,UMM1065,1,36841,***,(247283-D) 수중확성기 구매,물품,UMM,국군재정관리단,202408291100,HA988,나우종합관리주식회사,nawoo,홍명옥,0328333300,"인천광역시 연수구 원인재로216, 401동 208,210호 (연수동, 연수1차시영상가)",87.995,53591000
17,LHP0032,1,39645,***,24~27년도 얼음정수기 임차 용역,용역,LHP,제22보병사단,202408291100,I9E68,한국렌탈판매협동조합,KRSCOOP,정영이,07077772418,"인천광역시 미추홀구 아암대로45번길77-8, 1층(용현동)",85.602,459510254
47,LHN0065,1,39750,***,24년 공기청정기 필터 구매 2차,물품,LHN,제7보병사단,202408291100,IA381,정수필터레이션,JUNGSUFILTRATION,손윤희,0547740080,경상북도 경주시 외동읍 별미길20-0,87.999,40542849
294,HCF0201,1,38808,***,인터컴 시스템,물품,HCF,공군군수사령부,202408291030,M5928,주식회사 오성테크,,김윤현,07076501005,"인천광역시 남동구 앵고개로490번길53, 남동공단142블럭 20로트 2층 1호(고잔동)",87.997,25314228
48,LKF0060,1,39718,***,00부대 3개소 임시숙영시설 폐기물처리용역,용역,LKF,제6755부대,202408291030,B40F2,광명환경(주),gwangmyeong,박경화,054-732-6366,경상북도 영덕군 영덕읍 영덕로 586-24(),88.041,77655300
45,SCK0102,1,39720,***,의약품 및 의료용품(프레갈캡슐 등 101종) 구매,물품,SCK,해군교육사령부,202408291030,HC8AA,제이메디케어,Jmedicare,정지혜,07050883007,경기도 구리시 안골로44-1 (교문동) 다건씨티 203호,88.019,31096730
139,SCK0101,1,39698,***,도서(옥스퍼드 출판의 미래 등 298종) 구매,물품,SCK,해군교육사령부,202408291030,M53C2,웰코프,,장석우,07088192580,"경상남도 창원시 마산회원구 3·15대로732-0 (합성동, 남산빌딩) 4층 4136호",90.008,5414050
122,LGI0079,1,39434,***,영서지역 제초관리 용역,용역,LGI,제3군수지원여단,202408291030,C8AF5,자연애조경 주식회사,Jayeonae,정지연,0333433324,강원특별자치도 횡성군 횡성읍 앞들동1로17,88.007,15593994
138,LGI0078,1,39433,***,영동지역 제초관리 용역,용역,LGI,제3군수지원여단,202408291030,IA9E3,주식회사 좋은조경,joneunjogyeong,노경화,0334527776,강원특별자치도 철원군 갈말읍 삼부연로14,88.001,29380530
112,SCU0059,1,39673,***,HP토너 등 62종 구매,물품,SCU,해군 기동함대사령부,202408291030,KD22A,마스터커머스,,정효진,01041074794,제주특별자치도 제주시 조천읍 신북로640-2 (함덕 천마에버하임1차)106동 302호,88,21562845
777,SCF0849,1,39037,***,(긴급)에폭시 프라이머 코팅 키트 등 12종,물품,SCF,해군군수사령부,202408291030,M7015,에이스상사,,김일천,010-4387-7885,"부산광역시 사하구 다대로339, 1914호(장림동, 극동정림아파트)",91.521,12932920
10,SCF0848,1,38045,***,'24년 이지스전투체계 육상지원장비 유지보수 용역,용역,SCF,해군군수사령부,202408291030,IF172,주식회사 코테스,,고기종,0432357292,충청북도 청주시 흥덕구 비하로59-2 (비하동),87.233,378310000
58,NIT0016,1,39770,***,국방헬프콜 홍보영상 및 포스터 제작 용역,용역,NIT,국방부조사본부,202408291030,GAFD6,주식회사 엠앤케이,MNK,김원상,0622291545,"광주광역시 동구 금남로245, 718호(금남로1가, 전일빌딩245)",87.759,25410240
62,LHD0036,1,39806,***,[주거]BTL 노후 도배/장판 보수(Z111),물품,LHD,제21보병사단,202408291030,E6E96,주식회사 미건,MIGUN,박창성,0333326200,강원특별자치도 평창군 평창읍 용항상촌길56-4,88.007,126242690
1,HCF0196,1,37715,***,무기체계 공급망 관리(SCM) 최적화 프로세스 연구,용역,HCF,공군군수사령부,202408281300,C1198,광운대학교산학협력단,KUIACF,정영욱,029405004,"서울특별시 노원구 광운로1길60 (월계동), 304호",96.545,47500000
5,UMM0982,2,26228,***,24-D-트레일러 2종 제조,물품,UMM,국군재정관리단,202408281100,KA16C,캠핑플레인 주식회사,,이동수,0313566811,경기도 화성시 남양읍 남양로451번길5-9,88.918,97297200
20,MDN0016,1,39400,***,대테러 작전복 등 3종 제조 구매,물품,MDN,국군화생방방호사령부,202408281100,M5A93,동방산업,,최정화,01065340052,대구광역시 서구 문화로14길10 (이현동),88.135,20377562
144,LKG0089,1,39504,***,'24년 10~11월 영내자증식(육포 등 2종)구매,물품,LKG,육군제53보병사단,202408281100,CFF42,(주)한일코리아,"HANILKOREA CO.,LTD.",서영재,0315366684,경기도 포천시 창수면 창동로59-92,88.001,27314977
61,UMM1070,1,37864,***,(24F205-I) 얼음 정수기 임차용역,용역,UMM,국군재정관리단,202408281100,D2EDA,(주)한성바이오테크,hansungbiotech,김재경,025877972,"서울특별시 강남구 개포로25길18 (개포동, 1층)",85.634,248962600
51,UMM1057,1,37279,***,24-M-교-얼음정수기 임차용역,용역,UMM,국군재정관리단,202408281100,I0AC2,디에이치바이오,DHBIO,김단희,07041549149,충청북도 충주시 예성로120 (용산동),85.513,269440010
406,UMM1055,1,37072,***,24-M-근거리전산망 교체사업(리스자산),물품,UMM,국군재정관리단,202408281100,CF8C7,주식회사 아이엑스비,,허재훈,0264120022,"경기도 안양시 동안구 벌말로123, 에이동 601호(관양동,평촌스마트베이)",88.013,128246000
8,UMM1058,1,33430,***,24-M-2차 전세버스 수송용역,용역,UMM,국군재정관리단,202408281100,E06CE,주식회사 길벗여행사,gbtour,김용기,0325551144,"인천광역시 부평구 평천로 398, 에스엠메디칼프라자 501호(삼산동)",83.071,447511190
92,UMM1078,1,32966,***,(246088-E) 3연대 정비종합실습장(자동제어)제조설치,물품,UMM,국군재정관리단,202408281100,I6D44,KS전기제어,KS Electronic Control,김효종,0423434964,"대전광역시 서구 구봉산북로16번길3-0, 3,4층 (관저동)",88.081,238361980
1032,UMM1056,1,32508,***,24-N-탄약견인장비 구매,물품,UMM,국군재정관리단,202408281100,I2572,아이디,ID,인혜정,01063338655,"인천광역시 남동구 남동대로860, 125동 302호",87.995,75621400
2,LCK0034,2,38699,***,[일반-24-142-1] 00부대 병영식당 비품구매(1),물품,LCK,수도방위사령부,202408281030,4708F,삼우금속개발주식회사,"SAMWOO METAL DEVELOPMENT CO.,LTD.",정병기,0236655680,경기도 김포시 통진읍 고척로 231(),88.097,48108626
2489,LQH0043,1,39660,***,위병소 그늘막 납품 설치,물품,LQH,제3697부대,202408281030,MB923,다온 Daon,,홍윤주,07076129238,"전북특별자치도 전주시 완산구 중산중앙로21 3층, 302-297호(중화산동2가)",88,14064242
191,SCI0104,1,39397,***,야자매트 등 52종 구매,물품,SCI,제9121부대,202408281030,M8CB6,모도리,,경미르,01026809881,"경상남도 창원시 성산구 용지로94, 지층 118호 (중앙동, 올림피아상가)",88,14063118
12,HDF0058,1,38836,***,"24-234, 장비정비대대, 접점어댑터",물품,HDF,공군 제8전투비행단,202408281030,C0914,(주)동건,DONG GUN CO.,윤영현,0332422612,강원특별자치도 동해시 전천로245-2 (북평동),98.515,26840000
81,HDC0035,1,39745,***,24-용-102 기지외곽 추가물량 제초용역,용역,HDC,공군제1전투비행단,202408281030,E6C7D,세유건설(주),SEYU CONSTRUCT,오충훈,0626543889,"광주광역시 서구 매월2로53, 30동 215호(매월동, 산업용재유통센터)",88.085,19956600
112,SCU0057,1,39426,***,세탁건조기 20대 구매,물품,SCU,해군 기동함대사령부,202408281030,M952F,동하상사,,정하나,01054649948,"경상남도 창원시 마산회원구 3·15대로732,4층 4193호 (합성동, 남산빌딩)",88.013,40223190
11,SCN0135,1,39630,***,24-진-48 00시설대 폐부이폐기물 처리용역,용역,SCN,제7001부대,202408281030,LA743,(주)진주스틸,,오경두,0555844863,경상남도 함안군 법수면 강주1길100-48,88.271,27830250
12,SCU0058,1,39593,***,24-0전단 안보문화탐방 용역,용역,SCU,해군 기동함대사령부,202408281030,L12BE,주식회사 월드시티글로벌,,양준영,07086999564,"부산광역시 수영구 광남로22, 403호(남천동)",88.597,13642200
25,HDQ0071,1,39417,***,20비 24-290 디젤 엔진오일 등 7품목,물품,HDQ,제20전투비행단,202408281030,KBD98,해오름달,,김다은,07040665334,충청남도 서산시 성연면 성연3로36-0 (이안 서산테크노밸리) 507동 904호,88.209,15297370
22,HCC0116,1,39523,***,"바, 금속제 등 3품목(187)",물품,HCC,해군제1수리창,202408281030,G4B68,남부상사,NAMBUSANGSA,오승현,070-4496-1169,강원도 동해시 샘실3길12-0 (천곡동),88.018,579200
62,SCR0092,1,39513,***,콤팩트 라쳇 핸들 등 162종 구매,물품,SCR,해군제3함대사령부,202408281030,M09AF,전남물산,,이현미,07047907822,전라남도 목포시 마인계터로40번길4 (죽동)157호,88.018,23221170
35,HCC0115,1,39520,***,"씨일 등 4품목(185,186)",물품,HCC,해군제1수리창,202408281030,L02A6,가포통상,,최영종,01089655107,강원특별자치도 동해시 동해대로5464-0 (평릉동),88.107,4344699
678,LNG0075,1,39066,***,항공기 라이트건 구매 (2개/2개부대),물품,LNG,육군 제1군단,202408281030,J0C00,해오름,,이옥희,01054001362,"경기도 남양주시 별내1로6, 103동 2004호(별내동,힐스테이트)",88.001,34061190
45,LNG0074,1,39500,***,00부대 검증용역 (24-북-172),용역,LNG,육군 제1군단,202408281030,M1AE5,주식회사 오엠엠,,정상영,0316055300,경기도 성남시 수정구 금토로80번길11-0 (금토동) 판교이노베이션랩 311호,88.986,19034035
33,HCC0114,1,39497,***,베어링 등 6품목(184),물품,HCC,해군제1수리창,202408281030,L99E4,주식회사 글로벌엠제이,,김미정,01094360925,"강원특별자치도 동해시 동해대로5464, 2층 203-48호(평릉동)",88.012,1920810
169,LNG0073,1,39499,***,00부대 지반조사용역 (24-북-172),용역,LNG,육군 제1군단,202408281030,J9688,주식회사 다온컨설턴트,,정광열,0314430107,"경기도 안양시 만안구 덕천로152번길25, 비동 16층 1602호(안양동, 안양아이에스BIZ타워센트럴)",88.032,35892000
193,SCN0127,2,37445,***,24-진-45 00전대 제초용역,용역,SCN,제7001부대,202408281030,E6F91,주식회사     에코그린,,김나은,0515531180,"부산광역시 사상구 엄궁로70-16, 307-2호(엄궁동, 부산테크노파크)",88.249,6600447
17,HCC0117,1,39529,***,"청동 등 88품목(24-06,24-07)",물품,HCC,해군제1수리창,202408281030,C0914,(주)동건,DONG GUN CO.,윤영현,0332422612,강원특별자치도 동해시 전천로245-2 (북평동),88.079,7538000
179,SCK0100,1,39488,***,도서(사소한 것들의 인문학 등 524종) 구매,물품,SCK,해군교육사령부,202408281030,JA3B9,동아누리서점,,최광민,0552451116,경상남도 창원시 마산합포구 완월동7길31 (장군동4가),90,10322461
6,SCK0099,1,39475,***,24-2차 해고반 현장학습(사천) 버스임차용역,용역,SCK,해군교육사령부,202408281030,C1EB0,주식회사 명신관광,myeongsin tour,안종주,0552385040,"경상남도 창원시 성산구 상남로37,비이 101호 (상남동 덕산베스트텔)",88.188,1212160
598,SCF0847,1,38845,***,"(긴급) 콘덴서, 냉각용 등 6종",물품,SCF,해군군수사령부,202408281030,KC787,토탈marine,,허광주,055-551-4511,경상남도 창원시 마산회원구 회원동로42-1 (회원동),93.32,37843120
830,SCF0670,2,24187,***,회로카드 조립체 등 5종 구매,물품,SCF,해군군수사령부,202408281030,K060F,호박마켓,,김광훈,01043131660,"경기도 수원시 팔달구 중부대로80 (인계동, 인계한양수자인) 101동 603호",96.71,64003700
24,LNG0072,1,39498,***,00부대 설계용역 (24-북-172),용역,LNG,육군 제1군단,202408281030,A4FC1,주식회사 만유방재엔지니어링,manyou,김원기,0234737683,경기도 광명시 새빛공원로67 광명역 자이타워 B동 1510호(일직동 515-1),87.822,105809100
2,MHD0078,2,36176,***,40mm고속유탄기관총-Ⅱ 사업분석,용역,MHD,방위사업청(운영지원과),202408271500,C693D,(사)21세기군사연구소,Korea Research Institute of Military Affairs,김진욱,028423105,"서울특별시 금천구 가산디지털2로184, 10층 1017호(가산동, 벽산디지털밸리2차)",,57000000
7,LIK0057,1,35551,001,'24년 부대계약 부식(10~12월)(일반1),물품,LIK,제2군수지원여단,202408271330,HBCE0,(주)아워홈 동서울영업소,"OURHOME CO.,LTD.",김태원,0269669758,경기도 광주시 초월읍 산수로642-27,56.271,1336400
7,LIK0059,1,35565,001,'24년 부대계약 부식(10~12월)(일반3),물품,LIK,제2군수지원여단,202408271330,HBCE0,(주)아워홈 동서울영업소,"OURHOME CO.,LTD.",김태원,0269669758,경기도 광주시 초월읍 산수로642-27,55.516,1309800
7,LIK0058,1,35562,001,'24년 부대계약 부식(10~12월)(일반2),물품,LIK,제2군수지원여단,202408271330,HBCE0,(주)아워홈 동서울영업소,"OURHOME CO.,LTD.",김태원,0269669758,경기도 광주시 초월읍 산수로642-27,56.693,1075000
2,LDH0701,1,37869,***,K1전차 개스킷 등 13종 구매,물품,LDH,육군종합정비창,202408271300,I3063,이든산업,Ideun Industry,박용철,070-4647-0245,부산광역시 강서구 호계로57번길20-0 (죽동동),89.135,7346220
13,LDH0710,1,38429,***,"K21 베어링,롤러식 등 2종 구매",물품,LDH,육군종합정비창,202408271300,L5666,주식회사연합시스템,,윤준삼,0326750101,경기도 김포시 양촌읍 황금로323번길26-0,88.065,11917020
5,LDH0707,1,37918,***,K21 개스킷 등 15종 구매,물품,LDH,육군종합정비창,202408271300,K5061,인성테크,,이주연,051-313-8822,부산광역시 사상구 학감대로123번길40 (학장동),88.031,9784000
2,LDH0705,1,37916,***,K1전차 스프링 등 3종 구매,물품,LDH,육군종합정비창,202408271300,G989D,금성특수산업,GoldStar Special Lnd,김진봉,051-313-8822,부산광역시 사상구 광장로34 금성특수산업,91.294,739400
5,LDH0703,1,37892,***,K1전차 베어링 등 7종 구매,물품,LDH,육군종합정비창,202408271300,G9688,세강상사,SE GANG CO.,신종태,0518045604,"부산광역시 부산진구 백양관문로10-0 (당감동, 주공아파트 3단지)",88.356,15859500
17,LDH0702,1,37885,***,K1전차 오링 등 29종 구매,물품,LDH,육군종합정비창,202408271300,L16AC,환호테크,,서선희,0513283412,부산광역시 사상구 가야대로103번길10(감전동),88.178,16859000
166,LGP0135,1,39310,001,24-4차 빵류 다수품목 단가계약,물품,LGP,제1군수지원사령부,202408271100,H1BBA,주식회사 두준,DooJun Company,김현우,0319012280,"경기도 고양시 일산동구 백마로195, 제7층 제7001-2호 (장항동, 엠시티타워앤엠시티오피스텔)",83.378,624783.17
954,MCN0024,1,39005,***,24-3차 청소 및 위생용품 구매,물품,MCN,국방부근무지원단,202408271100,J7ACB,라연,,나은선,0262273290,"서울특별시 성북구 동소문로15길99 (동소문동7가, 동소문2차 한신휴플러스)",88.001,38429330
5057,MCN0025,1,39013,***,'24년 부대운영자재(다기능사다리 등 103종) 구매,물품,MCN,국방부근무지원단,202408271100,K5DF6,유노코리아,,권지은,01072071901,"경기도 의정부시 부용로174-0 (신곡동, 상록아이파크) 104동 201호",88,13419210
38,MDP0007,1,39384,***,24년 연합사 관사지역 제초용역,용역,MDP,한미연합군사령부,202408271100,J52FE,주식회사 늠내조경,,박종남,0316866369,"경기도 평택시 안중읍 강변로200, 7호",88.078,29514780
92,LDA0040,1,39395,***,(D080) 00부대 지하시설장비세트 구매,물품,LDA,지상작전사령부,202408271100,MBA12,제이에스솔루션,,박진성,01093979281,경기도 김포시 태장로751(장기동) 테라비즈타워 424호,88.006,22018840
95,LPT0008,1,39506,***,24년 동원사격장 방탄보호판 설치납품,물품,LPT,제75보병사단,202408271100,H53C0,주식회사 비엠케이,bmkcoltd,조덕상,0315941998,경기도 남양주시 화도읍 경춘로2177번길43-25,88.013,58682493
182,UMM1074,1,39335,***,(247285-F) HF송수신기 구매설치,물품,UMM,국군재정관리단,202408271100,EF1E8,주식회사 아진통신,AJINTELCO,김성중,0629515645,광주광역시 광산구 비아안길113-15 (비아동),88.005,81866060
1156,UMM1069,1,39305,***,(246316-C) 질소주입기 구매,물품,UMM,국군재정관리단,202408271100,G6F19,대성상사,daesung,장근영,01050662957,서울특별시 강서구 마곡동마곡엠밸리6단지604-504,83.003,807963000
3,UMM1059,1,39072,***,24-N-페인트 스프레이 부스 제조,물품,UMM,국군재정관리단,202408271100,AF0B0,한일기기(주),"HANIL MACHINERY CO.,LTD",조항근,0316344503,경기도 이천시 백사면 청백리로671-24,83.624,314619000
38,UMM1049,1,38674,***,(24F235-A) 얼음정수기 임차 용역,용역,UMM,국군재정관리단,202408271100,J5CA4,삼성기술 주식회사,,차현화,07088049968,전라남도 강진군 강진읍 중앙로45-5,83.6,705896428
31,UMM1062,1,37401,***,(246338-C) 생도 명찰 등 제조,물품,UMM,국군재정관리단,202408271100,M86FB,진보상사,,이정대,010-3703-2235,"서울특별시 금천구 시흥대로123길84, 2층(독산동, 2층)",88.119,63591800
5474,UMM1071,1,37223,***,(247327-F)안전보호세트 구매,물품,UMM,국군재정관리단,202408271100,D89C0,주식회사 세명,Se Meng,최기철,0332424369,강원특별자치도 춘천시 동내면 동내로262-21,87.997,50325140
137,UMM1051,1,37147,***,24-F-공군수첩 및 업무받침대 제조(249140-F),물품,UMM,국군재정관리단,202408271100,J35E7,주식회사 우리출력,,김재현,0622245175,광주광역시 동구 백서로137번길23-1 (금동),87.998,84304430
40,UMM1064,1,37017,***,(246324-F) 생도 가방류 제조,물품,UMM,국군재정관리단,202408271100,G8EBB,주식회사 더엔진,THE ENJIN,오현택,0262727080,"서울특별시 용산구 원효로134-0 (원효로3가), 5층",88.017,60673600
6,UMM1023,2,37006,***,(24F220-I) 식자재 민간위탁 배송용역(8급양대),용역,UMM,국군재정관리단,202408271100,CBABB,(주)산양미트,sanyang meat,이청우,0337317561,강원특별자치도 원주시 소초면 송황유사길 23(),99.68,581733850
33,UMM1068,1,36877,***,(246323-E) 25년 생도 침구류 제조,물품,UMM,국군재정관리단,202408271100,H9392,주식회사 대창,"Dae Chang Trading co.,Ltd",이호웅,0535512388,대구광역시 서구 문화로21길26(이현동),88.235,67091500
4,UMM1000,1,20739,***,24-N- 해안경계부대 출동차량 제조(248157-F),물품,UMM,국군재정관리단,202408271100,G6EA2,주식회사 와풀,woowful,송봉주,0226783080,경기도 김포시 월곶면 김포대로2708-37,86.846,455677000
443,MDG0185,1,37854,***,부수장비(광화일스캐너) 구매,물품,MDG,국군의무사령부,202408271100,BE554,(주)성빈아이엔티,sungbin I & T,이기상,0232731178,서울특별시 영등포구 양평로21길26 선유도역1차아이에스비즈타워 801호(양평동5가),88.274,23530000
226,LNJ0004,1,39304,***,24년 얼음정수기 임차 용역(79대),용역,LNJ,육군 제1포병여단,202408271100,MC74E,에스비컴퍼니,,백승빈,01052491567,인천광역시 계양구 계산새로71 (계산동) B동 1321호,87.746,110325360
12,LMU0042,1,39020,001,(24-급-034) `24-2차 경축특식(크로플) 계약,물품,LMU,제7군수지원단,202408271100,LDD4A,주식회사 로만,,배순옥,041-332-2347,충청남도 예산군 신암면 용산로159,88.142,2585.99
3,EBB0307,3,0098A,***,사격 훈련장비세트(제조),물품,EBB,지상공통전력운영계약팀,202408271030,0691F,대호정기(주),"Daeho Precision Co., Ltd",신영근,0553452121,경상남도 김해시 진영읍 서부로179번길 48(),84.452,813000000
20,LHN0064,1,39390,***,24-신영-10 00부대 취사식당 신축(건설폐기물),용역,LHN,제7보병사단,202408271030,F7933,주식회사윤원환경,yoon won environment  inc.,이선희,0333328272,강원특별자치도 평창군 평창읍 서동로1741-6,88.029,15751000
8,LHN0063,1,39331,***,"24-신영-10 취사식당 신축 재해예방(전기,통신)",용역,LHN,제7보병사단,202408271030,MA494,주식회사 중앙산업안전,,이인숙,0325630999,"인천광역시 서구 검단로790, 상가동 205호(불로동)",88.75,6580000
21,LHN0062,1,39318,***,"24-신영-10 취사식당 신축 재해예방지도(건설,기계)",용역,LHN,제7보병사단,202408271030,M92FB,온세이프티기술사지도사사무소,,박병화,010-9676-9613,"경기도 김포시 김포한강4로420번길30, 1510호(구래동, 한강비즈나인 지식산업센터)",88.039,11135520
7,LDG0077,1,39339,***,'24~'27년 식기세척기 임차 용역,용역,LDG,육군 탄약지원사령부,202408271030,I279A,주식회사 엠에스케이원(MSK1 Inc.),MSK1 inc.,김미숙,070-8717-0155,"경기도 성남시 수정구 위례대로83, 에이동 지상1층 17번매장(창곡동)",88.311,25450000
2053,MCT0043,1,39337,***,아파트 싱크대 배수구 설치납품,물품,MCT,국군체육부대,202408271030,I9E14,희망푸드,HOPE FOOD,양승길,0625756612,"광주광역시 북구 양일로343번길52, 1층 (일곡동)",88,12372984
2373,SFG0088,1,39243,***,예초기날 등 565품목 구매,물품,SFG,제9181부대,202408271030,M221B,주식회사 에이치씨티,,홍준호,01083602521,"경기도 화성시 팔탄면 서해로987번길14, 8동 201호",88.031,29877310
4,SCK0096,1,38628,***,24-정보초급반41기 현장학습 버스임차 용역,용역,SCK,해군교육사령부,202408271030,H187D,주식회사 대원고속관광,daewon,문창권,0552553030,경상남도 창원시 마산회원구 내서읍 중리공단로75,88.117,2392500
6,SDF0134,1,39393,***,24-항-58 625 버스임차(2대) 용역,용역,SDF,제5738부대,202408271030,C5D5E,주식회사 대진고속관광,DAEJIN TOUR,김재식,0555452226,경상남도 창원시 진해구 충장로 235(),88.176,2075000
3,SCN0134,1,39391,***,24-진-47 버스임차용역,용역,SCN,제7001부대,202408271030,C1EB0,주식회사 명신관광,myeongsin tour,안종주,0552385040,"경상남도 창원시 성산구 상남로37,비이 101호 (상남동 덕산베스트텔)",88.701,1731660
75,SDF0133,1,39392,***,24-항-논 00대대 예초용역,용역,SDF,제5738부대,202408271030,FC0F2,세원조경 주식회사,SeWon,강옥남,0417414071,충청남도 논산시 연무읍 안심로220번길 33,88.014,7756130
2,SCQ0085,1,39365,***,공업용가스(액화질소 등 11종) 구매,물품,SCQ,제9911부대,202408271030,HE518,일성가스,il sung,김교호,0316814646,경기도 평택시 청북읍 청북로207,88.15,6670070
9,SCN0132,1,39006,***,의무물자(청력계 휴대식 1종) 구매,물품,SCN,제7001부대,202408271030,K50BB,주식회사 칼라투,,김동국,07070792933,"경기도 고양시 덕양구 중앙로558번길16-16, 308-A호(행신동, 능곡종합프라자)",89.29,3466000
1597,SCN0133,1,39250,***,스피커 등 3종 구매,물품,SCN,제7001부대,202408271030,MD117,로터스,,최정순,01087948020,"전라남도 목포시 영산로719-29 , 103동 1402호(석현동, 서희스타힐스)",88.001,31053440
7,LNG0071,1,39073,***,정보분석장비 8종 구매,물품,LNG,육군 제1군단,202408271030,B2654,한국이엠에스(주),hkems,이재덕,0319777555,"경기도 고양시 일산동구 고봉로 642, 영진빌2층(성석동)",88.855,5281410
131,LCH0061,1,39239,***,승차식 잔디깎이 구매(특-24-물-69),물품,LCH,특수전사령부,202408271030,J6B27,정일컴퍼니,,서현일,0325151036,"인천광역시 남동구 용천로105번길8, 101동 1102호(구월동, 한화포레나 인천구월)",88.005,32969000
308,LDF0015,1,39266,***,3분기 실습재료비 구매,물품,LDF,육군정보통신학교,202408271030,M7346,이랑,,송희숙,07047721922,"대전광역시 유성구 도안동로422, 112동 203호 (원신흥동)",88.002,25625870
10,MCX0053,1,39302,***,24-자운대 임목폐기물 처리용역,용역,MCX,자운대근무지원연대,202408271030,DF510,주식회사비젼월드,visionworld,이미경,0415531158,충청남도 천안시 서북구 입장면 연곡길172-22,88.015,67540000
158,SFC0097,1,38550,***,카보네이트 방패 구매,물품,SFC,제9691부대,202408271030,LBB26,남컴퍼니,,남유리,07046473201,"경기도 부천시 석천로2번길58-0 (상동, 대용화이트빌리지나동) 503호",88.004,3112590
1170,SFC0095,1,38543,***,의무장비(환자체온조절기 공기식) 구매,물품,SFC,제9691부대,202408271030,L86EC,제이에스씨 코퍼레이션,,남궁복자,01027198741,"경기도 용인시 처인구 한터로152번길45-0 (고림동, 인정피렌체빌리지1차아파트) 106-505",88.031,12581100
834,SFC0096,1,38542,***,의무장비(손세척대 등 2품목) 구매,물품,SFC,제9691부대,202408271030,I07FF,명준유통,Myoung Junyutong,임소영,01024075238,경기도 의정부시 둔야로45번길11 (의정부동) 1층1235호,87.996,15403025
2,SCF0846,1,38521,***,"해병대 대형버스, 37인승 6대 구매",물품,SCF,해군군수사령부,202408271030,0851F,기아 주식회사,Kia Corporation,송호성,025109313,서울특별시 서초구 헌릉로 12(),98.328,1222200000
298,SCF0845,1,38316,***,(긴급) 컴퓨터 하부조립체 등 3종,물품,SCF,해군군수사령부,202408271030,M7015,에이스상사,,김일천,010-4387-7885,"부산광역시 사하구 다대로339, 1914호(장림동, 극동정림아파트)",98.785,18887000
16,SCF0844,1,38046,***,'24년 함정 수면하 선저 조패류 수중소제 용역,용역,SCF,해군군수사령부,202408271030,E303C,대한수중공사,Daehan Underwater Construction Co.,이종민,0328885311,"인천광역시 중구 연안부두로21번길20, 대한수중공사(항동7가)",85.625,344283797
251,SCF0843,1,37510,***,울트라랙 등 16종 구매,물품,SCF,해군군수사령부,202408271030,L3038,주식회사강원,,김동국,07070792933,"서울특별시 강서구 공항대로45가길11-0 (등촌동, 강서메트로칸), 4층 423호",99.4,9392000
972,SCF0840,1,34528,***,에폭시 코팅 키트 등 33종 구매,물품,SCF,해군군수사령부,202408271030,G8531,레인보우,RAINBOW,신경미,01085357813,"서울특별시 구로구 디지털로26길43-0 , R동 1102-A43호",83.015,208848300
649,SCF0839,1,34361,***,"필터엘리먼트, 유체용 등 4종 구매",물품,SCF,해군군수사령부,202408271030,IAF18,주식회사 태원엠티,TAEWON MT,김태원,0516340937,부산광역시 강서구 신호산단3로88번길60-0 (신호동),87.997,59289820
64,SCF0791,2,30619,***,자동전압조절기 구매,물품,SCF,해군군수사령부,202408271030,J8715,더블유엠,,최원익,01089544638,서울특별시 영등포구 영신로38길18(영등포동6가) 흥무빌딩 3087호,96.735,3990600
9,SCF0741,2,22973,***,0-00호정 함내 배전반 외주정비,물품,SCF,해군군수사령부,202408271030,LC91E,근영테크,,윤순근,01091472607,부산광역시 강서구 신호산단4로89(신호동),84.459,29580000
204,LIK0063,1,39128,001,‘24년 부대계약 부식(10~12월)(빵류) 제조/구매,물품,LIK,제2군수지원여단,202408271030,F8F2B,매쉬미디어(주),"Mash Media Co., Ltd",김문선,07088316061,서울특별시 마포구 양화로183-0 (동교동) 효성홍익인간오피스텔 14층 1412호,83.023,799312.08
286,LBA0059,1,38898,***,‘24년 10~12월 부대조달 부식(햄류 4품목) 구매,물품,LBA,제 2167부대,202408271030,I4DF0,주식회사 신라명과,SHILLA MYUNGGUA,박창훈,0314440404,경기도 안양시 만안구 덕천로72번길30 (안양동),83.001,441890563
198,LBA0063,1,38893,***,‘24년 10~12월 부대조달 부식(빵류 62품목) 구매,물품,LBA,제 2167부대,202408271030,MD715,케이엠유통(주),,이재용,07048004874,부산광역시 강서구 공항로301번가길23-0 (대저2동),83.096,1555513600
135,HCL0058,1,39178,***,24-충-공-7 설계용역(공사 노후배수로 개선),용역,HCL,공군사관학교,202408271030,EC26F,주식회사 서화기술공사,"SEOHWA Co,.Ltd.",이준호,0553227755,경상남도 김해시 호계로422번길34-5 (부원동),87.749,165826000
3,HCL0055,1,39055,***,24-공군박물관 특별기획전 설계 및 제작설치,용역,HCL,공군사관학교,202408271030,H2DB3,주식회사 씨앤씨파트너스,CNC PARTNERS,김태호,0432748540,충청북도 청주시 상당구 무농정로2번길66-20 (방서동),88.108,120856000
32,HCF0198,1,38925,***,공군 CCTV 통합유지보수,용역,HCF,공군군수사령부,202408271030,A722E,영현정보통신(주),a,김두식,028699501,"서울특별시 구로구 공원로6나길12-0 (구로동,경방빌딩) 301호",78.101,2093803346
2,HCF0193,1,37111,***,항공용금속재료 가공방법별 기계적물성치측정방안연구,용역,HCF,공군군수사령부,202408261300,E8ABB,주식회사피레타,"PILETA Co.,Ltd",최현선,0423680180,대전광역시 유성구 국제과학3로22-0 (신동),82.606,67817144
151,SCF0841,1,39078,***,"체인, 블록형 등 9종",물품,SCF,해군군수사령부,202408261300,M745C,캔버라,,심현남,01068338047,"경상남도 창원시 성산구 용지로94, 지하층 109호 (중앙동, 올림피아상가)",88.04,8360361
1,LCG0074,1,36753,***,[24-육-189] 과학화 동원훈련장 시범사업 추진 연구,용역,LCG,육군본부,202408261300,C7FEF,건양대학교 산학협력단,Konyang University Industry Cooperation Foundation,이후기,0417305622,"충청남도 논산시 대학로 121, 건양대학교 산학협력단(내동)",81.369,33333000
117,LKG0085,1,38608,***,24년 10~12월 부대계약(일반품목) 구매,물품,LKG,육군제53보병사단,202408261100,C1CCA,(주)동성식품,"dsfoods co.Ltd,.",이용택,07047405813,경기도 용인시 처인구 유림로 1351층(유방동),83.044,2872821622
4,LKG0088,1,39108,***,'24-2차 식기세척기 임차용역(울산-2대대),용역,LKG,육군제53보병사단,202408261100,IF4EC,주식회사 덕수기업,,윤인원,0415337745,충청남도 아산시 음봉면 연암산로71-13 에이동,88.506,19636711
44,UMM1054,1,38675,***,24-N-체력단련장 캐디 피복 제조,물품,UMM,국군재정관리단,202408261100,G608D,사단법인 하나복지회,hana,이영임,0222631105,"서울특별시 중구 수표로48-7, 201호(을지로3가)",88.048,88425000
5,MDL0004,2,31198,***,국외수집자료(영어) 국문 번역,용역,MDL,국방부군사편찬연구소,202408261100,J5159,외교센터 번역 아포스티유 주식회사,,홍미경,025728879,서울특별시 종로구 율곡로6-0  트윈 트리 빌딩 B2 (중학동),,13203675
24,MDK0057,1,38833,***,24-2차 한빛부대 재보급물자 수송관리용역,용역,MDK,국군수송사령부,202408261100,F6AF2,주식회사 파빅스로지스틱스,"PAVIX LOGISTICS CO., LTD.",박용찬,027431151,서울특별시 중랑구 신내역로111 (신내동) 신내SK V1센터 A-923,85.744,285209600
4,LGP0134,2,38222,***,00부대 폐수처리시설 슬러지 처리 용역,용역,LGP,제1군수지원사령부,202408261030,K0738,주식회사 에버,,반재영,01074008119,경기도 남양주시 진접읍 팔야로124번길46,88.284,19388200
10,SDF0130,1,39148,***,24-항-57 군비행장 방음벽 소음영향 분석용역,용역,SDF,제5738부대,202408261030,CAB09,(주)한국소음진동,"Korea Noise/Vibration Technology Co.,Ltd",윤세철,0312768830,"경기도 용인시 기흥구 기흥로58-1 A동 2706호(구갈동, 기흥ICT밸리 SKV1)",88.07,25786000
8,SDF0129,1,39147,***,24-항-55 00병원 토양오염도 검사용역,용역,SDF,제5738부대,202408261030,M3D5B,재단법인 퍼스트환경연구원,,김민환,0637144900,"전북특별자치도 전주시 덕진구 진버들6길7-7 (우아동2가), 2층",88.116,587600
30,SDF0128,1,39146,***,24-항-54 00병원 24~27 얼음 냉온정수기(7대)임차용역,용역,SDF,제5738부대,202408261030,LA147,워터즈,,김범석,0216447534,경기도 용인시 수지구 동천로285 (동천동),88.339,13193660
4665,SFD0078,1,39106,***,의무물자(냉각시트세트)구매,물품,SFD,제9227부대,202408261030,I95E7,리치코리아,onetop distribution,박도연,01093951878,경기도 의정부시 신촌로22 (가능동) 상가동106호,88.001,10045943
651,SCP0090,1,38933,***,24-0함대 식당/취사장 청소 용역,용역,SCP,제8385부대,202408261030,IA87D,주식회사 아이크린프러스,i-clean plus,고중량,024026640,"서울특별시 송파구 중대로201, 7층(가락동, 정안빌딩)",88,29325440
5546,UAB0058,1,39031,***,'24-2차 정보화운용재료 구매,물품,UAB,국군복지단,202408261030,LDF2C,톡톡 마캣,,조미리,01037049510,인천광역시 부평구 마장로460번길28-4 (청천동) 601호,88,42686234
30,SCK0097,1,38994,***,복사용지(85box)구매,물품,SCK,해군교육사령부,202408261030,I08F0,대성,dae sung,최명희,01068330717,"경상남도 창원시 마산회원구 양덕로65-0 (양덕동, 타코마) 가-503",88.066,2453640
1459,LPF0073,1,39021,***,24년 후반기 병영도서관/독서카페 도서 구매,물품,LPF,제51보병사단,202408261030,MBB58,유한EST,,이동현,01049453675,"경기도 김포시 사우중로73번길39-0 (북변동, 풍년마을) 219-1601",90,13748730
179,SFM0071,1,38962,***,스텐평식기 등 2품목 구매,물품,SFM,제3170부대,202408261030,L6893,헬싱,,성동재,01039011543,"경상북도 포항시 남구 동해면 일월로160번길12-0 , 1층",88.006,32953525
3,SCH0136,1,39137,***,전투탄 실사격용 표적정 1척 이송 예인 용역,용역,SCH,해군작전사령부,202408261030,JFE8A,주식회사 금오해운,,이경현,0612472111,전라남도 완도군 완도읍 농공단지9길4,92.764,45000000
4,SFC0098,1,39134,***,24-덕-상용 SW(SSL인증서) 구매,물품,SFC,제9691부대,202408261030,FCB54,주식회사 한국기업보안,Korea Corporation Security,전귀선,025147786,"서울특별시 서초구 강남대로99길53, 4층(잠원동, 삼우빌딩)",88.043,2640000
3503,UAB0057,1,38975,***,24-5차 쇼핑타운 비품구매,물품,UAB,국군복지단,202408261030,MB847,라린 리브레,,신경애,01032497257,"서울특별시 강서구 방화대로7길53-8, 303호 (공항동, 대림밸리)",88,18503260
13,HCC0112,1,38977,***,밸브 등 1품목 (182),물품,HCC,해군제1수리창,202408261030,K9A48,동해상사,,최승종,01062487950,강원특별자치도 동해시 서동로721-6(신흥동),88.004,413890
1593,SDF0132,1,39151,***,환자용 침대(조절식/3단),물품,SDF,제5738부대,202408261030,L5D38,에펠코리아,,유승연,01063155666,서울특별시 강북구 솔매로43길48-0 (미아동),88,27036511
243,SDF0131,1,39153,***,안전모 등 177종,물품,SDF,제5738부대,202408261030,C262C,대인종합상사,,이용재,010-5566-5658,경상남도 창원시 진해구 여명로 52(),88,21501280
4,LHN0061,1,39047,***,24년 칠성어린이집 놀이터 바닥 포장 용역,용역,LHN,제7보병사단,202408261030,K6F2E,태기실업,,김진태,0336434250,강원특별자치도 강릉시 경강로2028-0 (명주동),88.293,15772320
1699,LPF0072,1,39017,***,24년 예비군 육성지원(방한장갑) 구매,물품,LPF,제51보병사단,202408261030,M29D0,여울유통,,이주연,01027528207,"경기도 남양주시 화도읍 경춘로2290번길2, 105동 702호",88.002,17734860
37,HCC0113,1,38998,***,전지 등 1품목(181),물품,HCC,해군제1수리창,202408261030,KAA71,현대상사,,김영락,01052181431,강원특별자치도 동해시 부곡6길6(부곡동),88.103,2907050
3,HCC0111,1,38961,***,미싱기 등 1품목(178),물품,HCC,해군제1수리창,202408261030,G409E,대광종합상사,DAGANG JUNGHAB SANGSA,김유람,0336539838,"강원특별자치도 동해시 망상길45, 1동 (망상동)",88.303,4321400
114,UAB0056,1,38904,***,국방컨벤션센터 일용직 인력공급 용역(긴급),용역,UAB,국군복지단,202408231600,B715C,(주)태원에이엠,taewonam,이성희,024746637,서울특별시 금천구 벚꽃로254-0 (가산동) 1202호,87.922,38416000
3128,SFD0076,1,38851,***,홍보물(만년 다이어리)구매,물품,SFD,제9227부대,202408231030,M746A,주식회사 뮤플렉스,,김두환,0226025150,"서울특별시 양천구 지양로46, 2층 (신월동,한양빌딩)",88,14454195
209,SDF0127,1,38947,***,MULTI PATIENT SET 등 2종 구매,물품,SDF,제5738부대,202408231030,K6FBD,준유통,,김민경,01063769490,"강원특별자치도 강릉시 선수촌로113 (유천동, 엘에이치선수촌8단지)",88.02,3283740
145,SDF0126,1,38949,***,도서(감정의 이해 등 311종) 구매,물품,SDF,제5738부대,202408231030,H7072,그린서점·문구,greenbook.mungu,이재혁,0542476151,"경상북도 포항시 북구 삼호로472, 101호(환호동, 환호해맞이그린빌단지내1층상가)",90,10445150
1234,SDF0125,1,38948,***,XN-CHECK 등 39종 구매,물품,SDF,제5738부대,202408231030,L9267,제이와이엘글로벌,,장아롱,01074231979,"경기도 의정부시 신곡로13 (신곡동, 현대2차아파트) , 208동 808호",88.002,10366840
37,HCC0110,1,38197,***,"박판 등 10품목(175,177)",물품,HCC,해군제1수리창,202408231030,K668A,금성상사,,강영실,01052181431,강원특별자치도 동해시 서동로721-6 (신흥동),88.208,5663990
32,SDF0124,1,38946,***,오피덱스 액 1L 등 28종 구매,물품,SDF,제5738부대,202408231030,I4CE2,주식회사 한스바이오파마,hansbiopharm,김민좌,07077247736,경기도 오산시 외삼미로152번길57-13 (외삼미동) 강남빌딩 4층,88.351,20403810
11,MCS0105,1,38945,***,24-900동 승강기 유지보수 관리용역,용역,MCS,국방부계룡대근무지원단,202408231030,K5898,주식회사 우리엘리베이터,,박기범,0448660635,세종특별자치시  소담로93 (소담동) 1동 605호,88.054,6480360
5,MCS0103,1,38942,***,24-27 공사감독 업무수행용 차량 임차용역(2차),용역,MCS,국방부계룡대근무지원단,202408231030,B2427,주식회사 레드캡투어,redcaptour,인유성,0427142392,"서울특별시 중구 을지로100, 비동 19층(을지로2가, 파인에비뉴)",88.274,29520000
63,MCS0104,1,38943,***,24-취사장 청소용역,용역,MCS,국방부계룡대근무지원단,202408231030,L9058,퍼스트에코아산,,윤우순,0415323645,"충청남도 아산시 음봉면 음봉로807-0, 203호",90.037,22196930
8,SFL0034,1,38932,***,의약품(보스민 액 등 100품목) 구매,물품,SFL,제3283부대,202408231030,G8429,삼성팜,sam sung pharm,이혜란,0538123550,경상북도 경산시 경안로14길2-0 (신교동),88.166,33731310
10,LPF0070,1,38934,***,24년 예비군 육성지원(개인천막) 제조,물품,LPF,제51보병사단,202408231030,J9FE0,포제스컴퍼니,,안은자,0314358913,"경기도 시흥시 하중로181, 1층 104호(하중동, 현성빌딩)",88.073,13052188
68,SFL0033,1,38929,***,마약검사키트 구매,물품,SFL,제3283부대,202408231030,I90E8,조이모바일,joymobile,김대호,0545355010,경상북도 상주시 삼백로131-0 (서문동),88.011,12513580
56,SCN0131,1,38764,***,의무물자(E-T tube 7.5 등 125종) 구매,물품,SCN,제7001부대,202408231030,J4241,휘 컴퍼니,,이연휘,01042300203,"서울특별시 강동구 천호대로1082 (성내동), 경남빌딩 304호",88.15,30568670
49,SCN0130,1,38761,***,의약품(아세사이드액 등 56종) 구매,물품,SCN,제7001부대,202408231030,JB386,주식회사 닥터리츠,,최혜식,0234379607,"서울특별시 강동구 구천면로233, 5층 502-1호(천호동), 지층101호(천호동, 한양메디스퀘어)",88.02,33289000
1401,SCN0129,1,38760,***,의무물자(환자용 침대 등 5종) 구매,물품,SCN,제7001부대,202408231030,IF1A1,가람슬기상사,,권진석,07082317518,"인천광역시 남동구 남동대로860-0 (간석동, 간석래미안자이아파트) 104동 1802호",88.001,36760827
46,SCH0130,1,38852,***,의약품(하트만액) 등 102종 구매,물품,SCH,해군작전사령부,202408231030,K0F3F,주식회사 한서팜,,김수현,0317053342,"경기도 성남시 분당구 매화로48번길8-1, 102호 (야탑동)",88.007,19199000
6,SCH0133,1,38928,***,지퍼비닐 등 21종 구매,물품,SCH,해군작전사령부,202408231030,F3F28,동진기업,DONG JIN,정성용,0513100938,부산광역시 사상구 낙동대로910 (감전동) C-301호,88.026,1407760
355,SFL0032,1,38926,***,포제명찰 및 PVC명찰 제조납품,물품,SFL,제3283부대,202408231030,I27DB,굿볼트,CICHIRUS,안재홍,07047970581,"경상북도 포항시 남구 중앙로154, 1607-41호(해도동, 학산타워빌딩)",88.003,28247810
212,SCH0131,1,38886,***,24-61호 마이텍스 등 100종 구매,물품,SCH,해군작전사령부,202408231030,MA233,브랜뉴라이프,,허윤미,07075750431,"부산광역시 부산진구 성지로94번길85-0 (초읍동, 초읍대우아파트)103동 206호",88.001,32296020
10,SCR0090,1,38775,***,라면조리기 등 2종 4점 구매,물품,SCR,해군제3함대사령부,202408231030,BFF14,(유)목포신도digitalOA,,김기홍,0612798424,전라남도 목포시 삼학로 282(),88.082,1887400
1511,LNG0070,1,38809,***,병영도서관 도서구매 (1490권/10개 부대),물품,LNG,육군 제1군단,202408231030,L17D1,에스와이티(SYT),,이석용,07080657624,경기도 고양시 일산서구 일현로97-11 (탄현동),90.001,25022689
50,LMH0054,1,38770,***,00부대 소방종합정밀점검 용역(C074),용역,LMH,제7군단,202408231030,M7F92,드림소방 주식회사,,김도연,0314097119,경기도 수원시 권선구 당진로15번길19-31 (당수동)102호,88.047,19173010
56,SCR0091,1,38856,***,LUDEC 듀얼모니터 받침대 등 345종 구매,물품,SCR,해군제3함대사령부,202408231030,MCBF8,주식회사 하이퍼,,황혜란,01071324200,"전라남도 목포시 영산로93-1, 3층 341호 (명륜동)",88.034,14503479
137,SFD0077,1,38854,***,안전관리물품(IP카메라등 6품목)구매,물품,SFD,제9227부대,202408231030,LD164,팔팔청춘,,배상태,01041103604,"경상북도 포항시 북구 청하면 해안로2364, B동 201호(비치하우스)",88.004,25986170
408,UAB0055,1,38472,***,국군복지단 복지시설 하반기 정기안전점검 용역,용역,UAB,국군복지단,202408221700,L91F7,(주)에코게이트,,이원철,0537519701,"대구광역시 수성구 청수로24길91 (두산동, 수성 레이크 푸르지오 103동 3102호)",88,17855300
4,LDH0695,1,37606,***,K10탄운차 저항기등56종 구매,물품,LDH,육군종합정비창,202408221300,I91F2,지앤와이일렉텍(주),"G&Y Electech Co.,Ltd",김보영,0260911083,서울특별시 구로구 경인로53길15-0 (구로동) 중앙유통단지 가동 3116호,98.586,13569770
4,HDN0031,2,37774,***,'24년도 활주로 진입등 해상구조물 정밀안전점검용역,용역,HDN,공군제18전투비행단,202408221300,F3987,주식회사 다담엔지니어링,dadam engineering,가상현,0269531061,강원특별자치도 원주시 양지로70 (반곡동),88.046,24500000
13,LDH0699,1,37612,***,K9자주포 패킹등19종 구매,물품,LDH,육군종합정비창,202408221300,LBCDA,엠에스산업,,정명식,010-9311-9173,"부산광역시 강서구 명지국제2로41 (명지동, 더샵 명지퍼스트월드 3단지)",87.996,4417700
17,EBH0117,1,0381A,***,VRC-946K장치대부품(구매),물품,EBH,해상공중전력운영계약팀,202408221100,1003F,연합정밀(주),"YEONHAB PRECISION CO.,LTD",김은주,0415665992,충청남도 천안시 동남구 목천읍 학수소사길219-27,83.56,1763174000
76,LKP0131,1,38680,***,'24년 오성마을 도배ㆍ장판 교체납품,물품,LKP,5군수지원사령부,202408221100,KC537,레오,,최민희,01033526622,"대구광역시 달서구 서당로7길8, 1층 1층 동북편(신당동)",88.001,12120718
3,UHD0032,1,38468,001,[경기2지역] 취사연료(LPG) 구매,물품,UHD,공군 작사예하 방포사예하 제3여단,202408221100,HC14E,대명에너지,daemyung energy,장보규,031-498-1800,경기도 시흥시 오이도로22-29 (정왕동)2층대명에너지,89.264,1441
5320,LFK0056,1,38625,***,24년 3수송연대 교육실습재료비 구매,물품,LFK,육군종합군수학교,202408221100,C1FE5,주식회사 대원정보기술,"DAEWON IT. CO.,LTD.",이상윤,0425372930,대전광역시 중구 동서대로1433-0 (중촌동),88,16015027
308,LFD0006,1,38742,***,24-3기 교육실습재료비 물품 구매,물품,LFD,육군대학,202408221100,E431F,(주)대상종합개발,daesang,최주희,0422536777,"대전광역시 중구 대둔산로 413, 4층(산성동)97-6번지4층",88,11812179
320,LFD0007,1,38743,***,25-1기 교육실습재료비 물품 구매,물품,LFD,육군대학,202408221100,M7F85,구일,,김영진,010-5008-7508,"대전광역시 동구 비래서로62번길29, 103호(가양동)",88,20134390
272,HCR0034,1,38714,***,24년 일반구역(C지구) 제초용역,용역,HCR,공군제15특수임무비행단,202408221100,FF8CC,주식회사 바우조경과환경,baw L&E,이서연,0315299680,경기도 남양주시 별내면 청학로114번길36 상가동203호(주공아파트),88.003,10246600
58,LGM0031,1,38622,***,(24-물품-74) 24년 취사피복 구매(제조),물품,LGM,제11기동사단,202408221100,MC6AF,홍천군장애인근로작업장,,박근배,0334329662,강원특별자치도 홍천군 북방면 송학정로36-0,92.45,27673030
10,UMM1048,1,38611,***,24~29-M-대형 냉온수기 임차 용역,용역,UMM,국군재정관리단,202408221100,D2EDA,(주)한성바이오테크,hansungbiotech,김재경,025877972,"서울특별시 강남구 개포로25길18 (개포동, 1층)",83.068,586812990
132,UMM1045,1,34543,***,(246055-B1)사이버 모의공격 및 평가도구,물품,UMM,국군재정관리단,202408221100,ED835,(주)원더비즈,Wonderbiz,강석훈,0234726650,"경기도 수원시 권선구 금곡로196번길62, 304-12호(금곡동, 에스제이타워)",88.113,154634950
6,LBB0031,2,36885,001,'24-2차 경축특식(국군의 날)(초코 조각케이크),물품,LBB,육군제7789부대,202408221030,L7295,무민,,조예주,01025573456,경기도 수원시 영통구 동수원로543-0 (원천동) 1층 103호,92.431,2220
15,SEE0034,1,38504,***,24-J-토양오염도 검사 용역,용역,SEE,제9해병여단,202408221030,I5FC4,재단법인 파란생명환경연구소,ParanBne,최우건,0537217894,경상북도 경산시 압량읍 부적길77-22,88.036,2295000
56,SCI0102,1,38692,***,"스위치, 압력용 8점 구매",물품,SCI,제9121부대,202408221030,J5396,잇츠,,김태훈,01095506442,"경상남도 창원시 의창구 평산로171번길6-2, 3층 1호(서상동)",88.027,4511600
16,SCF0837,1,38512,***,Double-A 복사용지 등 29종,물품,SCF,해군군수사령부,202408221030,M7D62,마린머티리얼즈,,구우근,070-4300-2369,"경상남도 창원시 마산회원구 3.15대로732, 4층 4143호(합성동, 남산빌딩)",88.112,1724400
43,SDF0123,1,38723,***,메모홀더 등 79종 구매,물품,SDF,제5738부대,202408221030,HEDCD,주식회사 세렌디피티,SERENDIPITY,정시현,01044842590,"경상남도 창원시 진해구 신항2로114, 717호(용원동, 다인로얄팰리스2차)",88.024,2849790
149,SDF0122,1,38712,***,안전띠 등 59종 구매,물품,SDF,제5738부대,202408221030,D90C1,다온종합상사,,김기범,0542742581,경상북도 포항시 남구 효성로88 (효자동) 302-904,88.04,18651910
9,SCP0089,1,38741,***,BLACK COAT 등 155종 구매,물품,SCP,제8385부대,202408221030,L9919,동인산업,,신진업,070-8870-0072,"강원특별자치도 동해시 논산길16(묵호진동, 중앙슈퍼)",88.339,7723863
80,SCH0128,1,38713,***,'24년 무정전전원장치(UPS) 배터리 납품 설치,물품,SCH,해군작전사령부,202408221030,A104E,동진이엔에스,dongjin elec com,성낙건,0518650034,부산광역시 사상구 새벽시장로56번가길50-0 (감전동),88.014,11584352
1177,SFG0087,1,38662,***,냉각시트세트 구매,물품,SFG,제9181부대,202408221030,M2C77,은성,,신명화,01048043115,"경기도 고양시 일산서구 산현로17번길38, 1102동 503호(탄현동, 탄현마을)",88.001,9088420
441,SCF0838,1,37981,***,"(긴급)튜브 및 이음쇠,금속제 등 53종",물품,SCF,해군군수사령부,202408221030,MD43E,코스모검사기술,,정지민,010-3198-1927,경상남도 김해시 한림면 안곡로520-2,88.319,50462440
14,SCF0836,1,37542,***,(긴급)MIT-HASH 1종,물품,SCF,해군군수사령부,202408221030,CAAB4,강원상사,KWANG WON,김동국,0332422612,강원특별자치도 춘천시 남춘로17-0 (퇴계동),98.953,1727000
2418,SCF0829,1,34810,***,대형 타이어 탈착기 3SET 구매,물품,SCF,해군군수사령부,202408221030,LE42B,라비,,엄호정,01025953002,인천광역시 연수구 인천타워대로323 (송도동) A층 31층 더블유브이 15호,87.995,23718711
1206,SCF0830,1,34708,***,"전지, 재충전불가식 등 4종 구매",물품,SCF,해군군수사령부,202408221030,L7366,에스엘,,한지선,01025445672,"경기도 하남시 덕산로39-0 (덕풍동, 한솔리치빌아파트1단지) 108-1803",87.995,11407936
942,SCF0831,1,34704,***,자주식 제설기 1SET 구매,물품,SCF,해군군수사령부,202408221030,M9FDD,써니컴즈,,조현선,01072728449,"충청북도 제천시 용두천로6길14, 2층(남천동)",87.997,19442957
2592,SCF0832,1,34374,***,고압세척기 5EA 구매,물품,SCF,해군군수사령부,202408221030,M4DB9,아이앤월드,,장선경,01036702237,"광주광역시 남구 효우로262, 104동 805호(행암동, 효천LH천년나무1단지아파트)",87.995,14238097
501,SCF0833,1,34371,***,스팀세척기 2EA 구매,물품,SCF,해군군수사령부,202408221030,KA472,민스 라이징,,김성민,01068383242,"서울특별시 구로구 오리로20길26-10 (궁동, 대명하이빌) 701호 복층",88.082,8710750
455,SCF0834,1,34084,***,해병대 이동식 자동랩핑기 1대 구매,물품,SCF,해군군수사령부,202408221030,H717B,와이에치산업,YHindustry,전영환,0312119326,"경기도 수원시 영통구 효원로363-0 (매탄동, 매탄 위브 하늘채) 120-702",88.01,10543050
184,SCF0835,1,33037,***,"배터리충전기, 황산 3EA 구매",물품,SCF,해군군수사령부,202408221030,A377A,주식회사 삼성기전,"SAMSUNG ELECTRIC CO,.LTD",오상범,0415323648,"충청남도 아산시 연암산로71-13 (음봉면, (주)삼성기전)",88.522,6969600
6,LBB0030,2,36890,001,'24-2차 경축특식(추석)(떠먹는 티라미수),물품,LBB,육군제7789부대,202408221030,D9378,(주)조이푸드,JOYFOOD.CO.LTD,김영식,0317313557,"경기도 성남시 중원구 사기막골로105번길25, 611호 (중앙인더스피아2차, 상대원동)",88.362,2389
27,UAB0054,1,38463,***,서귀포호텔 하반기 정기안전점검 용역,용역,UAB,국군복지단,202408211700,J4B69,주식회사 대산구조엔지니어링,,강석찬,0647257735,"제주특별자치도 제주시 동대길14, 2층 (건입동)",88.062,8489758
2,LDH0671,1,37409,***,K77지휘차 나사 등 31종 구매,물품,LDH,육군종합정비창,202408211300,BDFC7,현대정밀가스켓,,이의정,051-802-7662,부산광역시 사상구 가야대로175번길29-0 (감전동),88.048,21545000
5,LDH0689,1,37450,***,"K200 볼트,기계용 등 22종 구매",물품,LDH,육군종합정비창,202408211300,M0932,다연테크,,홍다연,010-7207-3737,"부산광역시 부산진구 동평로218, 104동 8층 802호(부암동, 일동미라주 아파트)",88.143,18368343
29,LDH0686,1,37442,***,"K200 와셔,평면형 등 3종 구매",물품,LDH,육군종합정비창,202408211300,MCF9D,장원테크,,성효정,010-7115-3289,"충청남도 당진시 운곡로197-8, 105동 902호(채운동, 신당진이안아파트)호",88.03,11937200
5,LDH0684,1,37437,***,"K200 베어링,롤러식,테이퍼형 등 16종 구매",물품,LDH,육군종합정비창,202408211300,LB760,에스케이(SK)산업,,박수경,07043008540,경상남도 창원시 성산구 원이대로774 (상남동) 512-304,88.431,19575500
4,LDH0679,1,37428,***,K77지휘차 호스 등 14종 구매,물품,LDH,육군종합정비창,202408211300,I8C3F,원일종합상사,WONIL,김종화,051-802-7880,부산광역시 사상구 사상로51-0 (주례동),88.612,29745200
3,LDH0675,1,37423,***,K77지휘차 베어링 등 4종 구매,물품,LDH,육군종합정비창,202408211300,K2645,(주)경원R&D,,김옥숙,0513044211,부산광역시 사상구 낙동대로1292번길9-0 (삼락동),88.503,3729415
14,LDH0672,1,37410,***,K77지휘차 너트 등 20종 구매,물품,LDH,육군종합정비창,202408211300,I3063,이든산업,Ideun Industry,박용철,070-4647-0245,부산광역시 강서구 호계로57번길20-0 (죽동동),88.246,12611250
4,EPA0012,3,7320,***,"항공기 견인차(4,000 LBS)",물품,EPA,항공기총괄계약팀,202408211100,ABE0E,정우정공주식회사,"JUNGWOO PRECISION & INDUSTRY CO.,LTD.",이상완,0632610033,전북특별자치도 완주군 봉동읍 완주산단7로89-0,88.224,1529000000
43,MDN0015,1,38484,***,대테러 작전잠바 제조 구매,물품,MDN,국군화생방방호사령부,202408211100,L316E,주식회사 아베크,,김영진,0316998907,경기도 하남시 미사강변한강로135 (망월동) 스카이폴리스 다동 623호,88.024,18409357
34,MDN0014,1,38482,***,대테러 작전배낭 제조 구매,물품,MDN,국군화생방방호사령부,202408211100,M5A93,동방산업,,최정화,01065340052,대구광역시 서구 문화로14길10 (이현동),88.124,20566824
2,LKG0084,1,38421,***,[육성]24년 예비군훈련 인원수송차량 임차용역,용역,LKG,육군제53보병사단,202408211100,I61CE,우리고속관광협동조합,wooribus,이용주,0518922222,"부산광역시 남구 수영로282-0 (대연동, 현대오피스텔)제9층902호",88.473,21896320
10,MDG0184,1,38121,***,24년 식기세척기 임차 용역(대구 전라),용역,MDG,국군의무사령부,202408211100,KDFB4,오피스 유통,,주민정,01022291369,충청남도 계룡시 엄사면 번영3길73-12 (삼진아파트),88.001,38760610
3,ESA0005,1,8006,***,레이저대공무기(Block-Ⅰ) 전원공급조립체,물품,ESA,유도무기총괄계약팀,202408211100,3529F,현대파워시스템 주식회사,"HYUNDAI POWER SYSTEM CO.,LTD",전용곤,0317640780,경기도 광주시 광여로115-1 (곤지암읍),85.418,3594976822
264,LGI0073,1,38106,001,‘24년 4분기 부대계약 증식(구운계란 등 7종),물품,LGI,제3군수지원여단,202408211030,J82BE,(주)씨엘에스푸드,,장지혜,07077622535,부산광역시 강서구 명지오션시티8로10-5 (명지동),83.031,7550
102,SCI0101,1,38444,***,"나사, 캡식, 6각 머리형 등 7종 구매",물품,SCI,제9121부대,202408211030,MBE83,나원통상,,이창원,01033232813,"경상남도 창원시 마산회원구 내서읍 중리상곡로20-1, 1104동 1506호(중리백로아파트)",88.467,30025545
29,LMH0052,1,38496,***,00부대 전기안전관리대행 용역(C073),용역,LMH,제7군단,202408211030,G9C8E,대영전기안전 주식회사,"Dai  Young  E, S, CO",황지영,07043259904,"경기도 의왕시 오전공업길19 (오전동),6층 612-1호",88.194,16614862
151,LKM0041,1,38420,***,'24년 급조폭발물 처리공구세트 구매,물품,LKM,제2632부대,202408211030,MAD73,프롬더윤주식회사,,윤태순,01066753135,"전북특별자치도 전주시 덕진구 쪽구름로105동 1401호 111-0 (반월동, 전주 반월동 남해오네뜨 하이뷰)",88.002,17858380
1672,LQH0042,1,38418,***,실외 영점사격장 방탄보호판 납품 설치,물품,LQH,제3697부대,202408211030,LE1E3,라이커블,,김소영,01050006066,경기도 남양주시 별내중앙로30-0 (별내동) 별내로데오몰 204-B92호,88,92638338
32,LMH0053,1,38497,***,00부대 건축물 석면조사 용역(C072),용역,LMH,제7군단,202408211030,FB6E2,한국석면안전관리원 주식회사,KASI,복태수,0312720400,"경기도 수원시 팔달구 수성로92, 105호(화서동, 농민회관 제1별관)",88.015,11456810
306,LMH0051,1,38393,***,[B160] 107통신단 등 17개 부대 비데 임차 용역,용역,LMH,제7군단,202408211030,ID8BA,수컴퍼니,,조윤정,01033942978,"경기도 수원시 팔달구 고등로15, 103동 902호(고등동, 수원역푸르지오자이)",88.001,33141000
316,LHD0035,1,38359,***,24년 병영도서관&독서카페 도서 구매(X064),물품,LHD,제21보병사단,202408211030,K5DDC,가후컴퍼니,,김은수,01031740848,"강원특별자치도 동해시 배골길32-4,107동 5층 2-4호 (이도동, 동해아이파크)",90.001,50142470
2,LGT0074,1,35128,***,'24년 군 주거시설 개선사업 선행연구(2차)(24-GD-69),용역,LGT,제2307부대,202408211030,M0C14,주식회사 한국건설경영기술원,,박장권,01076853396,경기도 고양시 덕양구 권율대로656-0 (원흥동) 17층 1739호,66.266,59999000
272,LGI0077,1,38110,001,'24-4차 부대계약 후식(유제품류) 구매,물품,LGI,제3군수지원여단,202408211030,MD715,케이엠유통(주),,이재용,07048004874,부산광역시 강서구 공항로301번가길23-0 (대저2동),82.999,6463
266,LGI0076,1,38109,001,'24-4차 부대계약 후식(음료류) 구매,물품,LGI,제3군수지원여단,202408211030,KA620,오케이팜,,오세옥,0556073058,경상남도 창원시 진해구 안청남로6번길8-1 (안골동) 1층,82.999,21911
264,LGI0075,1,38108,001,'24-4차 부대계약 후식(과일류) 구매,물품,LGI,제3군수지원여단,202408211030,KEE47,주식회사 삼마기업,,이가은,01025192334,"서울특별시 마포구 월드컵로34길6, 1동 14층 1406호(성산동,태림센트윈2차)",82.996,3779.68
252,LGI0074,1,38107,001,'24-4차 부대계약 후식(간식류) 구매,물품,LGI,제3군수지원여단,202408211030,H1BBA,주식회사 두준,DooJun Company,김현우,0319012280,"경기도 고양시 일산동구 백마로195, 제7층 제7001-2호 (장항동, 엠시티타워앤엠시티오피스텔)",83.003,21200.42
2,MCD0051,1,36616,***,자운대 지역 부대 배치방안 등 검토 용역,용역,MCD,국방부(운영지원과),202408201700,IEEA7,주식회사 새김이앤씨,,최주원,03180686037,"경기도 안양시 동안구 벌말로126, 2901호, 2902호(관양동, 오비즈타워)",,143000000
3,MHD0081,1,37336,***,방위사업 원가계산 외부용역(7차),용역,MHD,방위사업청(운영지원과),202408201500,ECFC0,태경회계법인,taekyung accounting corp,김상운,024998979,"서울특별시 강남구 테헤란로520, 2층(대치동, 삼안빌딩)",,347250000
3,LDH0663,2,36808,***,화학작용제 탐지장비(K-CAM2) 시험장비 제조,물품,LDH,육군종합정비창,202408201300,I697A,MRO Tech(엠알오텍),MRO Tech,안기수,01036814180,"대구광역시 북구 영송로15, 2층 6210호 (태전동, 대구보건대학교 복지관)",92.948,57000000
4269,SCF0819,1,37221,***,(긴급)비디오프로젝터 등 4종 구매 설치,물품,SCF,해군군수사령부,202408201300,LDFC3,케이엠티,,김형석,01054419087,"경기도 수원시 장안구 경수대로1110-39, 106동 402호(파장동, 포레나 북수원)",87.997,15145490
14,LDH0666,1,37412,***,(정비) 용접봉 구매,물품,LDH,육군종합정비창,202408201300,JE4A4,유현사운드,,이영배,07071766295,강원특별자치도 화천군 간동면 간척리길357-0  1층 3호,88.007,18609236
117,LCG0075,1,36965,***,[24-육-194] 참모총장 표창 부상품(손목시계) 구매,물품,LCG,육군본부,202408201230,DB371,란쯔시계,LANTZWATCH,윤용선,024733435,"경기도 하남시 감일로102번길27, 301호 (감일동, 감일중앙프라자)",99.985,31110000
178,LCG0079,1,38394,***,[24-육-196] 참모총장 표창 부상품(메달) 구매,물품,LCG,육군본부,202408201230,IA0E8,월드에이앤씨,worlda&c,김철수,02-927-9937,서울특별시 성북구 장월로1라길11-0 (상월곡동),88.141,27700000
748,LCG0076,1,37280,***,[24-육-193] 정훈실 사진인화기 구매,물품,LCG,육군본부,202408201230,HE4BE,에이스컴퍼니,ACE Company,김예림,01052891856,"경기도 의정부시 둔야로33번길9, B1층 9-89호(의정부동, 덕암오피스텔)",88.004,43285000
66,LCG0077,1,37278,***,[24-육-197] 지상군페스티벌 물품임차 용역,용역,LCG,육군본부,202408201230,M319C,주식회사 에르젠코퍼레이션,,최황순,024695002,"서울특별시 성동구 상원12길30, 507호(성수동1가, 동진아이티타워)",87.823,42701472
49,LCF0511,1,38031,***,"저항기,가변식 등 42항목 구매(궤도-016)",물품,LCF,육군군수사령부,202408201130,L8E9D,뉴테크코리아 주식회사,,이인순,07075763689,경기도 화성시 송산면 송산포도로510-13,83.05,277986488
3,LCF0515,1,38392,***,"리드선,전기용 등 35항목 제조(생산능력,궤도-002)",물품,LCF,육군군수사령부,202408201130,0691F,대호정기(주),"Daeho Precision Co., Ltd",신영근,0553452121,경상남도 김해시 진영읍 서부로179번길 48(),92.445,439600000
6,LKP0130,1,38446,***,'24년 폐타이어 운반용역,용역,LKP,5군수지원사령부,202408201130,C4129,대원종합상사(울산),DAEWON GENERAL TRADING CO.,김철구,0517510062,울산광역시 울주군 웅촌면 대복동천로 62(),88.104,116607500
3,LCF0515,2,38392,***,"리드선,전기용 등 35항목 제조(생산능력,궤도-002)",물품,LCF,육군군수사령부,202408201130,0691F,대호정기(주),"Daeho Precision Co., Ltd",신영근,0553452121,경상남도 김해시 진영읍 서부로179번길 48(),92.445,439600000
63,LCF0513,1,38139,***,간격유지기 등 48항목 구매(궤도-004),물품,LCF,육군군수사령부,202408201130,L8E9D,뉴테크코리아 주식회사,,이인순,07075763689,경기도 화성시 송산면 송산포도로510-13,88.393,182800000
41,HDG0027,1,38453,***,24년 간부식당 급식류 식자재 계약,물품,HDG,공군제10전투비행단,202408201100,G2265,주식회사 야미푸드,yamifood,손희영,0317048980,경기도 이천시 덕평로691번길46-0 (마장면),83.052,342907829
2,MCD0055,1,37860,***,제76주년 국군의날행사 영접안내단 차량 임차,용역,MCD,국방부(운영지원과),202408201100,I0A30,하나렌트카주식회사,Hana Rent-a-car Corp.,김용진,0326751471,"경기도 부천시 오정구 신흥로393번길10,1층 (내동)",88.774,9679670
205,LAR0005,1,38270,***,[동명 30진] 24년 정보화예산 키폰교환기 구매,물품,LAR,국제평화지원단,202408201100,CEACF,(주) 원테크놀로지,"ONE TECHNOLOGY CO.,LTD",김종달,0313381285,경기도 용인시 처인구 모현읍 곡현로717번길23-8,88.004,76941293
3529,LFK0055,1,38271,***,24년 1수송연대 교육실습재료비 구매,물품,LFK,육군종합군수학교,202408201100,LD528,내일의 행복,,이주혜,01032410444,"경상북도 경산시 백양로181, 504동 604호(사동, 부영그린마을)",88,14973930
3931,LFK0054,1,38253,***,24년 2수송연대 교육실습재료비 구매,물품,LFK,육군종합군수학교,202408201100,LBC19,와이에스컴퍼니,,정영석,07046473201,충청남도 홍성군 홍북읍 홍예로213-0 (엘에이치스타힐스) 121동 2201호,88,12781890
4,LDI0005,1,38152,***,OO부대 '24~'27년 식기세척기 임차용역,용역,LDI,육군 1군 102기갑여단,202408201100,GE8BC,주식회사 건웅시스템(kunwoong Inc.),kunwoong Inc.,오덕수,070-5165-7800,강원특별자치도 원주시 장전길66 (태장동),88.191,95310000
22,LKG0082,1,38195,***,'24년 세탁조 분해  청소 용역,용역,LKG,육군제53보병사단,202408201100,G12CC,주식회사 희망기업,hope corp,이진희,0518672010,부산광역시 부산진구 진연로9번길22-10 (양정동),88.084,6637600
622,MCD0054,1,37857,***,국군의 날 행사장병 지원 생수 구매,물품,MCD,국방부(운영지원과),202408201100,G4F78,이앤씨케이블 주식회사,ENC cable(주),내성경,0236663033,서울특별시 구로구 경인로53길15-0 (구로동) 중앙유통단지 다동 1204호,88.007,85960890
309,SCG0022,1,38196,***,방호조끼 등 2종 구매,물품,SCG,해군본부,202408201100,LAE98,제이켐(Jchem),,정순탁,07080640915,"충청남도 천안시 서북구 백석공단1로10, 439호 (천안미래에이스하이테크시티)",88.004,15390000
121,UMM1039,1,38398,***,(24G121-I) 얼음 냉온정수기 임차 용역,용역,UMM,국군재정관리단,202408201100,FEA56,에스케이인텔릭스 주식회사,SK intellix Company Limited,김완성,0267407273,"서울특별시 종로구 청계천로85, 18층(관철동, 삼일빌딩)",86.416,455963520
24,UMM1043,1,37613,***,(246315-F) 생도 침구류 제조,물품,UMM,국군재정관리단,202408201100,M3D9F,연홍코퍼레이션,,지애경,0313114130,"경기도 시흥시 연성로83, 5층 501, 502,503호(하상동, 현대프라자)",97.076,71480269
22,UMM1041,1,36437,***,(247300-E) 00체계 레이돔 항온제습기 제조설치,물품,UMM,국군재정관리단,202408201100,A5340,현대기술산업(주),HYUNDAI TECHNOLOGY CORPS INC.,이지철,024761002,서울특별시 강동구 성내로6길 31(),88.101,162650000
653,UMM1034,1,36401,***,(246299-D) 병사용 간행물(3종) 구매,물품,UMM,국군재정관리단,202408201100,MA812,레이크,,강주현,01087112180,"경기도 화성시 동탄대로6길50, 3032동 604호 (산척동, 더레이크시티부영5단지)",90,126748690
65,UMM1028,1,36399,***,(246318-F) 수사관 조끼 등 3종 제조,물품,UMM,국군재정관리단,202408201100,M1DA5,사단법인 한국장애인환경사회복지협회 디딤중증장애인사업단,,김경자,0629511020,"광주광역시 광산구 평동로803번길26-0 (옥동), 나동",88.018,88665000
2892,UMM1040,1,36271,***,(246331-C) 오실로스코프 구매,물품,UMM,국군재정관리단,202408201100,LFB5F,한성건설 주식회사,,이혜미,0333730011,"강원특별자치도 영월군 영월읍 팔괴로217, 2층",87.995,121862119
663,UMM1026,1,36152,***,(24G246-A) 얼음 냉온 정수기 임차용역,용역,UMM,국군재정관리단,202408201100,JAD2F,제이앤제이기획,,정재니,029714574,서울특별시 노원구 동일로175길16 (공릉동),87.745,109321390
3814,UMM1042,1,35713,***,(246320-E) 생도 테니스화 구매,물품,UMM,국군재정관리단,202408201100,MC7B3,주식회사 다발로,,이범석,07077701617,충청북도 제천시 내토로589 (동현동),88.01,47691923
3,UMM1017,1,35501,***,24-N-고속무인표적정 제조 및 설치,물품,UMM,국군재정관리단,202408201100,C595C,기가알에프(주),GigaRF,조보형,0314783336,"경기도 안양시 동안구 흥안대로 415, 두산벤처다임 925(평촌동)",88.599,626000000
840,UMM1044,1,35247,***,"(246309-F) 들것,접는형,단단한막대식 구매",물품,UMM,국군재정관리단,202408201100,KA523,주식회사 에스피글로벌,,신윤진,07041462433,세종특별자치시  남세종로454-0 (보람동) 8층 802-882호,87.996,82571420
44,UMM1025,1,34846,***,(246319-C) 생도 가방 제조,물품,UMM,국군재정관리단,202408201100,KB26D,주식회사 코아,,이양임,01044106152,서울특별시 동대문구 사가정로238-4 (장안동),88.022,59388964
281,UMM1027,1,34841,***,(246306-F)항공기용 위성통신 단말기 교체사업(2차),물품,UMM,국군재정관리단,202408201100,C29C9,주식회사 모두텔,Modootel Ltd.,박종식,0519531331,"부산광역시 해운대구 센텀동로71, 607호 (우동, 벽산e-센텀클래스원2차)",92.718,132804300
131,UMM1020,1,33880,***,(246274-D)모바일기기 포렌식 SW 2종 구매,물품,UMM,국군재정관리단,202408201100,GA21E,구루멘토링 주식회사,GuruMT,최동양,0222247321,"서울특별시 구로구 디지털로243, 705호(구로동, 지하이시티)",88.048,192313000
4,UMM1012,2,29058,***,(246290-C) 5.56밀리 철사띠상자 등 3개 품목 제조,물품,UMM,국군재정관리단,202408201100,2839F,금성목재,,유재득,0512011011,부산광역시 사하구 하신중앙로84-0 (신평동),88.482,137900000
3420,UMM1024,1,27870,***,24-N-총기 진공포장기 구매(248190-F),물품,UMM,국군재정관리단,202408201100,EC391,(주)매싼커뮤니케이션,messan comunication,한기만,0220608057,"서울특별시 금천구 가산디지털1로205, 9층 904호(가산동,케이씨씨웰츠밸리)",87.995,128738554
28,NIT0011,1,38357,***,24년 자동염기서열분석기 검교정 등 정비,물품,NIT,국방부조사본부,202408201100,DC906,(주) 솔포스텍,"SOLPOSTECH CO., LTD.",오문진,0215880349,"서울특별시 송파구 송파대로24길5-6 (가락동,1층)",95.418,59351000
258,MDG0183,1,37099,***,수술재료8 구매,물품,MDG,국군의무사령부,202408201100,KC537,레오,,최민희,01033526622,"대구광역시 달서구 서당로7길8, 1층 1층 동북편(신당동)",87.999,41727286
3,LHP0031,1,38462,***,(24F183-A) 사업장 폐기물(생활쓰레기) 수집운반용역,용역,LHP,제22보병사단,202408201100,D5681,영동산업합자회사,,이경재,0336338888,강원특별자치도 고성군 토성면 성대로3-27,85.18,178564051
173,LGP0132,1,37201,001,24-4차 식자재 다수품목 단가계약(경기 남부),물품,LGP,제1군수지원사령부,202408201100,IABA8,아름상사,armsangsa,이지윤,024080045,"서울특별시 송파구 양산로12 지하1층 108호 (거여동,세신거여훼밀리타운)",83.06,1639366.76
171,LGP0131,1,37198,001,24-4차 식자재 다수품목 단가계약(경기 서부),물품,LGP,제1군수지원사령부,202408201100,B9952,동아오츠카주식회사,"Dong-A Otsuka Co.,Ltd",박철호,01041935811,경기도 안양시 만안구 연현로1번길 96(석수동),83.019,1283416
176,LGP0130,1,37117,001,24-4차 후식류 다수품목 단가계약,물품,LGP,제1군수지원사령부,202408201100,2442F,(주)빙그레,binggrae,김광수,01020565447,경기도 남양주시 다산순환로45 (다산동),83.032,43309.57
106,HCM0061,1,36419,***,24-07-259 LED 전광판 1품목 제조 구매,물품,HCM,공군교육사령부,202408201030,E5370,주식회사 나우시스템,"NOWSYSTEM Co., Ltd.",이종한,0262206525,"서울특별시 금천구 가산디지털2로53, 9층 911호,912호(가산동, 한라시그마밸리)",87.997,89185510
81,HDC0034,1,38386,***,24-용-100 탄약고 추가물량 제초용역,용역,HDC,공군제1전투비행단,202408201030,E621F,(주)토림,torim,채미화,0629420749,"광주광역시 광산구 하남대로71, 4층(하남동)",88.012,30972343
42,SCP0088,1,38322,***,네오펜틴 캡슐 등 167종 구매,물품,SCP,제8385부대,202408201030,H724C,에스제이메디칼,SJ MEDICAL,김옥산,07078402411,"서울특별시 송파구 충민로66, 6층 T-6060호(문정동, 가든파이브라이프)",88.007,41068580
57,LFC0056,1,38318,***,24년 30차 의료기재(코반 1인치 등 78품목) 구매,물품,LFC,육군훈련소,202408201030,CB7F9,안진팜,anjinpam,백승근,0418587031,충청남도 공주시 백미고을길 14-7(),88.062,18911880
8,LGP0133,1,38221,***,00부대 치장 총기보관용 박스 제조 납품,물품,LGP,제1군수지원사령부,202408201030,MAE31,선우산업,,이재숙,01074863687,경기도 포천시 소흘읍 죽엽산로167번길21-26,88.803,25777997
55,SCR0086,1,37739,***,전자 계산기 등 311종 구매,물품,SCR,해군제3함대사령부,202408201030,KC8FB,버닝,,김희영,01040034537,"전라남도 목포시 하당로40, 1층(상동)",88.008,10875880
51,SCR0085,1,37732,***,반투명 홀더 등 310종 구매,물품,SCR,해군제3함대사령부,202408201030,K0053,우성종합상사,,이동건,061-243-1722,전라남도 목포시 삼학로141 (산정동) 2층,88.003,6498362
17,SCR0087,1,37743,***,육각볼트 등 39종 구매,물품,SCR,해군제3함대사령부,202408201030,L3385,에스제이세라믹스,,전세진,01052826231,전라남도 목포시 산정로109번길16(산정동),88.017,2094810
15,SCR0082,1,37751,***,기중차단기 예비품 등 2종 구매,물품,SCR,해군제3함대사령부,202408201030,K0053,우성종합상사,,이동건,061-243-1722,전라남도 목포시 삼학로141 (산정동) 2층,88.015,10395275
45,SCR0088,1,37763,***,개스킷 등 20종 구매,물품,SCR,해군제3함대사령부,202408201030,LD954,해동건설중기,,서상만,0612770357,"전라남도 목포시 원형서로46-1. (상동, 양우비치팰리스)",88.071,28907300
19,SCR0089,1,37767,***,코일인서트-보수용 세트 등13종 구매,물품,SCR,해군제3함대사령부,202408201030,I713C,에스에이치상사,SH,임선희,061-281-7118,"전라남도 목포시 당가두로14번길50, 103호(옥암동)",88.015,9097700
97,SCR0084,1,37961,***,심 등 25종 구매,물품,SCR,해군제3함대사령부,202408201030,H3A41,에코텍,ecotec,서영훈,05023182000,"전라남도 순천시 봉화2길116 (조례동, 조례주공7단지아파트) 705동 15층03호",88.019,80422400
44,SCR0083,1,37963,***,"임펠러, 펌프용, 원심식 등 3종 구매",물품,SCR,해군제3함대사령부,202408201030,J17CA,동원샘물유통,,서준호,061-464-9540,전라남도 영암군 삼호읍 대불산단1로166-9,88.01,14286330
4,LNS0043,2,38004,***,00부대 병영식당 덤웨이터 안전장치 제조설치,물품,LNS,제55보병사단,202408201030,A65BD,주식회사고려에레베이터,"KORYEO ELEVATOR CO., LTD.",김진권,0326843755,경기도 부천시 오정구 부천로409번길56-0 (내동),97.841,33326272
54,SDQ0090,1,38485,***,벨조나1111 등 3종 구매,물품,SDQ,해군제2수리창,202408201030,M2C79,대호유통,,박용훈,01033993191,경기도 평택시 안중읍 안현로서6길10-0 비13호(대원빌딩),88.065,7075373
59,SDQ0089,1,38481,***,타이머 등 20종 구매,물품,SDQ,해군제2수리창,202408201030,M7AA7,창원,,박은미,07078347000,"경기도 평택시 중앙로29, 5층 551호(통복동, 오피스밸리)",88.047,31810193
2,LGT0078,1,38177,***,'24-1차 토양오염도 검사(24-GS-10),용역,LGT,제2307부대,202408201030,C749F,상지대학교 산학협력단,Industry Academic Cooperation Found ation of Sangji University,이혁제,0337300145,"강원특별자치도 원주시 상지대길83, 1층(우산동, 상지대길 83)",88.851,26108000
13,HCC0108,1,38175,***,안전기사 실기 등 도서 61권 (24-15),물품,HCC,해군제1수리창,202408201030,JFB9B,청아철물설비,,김주희,010-7224-5200,강원도 동해시 단봉길23 (북평동),90.019,2800000
1089,LRC0006,1,38169,***,도저 방탄탑 설치 계약 의뢰,물품,LRC,제7862부대,202408201030,K4990,베야비스타,,임호,01051730277,"경기도 수원시 장안구 정자천로189번길40-0 (정자동, 연꽃마을벽산아파트) 423동 2004호",88.002,25907800
5,SCU0052,1,38039,***,24-ㅇ전단 쌀(백미/10kg) 구매,물품,SCU,해군 기동함대사령부,202408201030,IB076,주식회사 제주플로우,"Namcheon Tour Co.,Ltd",조화현,0647475990,"제주특별자치도 제주시 첨단로5길1, 3층(영평동)",88.321,21800500
271,SCK0095,1,38192,***,복사용지 등 404종 구매,물품,SCK,해군교육사령부,202408201030,CD1A7,주식회사 오피스랜드,OFFICELAND,이주민,055-237-3970,경상남도 창원시 의창구 명서동206-1 1층,88.007,27956500
159,HDM0051,1,36214,***,[24-1073] XL파이프 등 68품목,물품,HDM,공군제17전투비행단,202408201030,M1D94,보미마켓,,NARITOMI ETSUKO,01073059396,충청북도 제천시 내제로14-1 (영천동),88.01,22078851
47,HCC0109,1,38183,***,실링 콤파운드 등 1품목(173),물품,HCC,해군제1수리창,202408201030,K6A6F,동원상사,,지정훈,010-9030-7646,강원특별자치도 동해시 동굴4길6 (천곡동)2층 201호(삼성타워),88.028,7546400
28,SDG0046,1,38471,***,객실 출입문 전자도어록 구매설치,물품,SDG,제2002부대,202408201030,L3038,주식회사강원,,김동국,07070792933,"서울특별시 강서구 공항대로45가길11-0 (등촌동, 강서메트로칸), 4층 423호",88.451,5500000
78,SDG0045,1,38465,***,24-인-군 주거시설 도배/장판 구매설치,물품,SDG,제2002부대,202408201030,M658E,아리유통,,이유선,01095965665,"인천광역시 연수구 원인재로237, 104동 301호(연수동, 대우1차아파트)",88.007,48336980
125,LCF0516,1,37366,***,모터 유압식 등 2항목 구매(일장-022),물품,LCF,육군군수사령부,202408201030,M9533,선경,,정왕균,01038547544,경상남도 김해시 한림면 안곡로520-2,88.497,107652545
149,SFN0068,1,38459,***,24-5차 물품 통합구매,물품,SFN,연평부대,202408201030,M3654,유명,,이정훈,07088040077,인천광역시 미추홀구 학익로116 (학익동) 103동2902호,88.097,98072030
331,SCF0821,1,37300,***,"(긴급) 스위치,압력식 등 9종",물품,SCF,해군군수사령부,202408201030,M6F65,루나픽스,,박진선,01083511793,"경기도 화성시 병점노을1로14, 102동 304호(병점동, 화성병점 행복주택)",87.997,31860433
594,SCF0816,1,36284,***,소형진동다짐기 3대 구매,물품,SCF,해군군수사령부,202408201030,M3D9F,연홍코퍼레이션,,지애경,0313114130,"경기도 시흥시 연성로83, 5층 501, 502,503호(하상동, 현대프라자)",98.156,28420000
363,SCF0818,1,34828,***,디스플레이 유닛 등 3종,물품,SCF,해군군수사령부,202408201030,LB24F,태광이엔에스,,박준영,01086849456,강원특별자치도 삼척시 근덕면 덕산1길59-12,87.995,55708342
245,SCF0824,1,34560,***,해병대 산소분석기 4개 구매,물품,SCF,해군군수사령부,202408201030,MB2D4,새롬상사,,최준호,01064249366,경상남도 김해시 수가로242-9(응달동),97.206,8026720
594,SCF0826,1,34423,***,"릴,케이블용 등 13종 구매",물품,SCF,해군군수사령부,202408201030,G7C4B,라이언테크,LION tech,차선아,01085871899,대구광역시 남구 성당로60길97-2 (대명동) 강남빌라 4-401,87.995,34219770
681,SCF0817,1,34407,***,"전자 모듈,표준화형 6종 구매",물품,SCF,해군군수사령부,202408201030,KEE37,올커니,,김은재,07052144167,경기도 양주시 양주산성로164번길87-19 (남방동),87.997,75717470
5358,SCF0815,1,33612,***,목재절단기 2SET 구매,물품,SCF,해군군수사령부,202408201030,HA3C1,에어컴퍼니,Air Company,윤윤정,01091839126,"인천광역시 서구 청라에메랄드로156, 206-1504",87.995,20381100
213,SCF0823,1,28365,***,CO2 용접기 2EA 구매,물품,SCF,해군군수사령부,202408201030,L8E9D,뉴테크코리아 주식회사,,이인순,07075763689,경기도 화성시 송산면 송산포도로510-13,88.109,5692000
18,LQG0062,2,37548,***,(육성) 00부대 야간투시경 제조 납품,물품,LQG,육군 52보병사단,202408201030,MD312,주식회사 코렉스,,안광선,01035575789,"부산광역시 금정구 수원지로8, 3층 일부(회동동)",88.417,154023542
12,LPM0031,1,38180,***,여성필수시설(컨테이너) 제조설치 납품,물품,LPM,제9보병사단사령부,202408201030,FE823,삼창씨앤에스(주),SAMCHANG C&S,최상규,0438818300,경기도 이천시 율면 산양리263  삼창씨앤에스(주),88.301,148708210
100,LCM0057,1,37097,***,'24년 10~12월 부대계약 부식 구매(일반품목),물품,LCM,육군교육사령부,202408201030,CF4E0,대신로지스틱스 주식회사,DAISHIN LOGISTICS,양임석,0222014000,"서울특별시 송파구 오금로46길5-0 (가락동, 보성빌딩) 3층",83.007,4043924600
125,LCF0516,2,37366,***,모터 유압식 등 2항목 구매(일장-022),물품,LCF,육군군수사령부,202408201030,M9533,선경,,정왕균,01038547544,경상남도 김해시 한림면 안곡로520-2,88.497,107652545
3,LDH0665,1,36178,***,24-9차 물류이동장비(8톤 전동화물운반차) 구매,물품,LDH,육군종합정비창,202408191300,I5B89,에이치제이시스템,HJSYSTEM,윤현정,07048374689,경상남도 창원시 의창구 지귀로63-0 (봉곡동),99.552,37999000
97,LMP0036,1,38088,***,24년 취사장 청소용역,용역,LMP,제3보병사단,202408191100,C0618,(주)부남환경관리,bunam,김진희,0314435337,"경기도 안양시 동안구 경수대로927, 204호",88.005,75864880
158,LCN0050,1,38025,***,방탄유리 등급별 시편 구매,물품,LCN,육군사관학교,202408191100,LE76C,제이마인,,이주영,01062739879,"경기도 시흥시 월곶해안로161번길25-0 102동 404호(월곶동, 월곶Ⅱ 유호N플러스빌)",88.005,26515270
24,LCN0049,1,37426,***,25년 생도 야광조끼 제조,물품,LCN,육군사관학교,202408191100,GD9B9,주식회사 하이디,"HEIDI Co.,Ltd",김건수,0216449624,경기도 파주시 법원읍 파주로2550-0,88.027,8371765
2,LGP0127,1,37950,***,24년 폐아세틸렌용기 위탁처리 용역,용역,LGP,제1군수지원사령부,202408191100,JC723,주식회사아이피티,,이상봉,0517154631,부산광역시 사상구 대동로269번길47-0 (감전동),88.755,94885500
73,LDA0038,1,37882,***,(D074) 24년 2차 디지털 인쇄재료 구매,물품,LDA,지상작전사령부,202408191100,I72F6,제이어스,JUS,김지현,01079004694,"경기도 용인시 기흥구 강남로9, 705동 2엘호(구갈동, 태평양프라자)",88,26389700
48,LMJ0004,1,38037,***,24년 폐기물 처리 용역,용역,LMJ,제7포병여단,202408191100,D5326,그린스톤산업 주식회사,GreenStone Industry Inc,조만형,0318614368,경기도 양주시 은현면 용암로 143-33(),88.012,33462000
11,LCN0048,1,37431,***,25년 생도 백색단화 제조,물품,LCN,육군사관학교,202408191100,G5A29,영광제화,YoungGwang shoemaking,김은광,0325487339,인천광역시 부평구 세월천로221(청천동) 영광빌딩 3층,88.191,35821650
5480,SCG0020,1,37933,***,"해군 메시지 키링 15,000EA 구매",물품,SCG,해군본부,202408191100,IE59F,(주)에스앤씨텍,,김천용,0332624077,"강원특별자치도 춘천시 소양강로10, 315호 (후평동, 춘천비앤아이 지식산업센터)",88,25493380
3,LMP0035,1,38022,***,24년 대형정수기 임차용역,용역,LMP,제3보병사단,202408191100,FE982,스탠다드정수기,standardjungsugi,우재영,033-458-2211,강원특별자치도 철원군 근남면 육단2길41-0,88.033,15635000
6,SCG0021,1,38024,***,병영수첩 겉표지 제조,물품,SCG,해군본부,202408191100,G8B6D,에스제이미디어,Sejong_Print_media,김성혜,031-903-2392,충청남도 천안시 서북구 두정중1길6-4 (두정동) 301호(구터빌딩),88.12,6729000
81,MCR0054,1,37805,***,도서관 장서소독 용역,용역,MCR,국방대학교,202408191100,CFFB7,주식회사 혜성,HYE SEONG,박규태,0413582345,충청남도 당진시 아미로834-0 (대덕동),88.009,10702720
121,UMM1021,1,35240,***,24-F-비용분석용 상용SW 구매,물품,UMM,국군재정관리단,202408191100,B819C,(주)프라이전트,Prigent Corporation,이성로,0423685885,"대전광역시 유성구 대학로 27, 현대리조텔 2층(봉명동)",93.47,184000000
217,UMM1014,1,34038,***,24-M-00망 유해사이트 차단체계 교체(리스자산),물품,UMM,국군재정관리단,202408191100,BEA91,(주)애니씨앤에스,"ANYCNS CO,. LTD",이일규,0232725005,"서울특별시 강서구 양천로583, 우림블루나인 비즈니스센터 B동 501호",87.998,199942730
11,MCS0100,1,36317,***,2024 복지회관 식자재 구매(농산물),물품,MCS,국방부계룡대근무지원단,202408191030,KF9B3,주식회사 강산푸드앤덕,,정미경,0519719989,부산광역시 강서구 낙동남로622번길42-0 (녹산동),88.544,58176500
2,LHR0042,1,37977,001,(육성)청주 24년 후반기 작계훈련 수송버스 임차용역,용역,LHR,육군 제37보병사단,202408191030,F38DB,주식회사 청주아일관광,AILTOUR,조경석,0432667730,충청북도 청주시 서원구 1순환로1130-5 (분평동),88.014,19944000
9,MCX0052,1,37966,***,24-4차 소방시설 점검용역,용역,MCX,자운대근무지원연대,202408191030,G9923,주식회사 나라방재,naraema,김남수,0425864300,"대전광역시 서구 유등로343 (변동),106호",88.16,29501770
114,SFM0070,1,37894,***,보온대 등 4품목 구매,물품,SFM,제3170부대,202408191030,L4D33,창대솔루션,,이은숙,07047907822,경상북도 포항시 남구 중앙로154-0 (해도동) 1607-16호  학산타워빌딩,88,49998747
16,SDL0030,1,37992,***,화이트 보드 등 36종,물품,SDL,재경근무지원대대,202408191030,B8A9E,협성산업사,hyup sung ind,임종금,0226848888,서울특별시 구로구 고척동103-4 고척상가 나동 사-178,88.137,12712260
10,LKQ0022,1,38042,***,24년 병영도서관 도서구매,물품,LKQ,육군항공학교,202408191030,GD79B,나눔에 서점,nanume,김영인,0428415948,충청남도 계룡시 엄사면 엄사리281  동아상가  102호,91.406,1084318
4,SCU0051,1,38013,***,습식바닥청소기 1대 구매,물품,SCU,해군 기동함대사령부,202408191030,H09F7,제이알사이니지(주),jrsignage,공희진,0647552700,제주특별자치도 제주시 중앙로14길21-0 (삼도이동),93.154,3800000
7,LNG0068,1,37999,***,24년(후) 작계훈련 무기탄약물자 수송차량 임차 용역,용역,LNG,육군 제1군단,202408191030,BCFAD,주식회사 삼성육운,samsungyoukwoom,이미자,032-439-6267,"인천광역시 남구 주안로 108, 경향프라자 401호(주안동)",88.046,10027120
17,LKM0040,1,37926,***,"24년 후반기 소방안전관리(작동점검, 종합점검) 용역",용역,LKM,제2632부대,202408191030,J2DB7,나래방재 주식회사,,고태영,0632473119,전북특별자치도 장수군 장계면 한들로90,88.042,22226231
506,SDG0044,1,38193,***,깨끗한 나라 물티슈 등 413종 구매,물품,SDG,제2002부대,202408191030,MBEC4,다온,,강옥희,01089032964,"인천광역시 서구 완정로178번길31-0 (마전동, 목화아파트)3동108호",88.005,21299216
275,LMZ0010,1,38018,***,소형굴삭기 방탄탑 구매,물품,LMZ,제2236부대,202408191030,IC0FE,주식회사 마루전력,,최승웅,0332419331,강원특별자치도 춘천시 신샘밭로188-0 (신동),88.01,33285870
7,MCS0101,1,36320,***,2024 복지회관 식자재 구매(공산품 및 소모품),물품,MCS,국방부계룡대근무지원단,202408191030,KF9B3,주식회사 강산푸드앤덕,,정미경,0519719989,부산광역시 강서구 낙동남로622번길42-0 (녹산동),88.351,81472500
289,SDQ0088,1,37405,***,잉곳 주석 청동용 등 26종 구매,물품,SDQ,해군제2수리창,202408161330,IC28D,평화상사,,성혜정,01037321602,"경기도 남양주시 와부읍 덕소로213-0, 102동 504호(덕소강변서희스타힐스)",87.995,41729230
155,SCF0820,1,37990,***,장의자 좌판 등 18종,물품,SCF,해군군수사령부,202408161300,I5E85,주식회사 제이디글로벌,JDGLOBAL,김현영,0552879611,"경상남도 창원시 마산합포구 산호북4길30, 가동 상가212호(산호동, 용마맨션)",88.088,10737900
217,LMU0037,1,36930,001,(24-급-035) `24-4차 부대계약 식자재(가공품류) 계약,물품,LMU,제7군수지원단,202408161100,IF3C1,주식회사 홍익식품,,이상훈,032-715-4880,경기도 시흥시 계수로126번길29-19 (계수동),83.839,2192270.14
9,LFK0051,1,38005,***,24년 급양관리관 과정 식자재 구매,물품,LFK,육군종합군수학교,202408161100,LAB33,송하푸드,,신송하,01074964679,대전광역시 대덕구 중리북로10-0 (법동),88.036,6132540
705,UMM1015,1,34561,***,24-N-승용식 5갱 모아 등 2종 구매,물품,UMM,국군재정관리단,202408161100,M4EED,한빛상사,,오경아,01030637231,경기도 남양주시 진접읍 봉현로51-4 (길훈아파트) 103-302,87.998,119502460
1155,UAC0028,1,36871,***,디지털인쇄재료 1종 수시구매,물품,UAC,국방출판지원단,202408161100,HCA68,(주)제이인터내셔날,J international,김도영,0553671171,경상남도 양산시 어실로446(어곡동),87.995,36432580
2355,UAC0027,1,36864,***,인쇄재료 12종 수시 구매,물품,UAC,국방출판지원단,202408161100,JC94D,와이엠글로벌,,김영만,01036525374,"인천광역시 계양구 효서로112번길7, 6동 101호(효성동, 미래골든타운)",87.996,41402350
181,LMU0041,1,37761,001,(24-급-036) `24-4차 부대계약 식자재(가공품류) 계약,물품,LMU,제7군수지원단,202408161100,I4DF0,주식회사 신라명과,SHILLA MYUNGGUA,박창훈,0314440404,경기도 안양시 만안구 덕천로72번길30 (안양동),82.999,2082762
156,LMU0039,1,36932,001,(24-급-037) `24-4차 부대계약 식자재(가공품류) 계약,물품,LMU,제7군수지원단,202408161100,KEE47,주식회사 삼마기업,,이가은,01025192334,"서울특별시 마포구 월드컵로34길6, 1동 14층 1406호(성산동,태림센트윈2차)",83.032,1514058.25
1,HDM0049,1,36046,***,24년 부대소개영상 제작용역,용역,HDM,공군제17전투비행단,202408161030,LBFB9,트렌드코리아 주식회사,,장태준,07077981734,"경기도 시흥시 월곶해안로149-1 (월곶동) 에이동, 202호",49.045,14800000
31,LHR0039,1,37575,***,24년 급조폭발물처리 공구세트 구매,물품,LHR,육군 제37보병사단,202408161030,KB4B7,주식회사 디케이엘,,오금주,0432158878,충청북도 청주시 청원구 북이면 용계내추로449,88.026,17929250
885,LCK0030,1,37676,***,[일반-24-139-2] 00부대 병영식당 비품 구매,물품,LCK,수도방위사령부,202408161030,HEDF1,성우약국,SUNGWOOPARMACHY,박명희,01071371454,서울특별시 영등포구 여의대로24 (여의도동) 전경련신축회관 지하 114-2호,88.001,40860470
5976,LHR0041,1,37647,***,(육성) 24년 응급처치키트 구매,물품,LHR,육군 제37보병사단,202408161030,JF04C,피엔지,,박인자,01072370467,경기도 시흥시 수풀안길14-4 (조남동),88,69438450
8,SDG0043,1,38019,***,24-인-토양오염도 검사용역,용역,SDG,제2002부대,202408161030,G23A9,재단법인 환경기술정책연구원,Nelab,고일하,029294326,"서울특별시 성북구 안암로145, 산학관 203-2호(안암동5가, 고려대학교자연계)",98.721,5060000
6,LGP0126,1,37749,***,00부대 이전 사업장(일반)폐기물 위탁처리 용역,용역,LGP,제1군수지원사령부,202408161030,EF7E6,이도에코오산 주식회사,"DS E&E Co.,Ltd",박성진,0313744859,경기도 오산시 황새로149번길55-0 (누읍동),88.212,27792270
81,HDR0009,1,38113,***,24-방공관제사-64(헤드셋),물품,HDR,공군방공관제사령부,202408161030,LBC44,주식회사 케이디제이,,강동주,01020008184,"전라남도 목포시 영산로93-1, 4층 476호 명륜동, 전남빌딩(명륜동)",88.008,11768695
76,SCF0760,2,28358,***,브레이크오일교환기 2EA 구매,물품,SCF,해군군수사령부,202408161030,J8715,더블유엠,,최원익,01089544638,서울특별시 영등포구 영신로38길18(영등포동6가) 흥무빌딩 3087호,97.757,4318600
317,LHN0060,1,37786,***,00시설 중거리 카메라 제조설치,물품,LHN,제7보병사단,202408161030,A4D73,지엔네텔(주),Good News Network Telecom.co.,고시영,0222033856,서울특별시 송파구 성내천로22길 7(마천동),87.995,81379964
38,LCM0051,2,37066,***,'24년 4분기 부대계약 영내자증식 구매,물품,LCM,육군교육사령부,202408161030,KF9B3,주식회사 강산푸드앤덕,,정미경,0519719989,부산광역시 강서구 낙동남로622번길42-0 (녹산동),88.343,88927200
3,LCG0066,1,35119,***,[24-육-172] 미래 작전부대 지원에 적합한 신에너지,용역,LCG,육군본부,202408141300,F77F0,주식회사 자람앤수엔지니어링,jaram and su engineering,오대영,0313430110,"경기도 안양시 동안구 엘에스로91번길16-39, 803호 (호계동, 안양아이티밸리)",,43512260
208,LCF0499,1,35090,***,솔레노이드조립체 등 6항목 구매(자주포),물품,LCF,육군군수사령부,202408141130,I52B6,티케이(T.K)테크,T.K TECH,김재욱,051-303-5134,부산광역시 강서구 대저로3번길52-15 (대저1동),88.025,79055590
4,LKP0129,1,36731,***,24년 급식 민간위탁배송(부대조달 경남권),용역,LKP,5군수지원사령부,202408141130,CD7B4,용마로지스주식회사,yongmalogis,이종철,0232906433,"경기도 김포시 고촌읍 아라육로78, 2동",97.473,2447899000
42,LCF0506,1,37573,***,"링,베어링용,외부용 등 14항목 구매(궤도-002)",물품,LCF,육군군수사령부,202408141130,M9533,선경,,정왕균,01038547544,경상남도 김해시 한림면 안곡로520-2,88.446,14959047
7,LCF0504,1,35520,***,"스프링,나선형,압축 등 44항목 제조(총포)",물품,LCF,육군군수사령부,202408141130,MAA92,삼영산업,,문헌태,0553333303,경상남도 김해시 분성로557번길60-7 (어방동),88.872,8680300
19,LCF0503,1,35378,***,"베어링,볼형,환상형 등 8항목 구매(총포)",물품,LCF,육군군수사령부,202408141130,L0FB5,에스엔더블유테크,,명노헌,0517141295,부산광역시 강서구 가리새2로13번길14-0 (생곡동),88.573,3573530
10,LCF0501,1,35096,***,"클램프,호스용 등 14항목 제조(자주포)",물품,LCF,육군군수사령부,202408141130,I3063,이든산업,Ideun Industry,박용철,070-4647-0245,부산광역시 강서구 호계로57번길20-0 (죽동동),88.361,32599880
108,LCF0492,1,37092,***,230mm 창정비시설 관급(호이스트크레인) 제조설치,물품,LCF,육군군수사령부,202408141100,L8A7B,주식회사 에스씨모빌리티,,한영민,0517036156,"부산광역시 사하구 다대로624, 5층(다대동)",88.006,925861717
2753,LCN0046,1,37001,***,25년 생도 일용품류 구매,물품,LCN,육군사관학교,202408141100,HB817,다얼테크,DA  EL  TECH,차정수,01050840017,"경기도 김포시 고촌읍 장차로13, 3층 303-2호",88,22370330
2683,LCN0045,1,37014,***,25년 생도 예복부수기재류 구매,물품,LCN,육군사관학교,202408141100,M1A39,위드피아,,이영기,05056150516,"경기도 부천시 경인로19번길16-1 (송내동, 대승주택) 2동 502호",88,28015745
4,LCN0044,1,37480,***,25년 생도 양말류 제조,물품,LCN,육군사관학교,202408141100,L00CF,제이지,,문경수,0318483258,"경기도 양주시 광적면 현석로597-133 , 가동 2층",88.006,19149214
32,MCD0053,1,37628,***,제76주년 국군의날 행사 참관인 모자 제작,물품,MCD,국방부(운영지원과),202408141100,L6BFB,주식회사 마크온탑,,신승자,07076039643,서울특별시 영등포구 여의대방로43나길10-1 (신길동)  1층,88.082,49581900
363,LPM0030,1,37525,***,사격장 방호판(강판 및 고무판) 구매,물품,LPM,제9보병사단사령부,202408141100,J69D8,두리 [dulu],,이학현,01094238972,경기도 평택시 포승읍 서동대로597,88.001,7203820
589,LCN0047,1,37534,***,53차(00관 및 00관 팬코일 유닛 세척 용역),용역,LCN,육군사관학교,202408141100,MBB58,유한EST,,이동현,01049453675,"경기도 김포시 사우중로73번길39-0 (북변동, 풍년마을) 219-1601",88.016,81203580
44,MCD0052,1,37625,***,군종도서(기독교 성경·찬송 합본) 제작,물품,MCD,국방부(운영지원과),202408141100,A5717,유한회사 성서원,bible house,김영진,027650011,경기도 고양시 덕양구 덕은로60-12 (덕은동),94.373,72861352
11,UMM1016,1,37312,***,(24G233-A) 식기세척기 임차 용역,용역,UMM,국군재정관리단,202408141100,K926B,에이포하우스 주식회사,"A4 House Co., Ltd.",김홍민,07048015533,서울특별시 성동구 성수일로77-0 (성수동1가) 서울숲IT밸리 15층 1509호,88.121,104490000
5,UMM1022,1,37005,***,(24F218-I) 식자재 민간위탁 배송용역(수도군단),용역,UMM,국군재정관리단,202408141100,EB8A8,동원로엑스 주식회사,"DONGWON LOEX CO., Ltd.",박성순,025894575,서울특별시 서초구 마방로68-0 (양재동) 동원산업빌딩,97.28,1800000000
681,UMM1002,1,36158,***,24-D-인쇄용 워크플로우 구매,물품,UMM,국군재정관리단,202408141100,J8A51,레오컴퍼니,,유지민,01030513086,"경기도 의정부시 동일로397, 210동 1105호(장암동, 장암2단지주공아파트)",83.001,195335730
4729,UMM1006,1,35916,***,"24-F-탐지기, 가스용 구매",물품,UMM,국군재정관리단,202408141100,LC3BD,에스클래스주식회사,,서정미,07088484021,"경기도 고양시 일산동구 무궁화로20-18, 5층 47 (장항동, 하임빌로데오빌딩)",87.995,66857280
3400,UMM1005,1,33437,***,24-N-프레임 리프트 구매,물품,UMM,국군재정관리단,202408141100,LBCCA,브레인비,,오아랑,0623853252,"서울특별시 광진구 자양로135, 4층 406호 (문패 506호)(자양동, 자양오피스텔)",87.999,62119700
431,UMM1011,1,33415,***,(247052-H)통신사 등 3개지역 LAN 노후 교체사업,물품,UMM,국군재정관리단,202408141100,L1768,스피드,,김혜명,07046473089,"인천광역시 미추홀구 토금남로4번길25-12, 101호(용현동, 선영하이츠빌)",82.999,438241940
4,LHQ0039,2,36494,***,24년 국가기술자격검정 굴삭기VR 운전시뮬레이터 구매,물품,LHQ,제2작전사령부,202408141100,HAD5F,주식회사 심지,"SimG.Co.,Ltd.",정재욱,0522213007,울산광역시 울주군 청량읍 율리영해1길울산광역시 울주군 청량읍 율리영해1길 54,94.628,16950000
3072,LCF0497,1,37239,***,"드라이버,시일용 등 17항목 구매(총포공구)",물품,LCF,육군군수사령부,202408141030,M6D15,하주스토어,,김병순,01067029241,광주광역시 북구 면앙로121번길96-3 (문흥동),87.995,183792772
211,SCK0094,1,37520,***,도장/샌딩부스 필터 구매 설치,물품,SCK,해군교육사령부,202408141030,KD5F5,(주)태종필터,,이종태,0313176550,경기도 시흥시 수인로3106번길65-0 (안현동),88.014,11666850
56,SCK0093,1,37507,***,파라솔 등 42종 구매,물품,SCK,해군교육사령부,202408141030,H4339,주식회사보승글로벌,bosungglobal,위나영,07087065666,"경상남도 창원시 진해구 웅동로162-0, 105동 501호(두동, 청안해오름아파트)",88.079,4280800
89,LHP0028,1,37545,***,24년 취사장 및 병영식당 청소용역,용역,LHP,제22보병사단,202408141030,M52D7,디피비 주식회사,,최보윤,0336337765,"강원특별자치도 춘천시 춘천로188-0 (효자동), 2층 210호",88.013,56542030
93,UEK0004,1,37579,***,24년 00부대 예초용역,용역,UEK,제6953부대,202408141030,D3641,주식회사 진석이엔씨,Jinseok E&C,이희준,0319327412,"경기도 고양시 일산동구 애니골길6, a동 105호 (풍동)",88.049,40014330
6,LRC0005,2,36728,***,전기안전관리자 대행 민간 전문 전기 업체 수정 계약,용역,LRC,제7862부대,202408141030,L2B81,(주)한빛전기안전기술단,,양우연,0315427501,"경기도 포천시 소흘읍 죽엽산로230-2, 202호",88.038,10509492
327,SDG0042,1,37490,***,24-인-식당청소용역,용역,SDG,제2002부대,202408141030,EEDE6,다솜환경(주),dasom environmental all rights reserved,양이순,0312327700,"경기도 수원시 권선구 매송고색로804번길81, 2층(고색동)",88,9300308
3,MDR0044,1,37546,***,'24년 000부대 특수식량(건식) 구매,물품,MDR,제9965부대,202408141030,MD117,로터스,,최정순,01087948020,"전라남도 목포시 영산로719-29 , 103동 1402호(석현동, 서희스타힐스)",88.301,11171000
57,LKF0058,1,37508,***,00여단 지하형 유류탱크 신축 건설폐기물처리용역,용역,LKF,제6755부대,202408141030,B40F2,광명환경(주),gwangmyeong,박경화,054-732-6366,경상북도 영덕군 영덕읍 영덕로 586-24(),88.006,28066900
104,SFD0074,1,37615,***,궤도장비 정비물품(절단석등 248품목)구매,물품,SFD,제9227부대,202408141030,J5C7B,오송글로벌,,김무웅,0542476842,경상북도 포항시 북구 새천년대로1123 (창포동)부산프라자2층215호,88.011,34647333
2281,SCF0813,1,32304,***,해병대 호흡조절기 검사수리기 2대 구매,물품,SCF,해군군수사령부,202408141030,H9AC0,주식회사 갑목,kap mok,홍두표,0314973337,경기도 시흥시 소망공원로334-0 (정왕동),87.995,42792000
70,LGC0027,1,37580,***,24년 교육종합정보시스템 HW 및 SW 교체(리스자산),물품,LGC,육군학생군사학교,202408141030,I5731,주식회사 코어스톤,,박경구,0423454800,"대전광역시 유성구 가정로218, 407호 (가정동, ETRI융합기술연구생산센터)",83.49,237050000
12,EBH0115,1,0360A,***,PRC-96K부품(구매),물품,EBH,해상공중전력운영계약팀,202408131500,BE870,(주)인콘,INCON,박종진,025589130,"경기도 안양시 동안구 전파로104번길14, 2,3층(호계동)",83.93,449100000
2,MHD0071,2,33452,***,방산메일시스템 유지보수 사업,용역,MHD,방위사업청(운영지원과),202408131500,LA278,주식회사 유나이티드시스템,,김혜정,01071646461,경기도 하남시 미사강변중앙로208-0 (망월동) 7층 7160호,,78988000
2,MHD0067,1,32404,***,시험평가 인프라 구축 확대 및 종합 관리 방안 연구,용역,MHD,방위사업청(운영지원과),202408131500,C8E58,전북대학교산학협력단,Chonbuk National University Industrial Cooperation Foundation,손정민,0632703775,전북특별자치도 전주시 덕진구 백제대로567-0 (금암동),,58608990
6,EBH0113,1,2550,***,24년 천마 수리부속류(구매),물품,EBH,해상공중전력운영계약팀,202408131100,M8BB9,대림엠텍,,김부경,0553437885,경상남도 김해시 진례면 테크노밸리로36,86.321,336475830
43,SCG0019,1,37407,***,현수막천 60 등 26종 구매,물품,SCG,해군본부,202408131100,M35EE,와이 에스 엠,,윤성만,07088040077,"충청남도 계룡시 엄사면 번영3길73-12, 104동 1106호(삼진아파트)",88.013,25478479
117,LIK0062,1,37340,***,00부대 유류중대 방화지대 구축 용역,용역,LIK,제2군수지원여단,202408131100,CB7BE,(주)천강,CheonGang.Co.LTD,최승순,0336462389,"강원특별자치도 강릉시 강릉대로 165, 천강빌딩 3층(교동)",88.002,15151406
2,UMM1009,1,37074,***,(24F219-A) 식자재 민간위탁 배송 용역,용역,UMM,국군재정관리단,202408131100,CD7B4,용마로지스주식회사,yongmalogis,이종철,0232906433,"경기도 김포시 고촌읍 아라육로78, 2동",97.546,762371250
34,UMM1004,1,36979,***,(24G034-H)정보체계 통합 유지보수 용역,용역,UMM,국군재정관리단,202408131100,CE0C5,(주) 투데이게이트,"TodayGate Co.,LTD.",김익훈,0221043535,"서울특별시 금천구 디지털로9길32-0 (가산동, 갑을 그레이트밸리) 비동 804호",78.002,1624550400
980,UMM1018,1,35746,***,(246305-E) '24년 착색장비(회전식 샌딩기) 구매,물품,UMM,국군재정관리단,202408131100,M4C12,파운트,,권석헌,01062069876,"인천광역시 부평구 마장로143번길25-4, 1동 201호(산곡동, 한마음 맨션)",87.996,56836020
81,UMM0988,2,34623,***,(246307-C) 피아식별띠 제조,물품,UMM,국군재정관리단,202408131100,M3D9F,연홍코퍼레이션,,지애경,0313114130,"경기도 시흥시 연성로83, 5층 501, 502,503호(하상동, 현대프라자)",97.083,83331360
5011,UMM1019,1,32528,***,(246288-E) 음향장비세트 구매,물품,UMM,국군재정관리단,202408131100,LA2A7,다우상사,,이나현,01035868573,"울산광역시 남구 장검1길21-32, 상가동 지하층 101호(무거동, 선진아트맨션)",87.997,99738290
5,UMM0953,2,32451,***,24-N-UFS훈련 합동수송 실제훈련 선박 임차용역,용역,UMM,국군재정관리단,202408131100,CB462,주식회사씨캐리어,c carrier,김순오,0215667741,"서울특별시 송파구 올림픽로35가길10-0 제6층 B동 제613호 (신천동, 잠실 더샵스타파크)",96.534,83681900
372,UAC0026,1,36764,***,디지털후가공시스템 구매,물품,UAC,국방출판지원단,202408131100,C3521,주식회사 솔버스,SOLVUS Corporation,서용수,0221648500,"서울특별시 영등포구 양산로43, 705호 (양평동3가, 우림이비지센터)",86.943,750000000
2,LMU0035,1,36676,001,(24-급-033) `24-2차 경축특식(글레이즈드도넛) 계약,물품,LMU,제7군수지원단,202408131100,E4EC4,아이리치베이커리,,정양숙,0557589779,경상남도 진주시 대곡면 진의로612-4,88.095,2601.99
162,LMU0034,1,36675,001,(24-급-032) `24-2차 경축특식(아이스모찌) 계약,물품,LMU,제7군수지원단,202408131100,E6D97,다오,sung ho,성치오,0328851006,"인천광역시 중구 연안부두로107번길34, 2동 1층(항동7가)",88.017,2560.89
74,LMU0033,1,36674,001,(24-급-031) `24-2차 경축특식(훈제닭다리) 계약,물품,LMU,제7군수지원단,202408131100,M2E7D,주식회사 미소랑,,김지혜,0328897712,"인천광역시 중구 연안부두로107번길34, 2동 1층(항동7가)",87.999,2593.27
2,LHQ0036,1,34049,***,24-전라제주-폐수-01 설계용역,용역,LHQ,제2작전사령부,202408131100,A2373,주식회사 동부그린,"Dongbu Green Environment Co.,Ltd",정오용,0617261300,전라남도 순천시 해룡면 해룡산단6로100,0,0
68,HCL0053,1,36690,***,24-237 2학기 교과서,물품,HCL,공군사관학교,202408131100,I9E6E,다올,DAOL,이시우,07048374570,"충청북도 청주시 흥덕구 2순환로1222, 1동 17층 15호(강서동, 신해블루지움)",90.007,135290740
6,HCF0181,2,35835,***,'24~'25 F-15K SWMF 지원장비 유지보수,용역,HCF,공군군수사령부,202408131030,C08E2,(주)이엔씨테크,ENCTECH,이종희,0432340006,충청북도 청주시 흥덕구 2순환로742번길2 (화계동),87.795,18825000
610,LMH0050,1,37463,***,[B157]양주권역 냉난방기 정밀분해청소 용역,용역,LMH,제7군단,202408131030,BC9B2,(주)해원용역,HaeWon Service co;Ltd.,황영옥,0314435337,"경기도 수원시 팔달구 정조로791번길7-3 (팔달로2가) 3층, 307호(에이비씨빌딩)",88.014,40128490
50,SFD0073,1,37435,***,사격장비(관측경확장레일등 5품목)구매,물품,SFD,제9227부대,202408131030,I08F0,대성,dae sung,최명희,01068330717,"경상남도 창원시 마산회원구 양덕로65-0 (양덕동, 타코마) 가-503",88.081,12499543
207,LFN0031,1,37402,***,25년 생도피복(예식용품류 8종) 구매,물품,LFN,육군3사관학교,202408131030,M22E6,몬티지 링크 코리아,,김진곤,0535833580,"대구광역시 달성군 다사읍 세천북로8길6-11 , 2층",88.002,21690703
4,SCN0128,1,37453,***,24~27-00숙소 정수기(11대) 임차용역,용역,SCN,제7001부대,202408131030,G312A,아쿠아닥터,aquadoctor,하태광,051-723-6573,"경상남도 창원시 마산합포구 완월남로45-0 (완월동, 청구제네스아파트)106-1501",88.904,11521620
165,LFN0032,1,37398,***,25년 생도피복(일용품류 5종) 구매,물품,LFN,육군3사관학교,202408131030,I6D43,씨에이치상사,ch company,이창형,01043771101,"대구광역시 중구 교동4길9-0 (교동, 교동모닝하우스B)",88,26852120
35,LFN0029,1,37394,***,25년 생도피복(태권도복류) 구매,물품,LFN,육군3사관학교,202408131030,G2D1D,중앙종합상사,jungang jonghab sangsa,박태석,054-335-2275,경상북도 영천시 고경면 창하리679-4 (호국로 429),88.024,41329180
35,LFN0028,1,37390,***,25년 생도피복(수영복류) 구매,물품,LFN,육군3사관학교,202408131030,MACD9,대승종합건기,,김영만,01035751144,경상북도 영천시 고경면 호국로656,88.04,39631430
61,LFN0027,1,37386,***,25년 생도피복(셔츠) 제조,물품,LFN,육군3사관학교,202408131030,I8BF5,주식회사 대창티앤비,"Dae Chang TnB Co.,Ltd",김창남,0535517562,경기도 양주시 청담로116번길150(고암동),88.016,34311790
5707,LDG0076,1,37339,***,24-5차 더 좋은 병영식당 취사기구 구매,물품,LDG,육군 탄약지원사령부,202408131030,L0479,으뜸플러스안경 광주수완점,,사현재,01088800078,"광주광역시 광산구 장신로143,105호 (수완동, 104호 일부)",88,19458000
6,LFN0026,1,37226,***,24년 생도 61기 병영체험 차량임차,용역,LFN,육군3사관학교,202408131030,CB1E1,주식회사 뉴평화관광여행사,NEW PYUNGHWA TRAVEL.CO.LTD,조미현,0534222213,"대구광역시 중구 태평로180, 201호(태평로1가) 세화빌딩 2층",88.309,26714300
26,LKM0039,1,37413,***,'24년 육경정 선박용 발전기(20kw) 설치납품,물품,LKM,제2632부대,202408131030,E1FA3,주식회사 일성이엔씨,IL SUNG ENC,김영남,0634450616,전북특별자치도 군산시 대야면 번영로1433-4,88.177,22386503
6,LDG0075,1,37216,***,유도탄 외주정비 원가계산 용역,용역,LDG,육군 탄약지원사령부,202408131030,B6922,재단법인 한국경제기획연구원,kepi,이진구,0537660038,"대구광역시 수성구 알파시티1로30, 502호(대흥동, 그루타워)",88.968,17818220
505,SFH0110,1,37385,***,24-B-복사용지 등 445품목 구매 납품,물품,SFH,제9196부대,202408131030,M318C,주식회사 휴먼플래너,,주진영,01088931558,"인천광역시 부평구 원적로472번길2, 40호 40호-B6(부평동, 창신빌딩)",88,29423030
2,LGT0077,1,37347,***,'24년 군단 전기안전관리대행 용역2권역(24-GS-40),용역,LGT,제2307부대,202408131030,HC7B4,삼원전기안전관리주식회사,SAMWONJOO,최상식,033-574-4400,강원도 삼척시 마달1길80-0 (마달동),88.57,13052911
56,LKF0057,1,37329,***,00여단 본부 오수관로 개선 건설폐기물처리용역,용역,LKF,제6755부대,202408131030,A1695,주성건설환경(주),jusung,이현성,0546734800,경상북도 봉화군 봉화읍 예봉로 1787-120(),88.004,83752000
794,HDF0057,1,37297,***,"24-185, 전운대대, LED 등 19종",물품,HDF,공군 제8전투비행단,202408131030,H215B,석천산업,suk  cheon,조경필,05027315930,경상남도 창원시 마산합포구 산호남8길103-1 (산호동),88,45571060
149,LBB0032,2,36875,001,"'24-2차 경축특식 (추석,국군의 날)(커피, 가공우유)",물품,LBB,육군제7789부대,202408131030,M7AE7,이룸푸드,,양광영,0519115738,부산광역시 사상구 새벽시장로78-6 (감전동) 1층,83.034,1161.6
149,LBB0032,1,36875,001,"'24-2차 경축특식 (추석,국군의 날)(커피, 가공우유)",물품,LBB,육군제7789부대,202408131030,M7AE7,이룸푸드,,양광영,0519115738,부산광역시 사상구 새벽시장로78-6 (감전동) 1층,83.034,1161.6
5,SFN0067,2,36627,***,24-Y-일반폐기물 처리 용역,용역,SFN,연평부대,202408131030,LD765,주식회사 석천기업,,김창성,0325611658,"인천광역시 서구 검단천로203, 1층(오류동)",85.472,175422800
17,SFC0090,1,36539,***,열선풍속계 등 2품목 구매,물품,SFC,제9691부대,202408131030,C61E6,케이씨테크노(주),"KEC TECHNO CO., LTD.",이석형,0319238555,경기도 고양시 일산서구 송산로 221(),88.056,1511400
397,SFC0091,1,36435,***,의무장비(의료용 중형 냉장고),물품,SFC,제9691부대,202408131030,M050C,주식회사 은상컴퍼니,,최은미,07041097450,"경기도 안산시 단원구 고잔2길45, 7층 701-376호(고잔동, 코스모프라자)",87.998,7742541
32,SCK0092,1,36394,***,공기청정기 필터 8종 제조 납품,물품,SCK,해군교육사령부,202408131030,J4A42,(주)조은필텍,,이정숙,0519725222,부산광역시 강서구 녹산산단361로42-0 (송정동),88.008,14652700
29,SCF0808,1,35969,001,씻어나온쌀 구매,물품,SCF,해군군수사령부,202408131030,IF555,류홀마트(합포점),,최정임,055-221-6798,경상남도 창원시 마산합포구 문화동로1-0 (월포동),88.034,17747
45,SCF0809,1,35963,001,대패삼겹살(냉동) 구매,물품,SCF,해군군수사령부,202408131030,L50F3,송림축산,,김미애,0555521779,"경상남도 창원시 진해구 동진로138, 지하층 100-1호(덕산동)",88.028,10643
40,SCF0810,1,35957,001,냉동수육용삼겹살 구매,물품,SCF,해군군수사령부,202408131030,IF555,류홀마트(합포점),,최정임,055-221-6798,경상남도 창원시 마산합포구 문화동로1-0 (월포동),88.056,16448
45,SCF0811,1,35919,001,차돌박이 구매,물품,SCF,해군군수사령부,202408131030,HC6D5,주식회사 원양에프엔지 농업회사법인,wonyang,심세진,0552712845,경상남도 창원시 마산합포구 진전면 팔의사로511-97,88.072,19386
5,SCF0772,2,34550,***,ㅇㅇ함 무인기뢰처리기 데빗트 외주정비,물품,SCF,해군군수사령부,202408131030,G638A,주식회사 일성이엔지,"ILSEONG ENG CO.,LTD.",오세만,0514127038,부산광역시 영도구 대교로2번길22-6 (봉래동3가) 2층,85.569,89180000
4714,SCF0787,1,32888,***,실리콘 등 3종 구매,물품,SCF,해군군수사령부,202408131030,L1C23,찬스드림인터내셔널,,김찬중,01063780148,"경기도 남양주시 퇴계원읍 퇴계원로141, 105동 703호(금호어울림아파트)",87.996,30144871
7,SCF0751,2,32622,***,대잠RIB 엔진 정비,물품,SCF,해군군수사령부,202408131030,A7723,화창기계,hwa chang machinery,유인섭,0325438110,인천광역시 계양구 평리길 118-10화창기계,88.311,330869000
2,LGI0065,1,36776,001,'24년 국군의날 경축특식(떠먹는티라미수) 구매,물품,LGI,제3군수지원여단,202408131030,I5125,장가네제과,JANGSCAKE,장억재,053-353-0250,대구광역시 북구 팔달로45(노원동3가),88.149,2638
152,LGI0064,1,36775,001,'24년 추석 경축특식(훈제닭다리) 구매,물품,LGI,제3군수지원여단,202408131030,CF0DF,골든벨,golddueball,정영자,031-445-2030,경기도 안양시 동안구 관평로69번길 7-45(평촌동1층),83.013,2498.53
33,LGC0026,1,37403,***,24년 학군후보생 여행용 가방 제조납품,물품,LGC,육군학생군사학교,202408131030,E1394,성지EMB,sungjiemb,이근호,0325524211,"인천광역시 계양구 봉오대로743번길29, 1동 3층 301호(작전동, 삼보아파트상가)",83.255,169415900
149,LBB0032,3,36875,001,"'24-2차 경축특식 (추석,국군의 날)(커피, 가공우유)",물품,LBB,육군제7789부대,202408131030,M7AE7,이룸푸드,,양광영,0519115738,부산광역시 사상구 새벽시장로78-6 (감전동) 1층,83.034,1161.6
125,HCF0194,1,36160,***,엘레본 서보 등 2종,물품,HCF,공군군수사령부,202408131030,I8986,바이민,qkdlals,주민,05024283100,"대구광역시 수성구 청수로25길48-5, 1층(황금동)",88.075,112187130
6,HCF0184,2,35836,***,'24~'25 KF-16 SWMF 지원장비 유지보수,용역,HCF,공군군수사령부,202408131030,C08E2,(주)이엔씨테크,ENCTECH,이종희,0432340006,충청북도 청주시 흥덕구 2순환로742번길2 (화계동),87.823,18003000
6,HCQ0067,1,35786,***,'24년 김해기지 부대소개영상 제작 용역,용역,HCQ,공군제5공중기동비행단,202408121500,H5DFD,주식회사 씨엘엠스타일,CLM style corp.,윤찬원,0264251004,"서울특별시 영등포구 당산로35길1, 4층(당산동4가)",,55000000
3,MHD0075,1,35498,***,120mm자주박격포 및 사격지휘차량 성능개량 사업분석,용역,MHD,방위사업청(운영지원과),202408121500,C7CD2,사단법인 안보경영연구원,SMI,김주형,025445937,"서울특별시 강남구 언주로527, 10층 (역삼동)",,42000000
2,MHD0076,1,35497,***,통신가설차 경미한 성능개량 사업분석,용역,MHD,방위사업청(운영지원과),202408121500,HA023,사단법인 미래안보산업전략연구원,IFSIS,박종재,0234522416,서울특별시 영등포구 영등포로35길10-0 (영등포동6가) 8층 809호,,44000000
1,LCG0065,1,34615,***,[24-육-170] 안전문화 콘텐츠 제작,용역,LCG,육군본부,202408121300,LBFB9,트렌드코리아 주식회사,,장태준,07077981734,"경기도 시흥시 월곶해안로149-1 (월곶동) 에이동, 202호",49.509,14900000
5,ESA0004,1,9005,***,24년 보조전원공급기(30mm차륜형대공포용),물품,ESA,유도무기총괄계약팀,202408121100,3529F,현대파워시스템 주식회사,"HYUNDAI POWER SYSTEM CO.,LTD",전용곤,0317640780,경기도 광주시 광여로115-1 (곤지암읍),84.039,807655000
76,LFA0013,1,37171,***,24년 후반기 소방시설점검 용역,용역,LFA,제2신속대응사단,202408121100,LF04E,용성소방,,황진두,0552389111,"경상남도 창원시 의창구 도계로11, 2층(도계동)",88.049,15024890
7,LPM0026,1,29977,***,9사단 사령부 병영식당 민간위탁 급식용역,용역,LPM,제9보병사단사령부,202408121100,BC9A3,주식회사 동원홈푸드,DONGWON,정문목,01025015141,"서울특별시 서초구 마방로68(양재동, 동원산업빌딩)",0,5219500000
2,EKA0025,1,7010,***,"24년 기관단총,5.56mm,K1A",물품,EKA,기동총괄계약팀,202408121030,1203F,에스앤티모티브주식회사,"SNT Motiv Co.,Ltd",권형순,0515092033,부산광역시 기장군 철마면 여락송정로 363(),86.327,53625000
143,DSS0043,1,37273,***,태극기 및 부수기재 구매,물품,DSS,국군제1068부대,202408121030,E4655,올리브상사,,고현영,01031171178,서울특별시 강동구 상암로214 (명일동)삼익맨션상가402호,88.06,6891500
31,SCI0099,1,37190,***,24-000사 식당 취사장 청소 용역,용역,SCI,제9121부대,202408121030,E04D0,대양산업개발 주식회사,"DAEYANG I D CO.,LTD.",전광식,0552377522,"경상남도 창원시 의창구 도계로 71(도계동, 진한데파트)",90,2202750
230,SDG0035,1,37268,***,"도서 ""바빌론의 부자 멘토와 꼬마제자"" 등 31종 구매",물품,SDG,제2002부대,202408121030,K674D,라인플러스,,한동희,07051020207,"인천광역시 동구 송현로50, 108동 1901호 (송현동, 솔빛마을 주공아파트)",90,5207320
32,LNG0067,1,37101,***,00부대 중장비 정비고 크레인 제조설치,물품,LNG,육군 제1군단,202408121030,CD509,주식회사 우양이엔지,"WOOYANG ENG CO.,LTD.",강신기,0314342204,경기도 화성시 남양읍 현대기아로495-0,88.019,43382900
317,SCH0127,1,37051,***,프린터케이블 등 135종 구매,물품,SCH,해군작전사령부,202408121030,M671D,주식회사심명건설,,심상우,0517236634,"부산광역시 기장군 기장읍 차성서로77번길56-23, 101호",88.022,29853833
2,SCH0126,1,37067,***,24-부-실내공기질 측정 용역,용역,SCH,해군작전사령부,202408121030,C1E33,주식회사 한국환경기술연구원,ketr,박노진,0514417599,부산광역시 동구 중앙대로286번길7-7 (초량동),88.027,4766000
16,SCH0125,1,37052,***,24~26년 특전단 CBT유지보수 용역,용역,SCH,해군작전사령부,202408121030,FC5E7,주식회사 대연애드,deayeon,표현우,0559441011,경상남도 거창군 거창읍 공수들6길8-19,88.022,8380560
200,SCH0124,1,37093,***,24-0전단 제초관리 용역,용역,SCH,해군작전사령부,202408121030,L98D2,대산조경,,김희철,0553544972,"경상남도 밀양시 밀양대로1896, 2층(내이동)",88.005,22622000
30,HCC0106,1,37199,***,전지 등 1품목(168),물품,HCC,해군제1수리창,202408121030,M4AA7,지지유통,,김희준,01050488199,강원특별자치도 동해시 일출로10-0 (발한동) 3층 월드비즈타운 314호,88.201,3179408
354,DSS0042,1,37254,***,대형 타이어탈착기 구매,물품,DSS,국군제1068부대,202408121030,M7199,우리모두,,장동진,01037577698,경기도 여주시 여양로590 (오금동),88.006,12139038
203,HCF0195,1,37244,***,"드릴,공기식,휴대용 등 19종 109점",물품,HCF,공군군수사령부,202408121030,I691F,정우물류기계,Jeong Woo Distribution machinery,정휘철,0533848551,"대구광역시 북구 검단로135, 101동 208-3호(검단동, 검단팩토리밸리",88.013,48787024
24,SFH0109,1,37227,***,24-B-IP돔카메라 등 3품목 제조 납품(도서지역),물품,SFH,제9196부대,202408121030,G4DEA,첨단정보통신,Advanced Information Technology,주영례,0325714311,"인천광역시 서구 가석로30, 7층 703호(가좌동, 광양프런티어밸리3차)",88.101,14739121
172,SCH0123,1,37102,***,24-00사 00단 제초 용역,용역,SCH,해군작전사령부,202408121030,L7C10,(주)오케이조경,,하병오,0559438734,경상남도 거창군 남하면 가조가야로435-0,88,13863140
222,SFH0104,2,36482,***,24-B-야자매트 구매 납품,물품,SFH,제9196부대,202408121030,J1C83,주식회사 디딤공간,,김형노,0313517075,"경기도 화성시 장안면 3.1만세로534-8, 가동(수촌리428)",88.01,10229560
11,SDG0037,1,37275,***,24-인-실내도장용역,용역,SDG,제2002부대,202408121030,B038F,(주)그린산업개발,green industrial developing co. ltd,김사민,0324375504,인천광역시 미추홀구 경인로479 (주안동) 3층 (계림빌딩),88.074,7943120
207,SDG0034,1,37267,***,"도서 ""아버지의 삶"" 등 6종 구매",물품,SDG,제2002부대,202408121030,K7E85,수호유통,,은종현,01033354686,인천광역시 서구 매밭로130-0 (당하동) 1004동 301호,90,3138270
4,HCC0105,1,37186,***,전자 구성품 조립체 등 1품목(169),물품,HCC,해군제1수리창,202408121030,JFB9B,청아철물설비,,김주희,010-7224-5200,강원도 동해시 단봉길23 (북평동),91.495,350000
393,SCP0087,1,37174,***,"백셀 망간 건전지 등 1,401종 구매",물품,SCP,제8385부대,202408121030,L4998,번창대박,,박광영,01086345587,"강원특별자치도 춘천시 소양고개길50, 3층 3004호(요선동)",88.005,44956060
103,LDF0013,1,37159,***,2분기 실습재료비,물품,LDF,육군정보통신학교,202408121030,L284D,오케이 상사,,문시현,07086914123,"대전광역시 서구 계룡로566 (괴정동), 4032호",88,27191760
78,SFM0069,1,36966,***,귀덮개 제조,물품,SFM,제3170부대,202408121030,I12CD,주성엠에스,jusung m/s,이선호,01054936260,"경기도 파주시 파주읍 봉암길223, 1동",88.007,47157600
84,LKH0026,1,37175,***,00해감대 개편시설공사(자동제어 제조설치),물품,LKH,제6128부대,202408121030,M0871,주식회사 세원,,박정아,0425513108,충청남도 계룡시 엄사면 도곡로128-25,88.004,32622684
2,MCR0051,1,35082,***,가스열펌프 배출가스 저감장치 구매(설치납품),물품,MCR,국방대학교,202408091100,J03BF,주식회사 알오씨오토시스템,,유정준,0312706358,"경기도 오산시 독산성로425-0, 6층 5호(세교동)",91.929,52773040
6,LFT0008,1,37016,***,'24년 공병학교 소방시설 작동점검 용역,용역,LFT,육군공병학교,202408091100,F6792,한국소방,korea fire fighting,임순석,0617433830,전라남도 순천시 이수1길24-0 (덕암동),88.274,6529859
1945,LCN0042,1,35470,***,24-9차 실습 및 교육재료 구매,물품,LCN,육군사관학교,202408091100,LD5D5,디얼스톤,,한연주,01072855273,서울특별시 은평구 진관4로48-8 (진관동),88,18362983
2,LIK0061,1,37059,***,'24년 2차 화공가스 용기 재검사 및 가스 구매 계약,물품,LIK,제2군수지원여단,202408091100,C90B1,대일가스,DAEIL GAS,최봉순,0335331580,강원특별자치도 동해시 동해대로4491-0 (대구동),88.693,16847000
61,LGP0117,2,36052,***,"24년 일반장비, 함정장비 외주정비 원가계산검증 용역",용역,LGP,제1군수지원사령부,202408091100,B6914,(사)한국산업경제연구소,kiie,장현우,028888001,"서울특별시 관악구 남부순환로1838, 8층 (봉천동, 씨에스타워)",88.002,9729000
157,UMM0999,1,36665,***,"(246051-B1) 주전산기 교체사업(진급, 리스계약)",물품,UMM,국군재정관리단,202408091100,JE57F,행복물류,,장복남,0617223150,전라남도 순천시 해룡면 해룡산단6로138 (1층9호),83.134,279044110
119,HDF0055,1,37036,***,"24-203, 공병대대, 프라이머 등 33종",물품,HDF,공군 제8전투비행단,202408091030,LBE79,트윈테크,,구본철,07047111855,"강원특별자치도 원주시 천매봉길36-11, 1층(단구동)",88.009,32200110
2,SCP0086,1,37078,***,24-0함대 00대대 다-000호정 등 4척 외주정비,용역,SCP,제8385부대,202408091030,B92C1,신아선기,SHIN-A MARINE ENGINEERING CO.,하인태,0542485147,경상북도 포항시 남구 청림서길57번길11-0 (청림동),88.951,11000000
106,LPQ0005,1,37075,***,'24년 동원훈련장 방탄보호판 설치납품,물품,LPQ,제9251부대,202408091030,IC28D,평화상사,,성혜정,01037321602,"경기도 남양주시 와부읍 덕소로213-0, 102동 504호(덕소강변서희스타힐스)",88.005,57152200
19,SFH0108,1,37090,***,안전보건경영시스템(ISO45001) 인증 컨설팅 용역,용역,SFH,제9196부대,202408091030,C0D64,에버그린컨설팅 주식회사,Evergreen Consulting,신귀우,07088608509,전라남도 담양군 금성면 한솔길10-5,88.126,25702500
149,SFD0072,1,37091,***,도서(아프가니스탄 전쟁등 14종 546권)구매,물품,SFD,제9227부대,202408091030,M2483,피에스진,,박설,01080739712,"경상북도 포항시 북구 중흥로208, 1층 158호(죽도동)",90.001,13386820
176,HDC0031,1,37247,***,24-62 샤워기 줄 등 48종 구매,물품,HDC,공군제1전투비행단,202408091030,J607D,비와이그린텍,,김시윤,01036241300,"광주광역시 서구 금화로278, 4층 509호(풍암동,국민생활관)",88,19980683
27,LGD0013,1,37073,***,24년 주거시설 정기안전점검 용역,용역,LGD,육군종합행정학교,202408091030,F617B,정우지오텍 주식회사,JEONGWOO GEOTECH CORPORATION,오민호,0432867335,충청북도 청주시 상당구 용암북로120번길21-4 (용암동) 302호,88.15,11157000
12,LFC0055,1,36946,***,24년 27차 의료기재(실리콘인솔 등 7품목) 구매,물품,LFC,육군훈련소,202408091030,LBC19,와이에스컴퍼니,,정영석,07046473201,충청남도 홍성군 홍북읍 홍예로213-0 (엘에이치스타힐스) 121동 2201호,88.258,9522470
12,LBB0029,1,37100,***,자동화재속보기 설치 납품 (소규모 위임보수 24차),물품,LBB,육군제7789부대,202408091030,M72D5,주식회사 우진에프앤에프,,이승재,0319720119,"경기도 고양시 덕양구 충장로2, 409호(행신동, 센트럴빌딩)",88.122,18635480
58,HDC0032,1,37246,***,"24-102, 109 정비작업대 등 31종 구매",물품,HDC,공군제1전투비행단,202408091030,LAB3C,주식회사 은성에듀텍,,류재향,07041343089,"광주광역시 광산구 임방울대로216번길6-3 (신가동), 4층",88.045,32106500
28,LNG0066,1,37040,***,부대 회관 가구 제조구매 설치,물품,LNG,육군 제1군단,202408091030,F4BE2,사단법인 우리들행복나눔,our happy,송순호,0317635771,"경기도 평택시 고덕중앙로320, 937호",88.116,31325900
11,MDN0013,1,36983,***,국외훈련 장비운송,용역,MDN,국군화생방방호사령부,202408091030,F3425,(주)에스티해운,"ST SHIPPING CO.,LTD.",오성택,027559384,서울특별시 서초구 서초동1660-26 골드빌딩 2층,88.015,28899500
2,LDC0019,1,36992,***,국제과학화전투경연대회 행사장물품 임차 용역,용역,LDC,육군과학화전투훈련단,202408091030,L0568,인제5대명품로컬푸드협동조합,,윤은순,0334629080,강원특별자치도 인제군 북면 만해로179-1,88.314,92250000
3,MDG0170,2,33253,***,생물안전3등급실험실(BL-3) 운영 컨설팅 용역,용역,MDG,국군의무사령부,202408091000,I30BE,주식회사 한양이엔지,hanyang eng,이정민,0232896990,"서울특별시 금천구 가산디지털2로70, 9층 916호(가산동, 대륭테크노타운19차)",86.976,35700000
2,MHD0073,1,34783,***,지휘헬기-II 기종결정 평가방안에 관한 정책연구용역,용역,MHD,방위사업청(운영지원과),202408081500,C7CD2,사단법인 안보경영연구원,SMI,김주형,025445937,"서울특별시 강남구 언주로527, 10층 (역삼동)",,41850000
2,LDH0654,1,35782,***,(자재) 에폭시프라이머코팅키트 구매,물품,LDH,육군종합정비창,202408081300,M6DFD,에스와이알(SYR),,박서영,01038789108,충청북도 음성군 원남면 보천로61,92.083,7410000
5,LCF0482,1,35251,***,"어댑터,직선형,튜브및보스연결용등46항목제조(자주포)",물품,LCF,육군군수사령부,202408081130,M2E84,동창원산업(주),,정창,0553459455,경상남도 의령군 용덕면 의합대로123-7,88.325,43904710
2,LCF0489,1,35313,***,"축압기,유압식 등 6항목 제조(자주포)",물품,LCF,육군군수사령부,202408081130,FD185,보고통상,Bogo-int,윤준하,07082828401,"부산광역시 사상구 대동로303, B111호(감전동, 부산디지털밸리아파트형공장)",92.071,187960000
9,LCF0488,1,35266,***,설상화 등 3항목 제조(자주포),물품,LCF,육군군수사령부,202408081130,F8458,케이에스이엔지주식회사,"KSENG CO., LTD.",김미옥,07047052878,강원특별자치도 평창군 평창읍 농공단지길26,88.066,96861650
17,LCF0487,1,35265,***,"배선장치,갈래형 등 21항목 제조(자주포)",물품,LCF,육군군수사령부,202408081130,F8458,케이에스이엔지주식회사,"KSENG CO., LTD.",김미옥,07047052878,강원특별자치도 평창군 평창읍 농공단지길26,88.092,179784440
9,LCF0486,1,35264,***,케이블 조립체 등 62항목 제조(자주포),물품,LCF,육군군수사령부,202408081130,K6150,석산전자 주식회사,,진희영,031-458-1525,"경기도 의왕시 오전공업길22, 201호(오전동, 동영벤처스텔)",88.24,156764000
13,LCF0483,1,35263,***,"하우징,개방손잡이용 등 4항목 제조(자주포)",물품,LCF,육군군수사령부,202408081130,M2C18,에이치디 하이테크,,김헌제,070-7576-3822,경상남도 창원시 성산구 반월로67번길30-0 (신촌동),88.228,40645000
12,LCF0485,1,35254,***,회로 차단기 등 24항목 제조(자주포),물품,LCF,육군군수사령부,202408081130,K6150,석산전자 주식회사,,진희영,031-458-1525,"경기도 의왕시 오전공업길22, 201호(오전동, 동영벤처스텔)",89.18,176418000
8,EBH0110,1,0413A,***,PRC-999K부품(구매),물품,EBH,해상공중전력운영계약팀,202408081100,D762D,(주)범한네트웍스,BumHan Networks,김성혜,0515232212,부산광역시 기장군 기장읍 배산로56번길26-19,85.428,1205210000
22,MCS0096,1,36901,***,(공-64) 영상편집기 1종 구매,물품,MCS,국방부계룡대근무지원단,202408081100,G0B25,(주)앤디커뮤니케이션,"ND Communication Co.,Ltd.",엄의정,023251993,"서울특별시 영등포구 영등포로150, 비1308호(당산동1가, 생각공장 당산)",96.984,7500000
131,LPM0029,1,36919,***,24-4차 전산운영용품 구매,물품,LPM,제9보병사단사령부,202408081100,K50BB,주식회사 칼라투,,김동국,07070792933,"경기도 고양시 덕양구 중앙로558번길16-16, 308-A호(행신동, 능곡종합프라자)",88.015,11834000
23,MCS0094,1,36889,***,38구경 권총 요대 등 4종 구매,물품,MCS,국방부계룡대근무지원단,202408081100,L7B90,주식회사 윤슬,,김양숙,01091425560,경기도 구리시 안골로49-0 (교문동) 7층 710-8호,88.243,14949500
115,MCR0053,1,36830,***,24-3차 3분기 국외도서 구매,물품,MCR,국방대학교,202408081100,LECFD,히또컴퍼니,,유대겸,01024270843,충청남도 공주시 회선동길13-0 (주미동),88.025,22756500
249,MCR0052,1,36822,***,24-3차 3분기 국내도서 구매,물품,MCR,국방대학교,202408081100,K364B,문구와책,,최은호,041-575-2715,충청남도 천안시 서북구 불당31길8 (불당동) 103호,90.003,30239850
38,MCS0098,1,36916,***,(공-53) 고속 스캐너 등 3종 구매,물품,MCS,국방부계룡대근무지원단,202408081100,JCA83,비티컴주식회사,,김형준,07080643173,"서울특별시 마포구 독막로6길9, 2층 2639호(합정동, 화인빌딩)",88.038,8860060
14,MCS0097,1,36912,***,(육-039) 군사경찰헬멧 등 5종 구매,물품,MCS,국방부계룡대근무지원단,202408081100,EBBD5,(주)성원,"SUNG WON CO.,LTD.",정민철,0315270780,경기도 남양주시 진접읍 부마로106번길148-2,98.782,15000000
10,LHK0046,2,35409,***,24년 후반기 작계훈련 무기 수송차량 임차용역,용역,LHK,제2군단,202408081100,E38EF,쌍마트랜스,ssangmatrans,조희성,041-856-2472,충청남도 계룡시 엄사면 계백로3021-0,88.711,4491300
2,UMM1001,1,36597,***,(24F206-I) 기화성 부식방지제 활용 치장용역,용역,UMM,국군재정관리단,202408081100,H69F5,주식회사 지러스트,"ZERUST CO.,LTD.",김지택,028958891,경기도 광명시 새빛공원로67-0 (일직동) 자이타워B-1506,80.05,1000000000
160,UMM0997,1,34478,***,(246057-G) 24년도 국방망 사이버 위협정찰도구 구매,물품,UMM,국군재정관리단,202408081100,L1768,스피드,,김혜명,07046473089,"인천광역시 미추홀구 토금남로4번길25-12, 101호(용현동, 선영하이츠빌)",87.995,70654450
1240,UMM0995,1,24276,***,24-D-바이올린 등 7종 구매,물품,UMM,국군재정관리단,202408081100,JC94D,와이엠글로벌,,김영만,01036525374,"인천광역시 계양구 효서로112번길7, 6동 101호(효성동, 미래골든타운)",88.006,156270300
602,LKF0056,1,36922,***,24년 00부대 얼음정수기 임차용역,용역,LKF,제6755부대,202408081100,K9A72,멎지,,편윤경,01020102440,전라남도 고흥군 남양면 월악선무정길55,87.746,213290000
198,LQG0061,1,36928,***,(육성) 00부대 총기보관용 박스 제조 납품,물품,LQG,육군 52보병사단,202408081030,L3563,지지그린 주식회사,,이석환,0313123571,경기도 시흥시 신천로79번길22 (신천동) 2층,88.001,28282460
13,HCF0192,1,36921,***,제전슬리퍼 등 205종,물품,HCF,공군군수사령부,202408081030,MB964,알파대구혁신점,,김병영,0539654883,"대구광역시 동구 첨단로8길19, 102호(신서동, 밸류스퀘어 파이브)",90.304,22123000
11,HCF0191,1,36918,***,3M 조절 그래픽 필름 등 34종,물품,HCF,공군군수사령부,202408081030,GC692,주식회사 템솔,TEMSOL,강경완,07047970581,"대구광역시 동구 장등로56-0 (신천동, 벽산e-솔렌스힐) 121호",88.368,20530230
153,HCF0190,1,36917,***,저장빈 등 44종,물품,HCF,공군군수사령부,202408081030,MC124,상산,,김희정,01039176359,"대구광역시 동구 송라로14길132, 105동 1708호(신천동, 신천청아람)",88.013,41352300
82,SCH0119,1,36782,***,도서(생성형 AI로 추월하는 부의 바램) 등 235종,물품,SCH,해군작전사령부,202408081030,M7BFF,부산종합상사,,강형석,01093153039,"부산광역시 북구 금곡대로303번길35(화명동), 702-34호(화명동, 해경타워빌딩)",90.008,5208180
39,HCF0187,1,36800,***,작업단말 1점,물품,HCF,공군군수사령부,202408081030,JB0B0,피엘엠테크 주식회사,,전인기,01085928278,"대전광역시 서구 청사로136, 18층 알1809호(월평동, 대전무역회관)",97.858,46167000
3,SCH0118,1,36801,***,전기튀김기 2EA 구매,물품,SCH,해군작전사령부,202408081030,JCE2E,세명종합공구,,이정자,0555520631,경상남도 창원시 진해구 용원동로294 (용원동),94.73,1548600
20,HCC0102,3,35753,***,"버저 등 73품목(24-05,24-06)",물품,HCC,해군제1수리창,202408081030,JFB9B,청아철물설비,,김주희,010-7224-5200,강원도 동해시 단봉길23 (북평동),88.316,7483000
20,HCC0102,2,35753,***,"버저 등 73품목(24-05,24-06)",물품,HCC,해군제1수리창,202408081030,JFB9B,청아철물설비,,김주희,010-7224-5200,강원도 동해시 단봉길23 (북평동),88.316,7483000
27,HCC0100,1,35447,***,고압펌프 등 1품목(161),물품,HCC,해군제1수리창,202408081030,L8B5E,씨에스상사,,김효식,01052181431,"강원특별자치도 동해시 부곡6길6,(부곡동)",88.071,4861170
14,HCF0188,1,36910,***,절단석 등 217종,물품,HCF,공군군수사령부,202408081030,H9C71,한국씨엔에스,Han Kook cns,김유석,0536426900,대구광역시 달서구 한실로6길120-45 (대곡동) 1층,97.884,47650000
2152,LHP0027,1,36924,***,율곡어린이집 개원에 따른 교구 및 비품 구매,물품,LHP,제22보병사단,202408081030,FEFCD,한울시제이(CJ),HANULCJ,이수정,01081552850,"충청북도 청주시 상당구 상당로36번길19-1 (서운동, 청운빌라)",88,56317000
753,SCQ0082,1,36897,***,스프러스 판재 등 2종 구매,물품,SCQ,제9911부대,202408081030,LE31B,나린,,황선미,010-2045-6046,경기도 의정부시 둔야로49번길43-0 (의정부동),88,16710520
46,SCH0121,1,36790,***,폴리카보네이트 60EA 구매,물품,SCH,해군작전사령부,202408081030,K8BB4,주식회사 대경코리아,,조민구,07078581122,경상남도 창원시 의창구 원이대로271 (봉곡동) 3층 314-C호,88.006,7676900
75,SCH0120,1,36786,***,토목섬유 등 21종 구매,물품,SCH,해군작전사령부,202408081030,L6893,헬싱,,성동재,01039011543,"경상북도 포항시 남구 동해면 일월로160번길12-0 , 1층",88.007,19508347
2505,SFG0085,1,36848,***,케이블타이 등 136품목 구매,물품,SFG,제9181부대,202408081030,M221B,주식회사 에이치씨티,,홍준호,01083602521,"경기도 화성시 팔탄면 서해로987번길14, 8동 201호",88.024,40650781
5,LNQ0039,1,36802,***,후반기 1차 작계훈련 무기수송 차량 임차 용역,용역,LNQ,제17보병사단,202408081030,F1C4B,주식회사 케이지비이엔지,KGBeng,고민희,0325422672,"인천광역시 부평구 새벌로29, 209호 (청천동, 부평테크노타워)",88.641,38534548
2,HCC0104,1,36926,***,24-1함 00창 노후시설 보수공사,물품,HCC,해군제1수리창,202408081030,K9249,주식회사 민앤민(Min & Min),,이상수,0335331599,강원특별자치도 동해시 동굴4길18-0 (천곡동),88.65,14774320
3688,SFC0088,1,36828,***,디지털 전용지 등 18품목 구매,물품,SFC,제9691부대,202408081030,L0689,리프,,우하라,01025641138,"경기도 김포시 양촌읍 황금로48번길13-7, 201호",87.995,44116162
435,SCF0806,1,36253,***,(긴급)Binder 등 2종,물품,SCF,해군군수사령부,202408081030,D15CE,케이티씨,KTC,김진호,05058745550,경기도 화성시 비봉면 현대기아로825-23,98.614,25729110
29,SCF0805,1,35982,***,함정 선체(갑판) 청락/도장 용역,용역,SCF,해군군수사령부,202408081030,BD677,수일종합환경 주식회사,"SOOIL MARINE SERVICE CO.,LTD.",서영완,051-463-5824,부산광역시 동구 중앙대로180번길 12-10(),88.02,514680000
1240,SCF0807,1,33589,***,수성백색페인트 등 2종 구매,물품,SCF,해군군수사령부,202408081030,K37F8,주식회사 한마음플러스,,이희준,0315419630,"경기도 포천시 소흘읍 광릉수목원로836번길4-13, 1층",87.997,30054346
2,LDH0638,1,34773,***,24-9차 정비용 장비 부품 구매,물품,LDH,육군종합정비창,202408071300,BCAAC,신영에이텍,SHIN YOUNG A-TECH,이상기,0552510253,경상남도 창원시 마산회원구 봉암공단2길22-5 (봉암동),91.809,19703000
3,LDH0643,1,35626,***,(자재) 제재목 등 2종 구매,물품,LDH,육군종합정비창,202408071300,LFDE8,(주)한일목재,,김성환,0553223500,경상남도 김해시 생림면 생림대로657-28,88.327,8966000
2,LDH0647,1,35377,***,통신 캐패시터(012768069) 구매,물품,LDH,육군종합정비창,202408071300,I5028,모아컴,MORECOM,이상주,031-8039-6060,서울특별시 송파구 양산로12 (거여동) 세신거여훼미리타운 303호,98.831,26620000
8,LDH0651,1,35370,***,통신 변압기 등 9종 구매,물품,LDH,육군종합정비창,202408071300,J5E27,주식회사 앤드영,,권남영,054-464-3639,경상북도 구미시 1공단로212 (공단동),88.66,7740920
5,LDH0639,1,34845,***,(자재) 특수윤활유 모리코트 구매,물품,LDH,육군종합정비창,202408071300,HD3BA,보성이엘에스 주식회사,"BOSUNGELS.CO.,LTD",차병련,028955561,"서울특별시 금천구 시흥대로97, 23동 310호",88.697,2166021
9,HDF0054,1,36730,***,[복지대대] ‘24-2차 병사식당 자율운영급식,물품,HDF,공군 제8전투비행단,202408071100,G2265,주식회사 야미푸드,yamifood,손희영,0317048980,경기도 이천시 덕평로691번길46-0 (마장면),88.22,39021279
77,LDA0037,1,36560,***,(C030) 00부대 시설물 정밀안전진단 용역,용역,LDA,지상작전사령부,202408071100,EDE14,주식회사 승화엔지니어링,Seunghwaengineering,유진갑,024042135,"경기도 성남시 수정구 수정로316-110호 (신흥동, 우찬셀레스빌)",88.034,17237440
11,LKG0075,1,36752,***,(주거-07)옥현 주공아파트 주방 자동소화기 설치납품,물품,LKG,육군제53보병사단,202408071100,JFFDC,동림소방주식회사,,이필우,0522587118,"울산광역시 남구 화합로134번길13 (삼산동), 3층",88.137,22900070
5,LGP0124,1,36693,001,24-2차 경축특식 제조(냉동슈),물품,LGP,제1군수지원사령부,202408071100,D9378,(주)조이푸드,JOYFOOD.CO.LTD,김영식,0317313557,"경기도 성남시 중원구 사기막골로105번길25, 611호 (중앙인더스피아2차, 상대원동)",88.014,2472.65
4,LGP0123,1,36683,001,24-2차 경축특식 제조(도넛),물품,LGP,제1군수지원사령부,202408071100,FB947,동광푸드,DONG KWANG FOOD,이민숙,0334589972,강원특별자치도 철원군 김화읍 외골길33-41(가동),88.173,2639.92
4,LGP0122,1,36673,001,24-2차 경축특식 제조(아이스 롤케익),물품,LGP,제1군수지원사령부,202408071100,J9FA9,주식회사 온세까세로,,박성언,0337330358,강원특별자치도 원주시 상지대길83-0 (우산동) 상지대학교 벤처창업관 103호,91.003,2604
116,LGP0125,1,35952,001,24-2차 경축특식 다수품목 단가계약,물품,LGP,제1군수지원사령부,202408071100,H3C83,주식회사 프라임푸드시스템,primefood,허두임,0555523375,경상남도 창원시 진해구 안골로285번길12-1 (안골동),88.009,4051.68
6,LGP0121,1,35951,001,24-2차 경축특식 제조(초코조각케익),물품,LGP,제1군수지원사령부,202408071100,0484F,영베이커리,youngbakery,김원기,0546737367,경상북도 봉화군 봉화읍 1농공단지길 73(),88.149,2275.17
44,UMM0994,1,36275,***,24-F-교환기 교체 사업,물품,UMM,국군재정관리단,202408071100,DDD5B,지에이치정보통신주식회사,"Global Hope Info Comm co.,ltd.",이원준,0417530300,충청남도 금산군 금산읍 남사직1길14-4,83.092,2585000000
23,UMM0993,1,34160,***,24-F-중량랙(단일형)하부 등 27품목 제조,물품,UMM,국군재정관리단,202408071100,B30CC,주식회사 디에스나이키,"DS NAIKI CO.,LTD",김준홍,027342125,"서울특별시 구로구 구로중앙로134, 4층(구로동, 리치몰)",83.005,347050000
235,UMM0989,1,34120,***,(246313-C) 육군 상장용지 제조,물품,UMM,국군재정관리단,202408071100,BFA71,인터미디어 성림디앤피,intermedia sunglimdnp,강정임,0222635931,"서울특별시 중구 을지로18길 19, 신도빌딩301호(인현동1가)",88.054,61026000
539,UMM0990,1,33428,***,(246248-C) 모바일기기 증거분석 교체(HW)(리스자산),물품,UMM,국군재정관리단,202408071100,L8157,다우미디어테크,,조동원,0322357572,"경기도 부천시 송내대로388-0 200동 502호 (약대동, 부천테크노파크)",88.005,96656930
276,UMM0937,1,28261,***,24-F-자동혈구계산기  구매,물품,UMM,국군재정관리단,202408071100,CF5B2,대광산업,daegwang,이종명,01026787883,경상남도 창원시 마산회원구 양덕북5길97 (양덕동1층상가),87.998,69657973
712,UMM0992,1,27582,***,(247230-D)환자시뮬레이터 구매,물품,UMM,국군재정관리단,202408071100,G4C84,주식회사 늘본푸드,cherrybro Busan sole distributor,조태광,0519737340,부산광역시 강서구 공항로1207번길32-0 (대저1동),87.997,116245500
59,UMM0922,2,26979,***,"(246256-E) 조끼, 방탄복 3형 등 5항목 제조",물품,UMM,국군재정관리단,202408071100,DE986,성도교역,sungdo co ltd,최계영,023062353,"서울특별시 서대문구 수색로138-0, 2층(북가좌동)",83.029,1279622092
242,UMM0986,1,23832,***,(246250-C) 원격교육 스튜디오 교체사업,물품,UMM,국군재정관리단,202408071100,E4EF5,(주)화성이엔지,hwa sung eng,김택환,0226449166,서울특별시 마포구 성미산로11길15(성산동),83,845907806
123,LKG0077,1,36755,***,"126여단 3,5대대 개편(자동제어 제조설치)",물품,LKG,육군제53보병사단,202408071100,D867A,유한회사 지에이시스템,gasystem,원승연,0632749000,전북특별자치도 전주시 완산구 백제대로305-0 (중화산동2가),88.001,242709188
5,LGP0124,2,36693,001,24-2차 경축특식 제조(냉동슈),물품,LGP,제1군수지원사령부,202408071100,D9378,(주)조이푸드,JOYFOOD.CO.LTD,김영식,0317313557,"경기도 성남시 중원구 사기막골로105번길25, 611호 (중앙인더스피아2차, 상대원동)",88.014,2472.65
4,LGP0123,2,36683,001,24-2차 경축특식 제조(도넛),물품,LGP,제1군수지원사령부,202408071100,FB947,동광푸드,DONG KWANG FOOD,이민숙,0334589972,강원특별자치도 철원군 김화읍 외골길33-41(가동),88.173,2639.92
4,LGP0122,2,36673,001,24-2차 경축특식 제조(아이스 롤케익),물품,LGP,제1군수지원사령부,202408071100,J9FA9,주식회사 온세까세로,,박성언,0337330358,강원특별자치도 원주시 상지대길83-0 (우산동) 상지대학교 벤처창업관 103호,91.003,2604
116,LGP0125,2,35952,001,24-2차 경축특식 다수품목 단가계약,물품,LGP,제1군수지원사령부,202408071100,H3C83,주식회사 프라임푸드시스템,primefood,허두임,0555523375,경상남도 창원시 진해구 안골로285번길12-1 (안골동),88.009,4051.68
6,LGP0121,2,35951,001,24-2차 경축특식 제조(초코조각케익),물품,LGP,제1군수지원사령부,202408071100,0484F,영베이커리,youngbakery,김원기,0546737367,경상북도 봉화군 봉화읍 1농공단지길 73(),88.149,2275.17
419,LBA0058,1,36662,***,'24년 유류시험장비 구매,물품,LBA,제 2167부대,202408071100,G4467,우드피아이에스티,Woodpeer EST,김지은,01091884434,"강원특별자치도 춘천시 충혼길52번길10-0, 3층 305-45호 (온의동)",83.008,296043150
5,LHR0036,1,33622,***,사단 간부숙소 신축 선행연구 용역,용역,LHR,육군 제37보병사단,202408071030,E33A6,(사)국방시설연구협회,kooksiyon,정주교,0317528708,"경기도 성남시 수정구 복정로84번길 22-15,(B-001호) (복정동)",49.192,44500000
50,SDQ0087,1,36769,***,베어링 하프 세트 슬리브용 등 14종 구매,물품,SDQ,해군제2수리창,202408071030,IB8B8,대지종합상사,Daeji,김상지,010-2744-5703,"경기도 평택시 중앙2로13-0 (평택동, 센텀스카이빌딩)",88.011,15142900
16,LCZ0021,1,36751,***,24년 00부대 치장창고 물자 제조설치(천장형 실링팬),물품,LCZ,동원전력사령부,202408071030,A272D,(주)하이옥스,HIOX,이영례,0613360071,전라남도 나주시 동수농공단지길 123(동수동),88.24,75200000
660,LNQ0038,1,36747,***,24년 후반기 갈대제거 용역,용역,LNQ,제17보병사단,202408071030,GA67A,주식회사 한고연,KEPI Inc.,윤준,0312030460,경기도 수원시 영통구 신원로250번길13 (원천동) A동 1층 136호,88.003,84813500
114,HCF0186,1,36743,***,알루미늄포장지 등 75종,물품,HCF,공군군수사령부,202408071030,JFA4D,선진종합상사,,여서윤,01099554833,"대구광역시 달서구 월배로11길33-0 (유천동, 진천역 AK그랑폴리스) 112동 2501호",88.013,23571530
5,HCF0182,1,28308,***,공구 연삭기 2종 3점,물품,HCF,공군군수사령부,202408071030,LB242,성산,,이영환,01035041186,대구광역시 달서구 상원로143 (월성동),92.085,23967080
179,HCF0185,1,36738,***,스프레이건 등 56종,물품,HCF,공군군수사령부,202408071030,M9CE4,더파란,,송수진,01020578721,서울특별시 동작구 동작대로3길30-1 (사당동),88.002,26814990
222,SCK0091,1,36737,***,24-00대대 훈련장 제초 용역,용역,SCK,해군교육사령부,202408071030,EBE25,주식회사 숲사랑조경,supsarang,노명숙,01081706000,경상남도 함양군 지곡면 함양로1591,88.005,29182030
339,LKS0048,1,36725,***,24-2차 디지털 인쇄재료 구매,물품,LKS,육군인사사령부,202408071030,LF063,덕분에,,이희숙,01067672271,충청남도 계룡시 엄사면 광석향한1길10-5,88.004,37119000
9,HCF0183,1,36719,***,스로틀 링키지 등 87종,물품,HCF,공군군수사령부,202408071030,K0CBD,주식회사 모아텍,,김동섭,07087671114,대구광역시 수성구 범어천로54-0 (범어동) 3층 337호,97.118,64271010
6,SDF0120,1,36577,***,코팅기 등 2종,물품,SDF,제5738부대,202408071030,JFE3E,주식회사 엘앤비소프트,,이창건,01076751023,"경기도 화성시 동탄대로446, 1123호(청계동, 동탄역 그란비아스타)",88.759,978164
96,SDF0119,1,36575,***,디지털 도어락 등 35종 구매,물품,SDF,제5738부대,202408071030,K4D28,가람기프트,,이경미,07047155174,"경상북도 포항시 남구 동해면 호미로2790번길10-4 ,  202호",88.044,6365480
10,SDF0117,1,36568,***,아비타 5000 구매,물품,SDF,제5738부대,202408071030,G13E9,영림문구사,younglimmungusa,이상윤,054-247-8226,경상북도 포항시 북구 중앙로212번길13-0 (죽도동),88.829,3350460
21,SFD0071,1,36057,***,24-P-용-04 부대이전사업 전략환경영향평가 용역,용역,SFD,제9227부대,202408071030,H912E,주식회사 천마이앤씨,chenmaenc,박창규,0543379919,"경상북도 영천시 중앙동1길51, 2층 201호(문외동)",87.82,155345900
1451,SCK0090,1,35914,***,마약검사 키트(6종) 구매,물품,SCK,해군교육사령부,202408071030,L842D,주식회사 로운트리,,고은희,07077044913,"서울특별시 노원구 동일로1038, 4층 427호(공릉동)",87.995,29995156
5,SCF0803,1,36689,***,부이 92EA 제조,물품,SCF,해군군수사령부,202408071030,HFBD3,주식회사 경남바이오,KNBIO,김성중,0555735503,경상남도 의령군 정곡면 의합대로984-5,83.421,711566377
2,LKP0127,1,36216,001,'24년 국군의 날 경축특식(냉동조각케이크) 제조,물품,LKP,5군수지원사령부,202408071030,L6D67,(주)아인츠푸드,,노일한,0316380898,경기도 이천시 백사면 원적로970번길86-29,88.268,2637.5
5,LKP0126,1,35823,001,'24년 추석 경축특식(마카롱) 제조,물품,LKP,5군수지원사령부,202408071030,LCD8C,주식회사비엠,,김선현,0555461372,"경상남도 창원시 진해구 용원서로31번길19, 4층(용원동)",88.751,2665.72
2,LCF0478,1,34988,***,24년 대테러장비(소총 전술라이트) 구매,물품,LCF,육군군수사령부,202408061700,F6A78,일진하이테크,ILJIN HI-TECH,최한영,0316869537,경기도 평택시 포승장안로542-58 (포승읍),51.229,136340000
2,EBB0312,1,1627,***,궤도장비 방열기,물품,EBB,지상공통전력운영계약팀,202408061400,5388F,(주)한조,"hanjo co.,ltd.",김승재,0514147201,부산광역시 영도구 남항서로 20(남항동3가),84.895,56400000
4,LKP0125,1,36049,***,24년 급식 민간위탁배송(부대조달 경북권),용역,LKP,5군수지원사령부,202408061330,CF4E0,대신로지스틱스 주식회사,DAISHIN LOGISTICS,양임석,0222014000,"서울특별시 송파구 오금로46길5-0 (가락동, 보성빌딩) 3층",96.047,1788600000
2,LDH0636,2,34466,***,(일장) 교량가설단정 선박항해용 등 25품목 구매,물품,LDH,육군종합정비창,202408061300,JAD8F,신기산업,,박재완,051-928-1744,부산광역시 북구 의성로59번길1 (덕천동),92.574,24400000
96,LCG0070,1,35646,***,[24-육-173] 영상분석 SW 라이선스 구매(리스물건),물품,LCG,육군본부,202408061230,A7340,(주)제트코,"JETCO Technology, Inc",김한희,025668471,"서울특별시 송파구 송파대로201-0 (문정동) 송파테라타워2 A동 1213,1214,1215,1216,1217,1218호",95.537,120000000
161,LCF0446,2,34340,***,"차폐 개스킷,전자식 등 34항목 구매(특무)",물품,LCF,육군군수사령부,202408061130,L769E,디에스테크,,김동욱,010-7207-3737,부산광역시 부산진구 성지로34번길15-0 (연지동) 1층,90.232,41202123
5,LCF0474,1,35400,***,롤러 등 80항목 제조(총포),물품,LCF,육군군수사령부,202408061130,M8BB9,대림엠텍,,김부경,0553437885,경상남도 김해시 진례면 테크노밸리로36,88.227,186257280
54,LCF0462,1,35364,***,비금속제 특수형 단면 등 17항목 구매(총포),물품,LCF,육군군수사령부,202408061130,M9533,선경,,정왕균,01038547544,경상남도 김해시 한림면 안곡로520-2,88.036,15145473
46,LCF0468,1,35363,***,"조종간,자료입력용 등 10항목 구매(총포)",물품,LCF,육군군수사령부,202408061130,LBEBA,주식회사 엔아이티,,전규성,0544340901,"경상북도 김천시 혁신로288-5, 303호(율곡동, 스네일파크)",84.767,509070340
2,LCF0475,1,35230,***,"브래킷,설치용 등 23항목 제조(자주포)",물품,LCF,육군군수사령부,202408061130,EABF3,우창기계 주식회사,Woo Chang Machinery Co. Ltd,김운태,0552528997,경상남도 창원시 성산구 공단로324-21 (웅남동),96.936,17500000
56,LCF0470,1,35223,***,회로카드 조립체 등 7항목 구매(자주포),물품,LCF,육군군수사령부,202408061130,LBEBA,주식회사 엔아이티,,전규성,0544340901,"경상북도 김천시 혁신로288-5, 303호(율곡동, 스네일파크)",83.553,247722155
68,LCF0471,1,35217,***,"집적회로,디지털형 등 16항목 구매(자주포)",물품,LCF,육군군수사령부,202408061130,LBEBA,주식회사 엔아이티,,전규성,0544340901,"경상북도 김천시 혁신로288-5, 303호(율곡동, 스네일파크)",83.217,334890046
49,LCF0472,1,35210,***,"필터,무선주파수 혼신용 등 9항목 구매(자주포)",물품,LCF,육군군수사령부,202408061130,K6150,석산전자 주식회사,,진희영,031-458-1525,"경기도 의왕시 오전공업길22, 201호(오전동, 동영벤처스텔)",84.321,279843000
49,LCF0466,1,35206,***,전자 구성품 조립체 등 9항목 구매(자주포),물품,LCF,육군군수사령부,202408061130,LBEBA,주식회사 엔아이티,,전규성,0544340901,"경상북도 김천시 혁신로288-5, 303호(율곡동, 스네일파크)",84.274,574177942
103,LCF0473,1,35194,***,제어함 등 6항목 구매(자주포),물품,LCF,육군군수사령부,202408061130,LBEBA,주식회사 엔아이티,,전규성,0544340901,"경상북도 김천시 혁신로288-5, 303호(율곡동, 스네일파크)",83.63,717021916
1158,LCF0479,1,34877,***,내부투시기 1품목 구매(통신),물품,LCF,육군군수사령부,202408061100,M202F,하이하이샵,,이흥숙,01055773561,"경기도 이천시 백사면 이여로88번길4, 805호(건일아파트)",87.996,68330600
12,HDQ0070,1,36499,***,24-간부숙소 도배장판 용역(재공고),용역,HDQ,제20전투비행단,202408061100,AC7DC,서원건설(주),"seowon Co., Ltd",홍애라,0416639981,충청남도 서산시 남원3길4-0 (석남동) 2층,88.019,15383700
57,MCS0093,1,36517,***,초슬림 LED 평판등 구매,물품,MCS,국방부계룡대근무지원단,202408061100,K1C98,주식회사 케이앤제이,,박광희,01059144769,"충청남도 계룡시 장안로39, 303호 (금암동)",88.049,37112310
3,UMM0996,1,36187,***,24-F-1차 브리핑시스템 도입사업 금융리스,물품,UMM,국군재정관리단,202408061100,B179B,롯데캐피탈(주),LOTTE CAPITAL,추광식,0234510099,"서울특별시 강남구 테헤란로 142(역삼동, ARC PLACE) 7층",96.388,1236118300
536,UMM0985,1,35736,***,(24F163-I) 24년 얼음 냉온정수기 임차,용역,UMM,국군재정관리단,202408061100,J94C6,네이션,,김우진,01035071856,"경기도 의정부시 둔야로45번길11, 1층 1219호 (의정부동)",87.749,176929000
73,UMM0979,1,35623,***,(247038-H)출입통제체계 교체 사업(리스자산),물품,UMM,국군재정관리단,202408061100,C12CA,(주)텍센,"TEC SEN CO.,LTD",권유찬,0221649001,경기도 파주시 문산읍 사목로191  2층,88.053,1235536600
3113,UMM0977,1,32510,***,24-N-자동목재대패기 구매,물품,UMM,국군재정관리단,202408061100,LC7AE,대영,,송인섭,01073846359,대구광역시 북구 매전로50-8 (태전동),87.995,54710040
681,UMM0974,1,30587,***,24-F-CNC방전가공기 구매,물품,UMM,국군재정관리단,202408061100,M8BB9,대림엠텍,,김부경,0553437885,경상남도 김해시 진례면 테크노밸리로36,88.111,102480740
86,UMM0980,1,28502,***,(247045-H)정보보호장비(방화벽) 교체사업(리스자산),물품,UMM,국군재정관리단,202408061100,KC06A,주식회사 아이시큐,,김형택,0516100053,부산광역시 남구 수영로312-0 (대연동) 926호 (21센츄리시티 오피스텔),83,962648741
1106,UMM0976,1,26355,***,24-N-밸브시험기 구매,물품,UMM,국군재정관리단,202408061100,AC13C,그린종합사무기,greeninfo,임근우,0432777000,충청북도 청주시 서원구 남이면 남석로326,87.995,48298200
911,UMM0981,1,26108,***,24-F-케이블 등 7종 구매,물품,UMM,국군재정관리단,202408061100,K1AAF,이스타,,이정민,01035877757,경기도 시흥시 마유로423번길20-2 (정왕동) 202호,88.008,59706190
247,UDA0014,1,35929,***,24년 전차훈련용 폭음기 구매,물품,UDA,제3190부대,202408061100,L23B9,한국유통,,이기숙,01024053340,"경기도 연천군 전곡읍 전은길98-53, 102호",87.998,138277300
3553,MDG0182,1,34601,***,병영도서관 도서 구매,물품,MDG,국군의무사령부,202408061100,LF842,주식회사 플루토스,,정순주,01037896005,"세종특별자치시  다정남로22-0 (다정동, 가온마을 1단지)116동 1503호",90,12144910
9,LMP0033,1,36550,***,'24~27년 얼음정수기 임차용역,용역,LMP,제3보병사단,202408061100,I0AC2,디에이치바이오,DHBIO,김단희,07041549149,충청북도 충주시 예성로120 (용산동),83.119,516486330
5,LKP0124,1,36003,***,'24년 2차 화공가스류 구매,물품,LKP,5군수지원사령부,202408061100,I6DB3,제이케이지산업가스 주식회사,"JKG Industrial gases co., LTD",손종익,0319838533,"경기도 김포시 대곶면 약암로497, 외 3필지",88.06,20819640
110,LHQ0037,1,35125,***,항공작전망 무선통합제어(RCU)체계 구축,물품,LHQ,제2작전사령부,202408061100,IA74B,주식회사 소담정보통신,sodam,주옥,028079882,서울특별시 마포구 월드컵로163-5 (망원동),83.472,159835926
728,HCM0060,1,36415,***,24-07-054 초음파진단기 사단용 1품목,물품,HCM,공군교육사령부,202408061030,M8535,다선,,유한근,010-8386-5688,"경기도 수원시 팔달구 장다리로276-0 (인계동) 5층 502-96호(인계동, 동부빌딩)(인계동, 동부프라자)",87.997,32687050
28,SDQ0086,1,36551,***,"바이스, 수동식 등 12종 구매",물품,SDQ,해군제2수리창,202408061030,JCA83,비티컴주식회사,,김형준,07080643173,"서울특별시 마포구 독막로6길9, 2층 2639호(합정동, 화인빌딩)",88.112,11571580
21,SCP0082,2,33379,***,24-동 00훈련장 고무피탄지 교체 용역,용역,SCP,제8385부대,202408061030,CE308,고은상사,goeun,김진웅,0318641519,경기도 동두천시 평화로2349번길8-9 (생연동),88.289,22636090
55,LCF0480,1,36473,***,21-충-육-28B 특항단 운항실 제로에너지 제조설치,물품,LCF,육군군수사령부,202408061030,A7F9D,주식회사 한국스카다,"KOREA SCADA CO.,LTD",이상옥,0314361255,"경기도 군포시 고산로166, 104동 906호(당정동, 에스케이벤티움)",88.006,75084680
204,SFG0084,1,36472,***,니퍼 등 308품목 구매,물품,SFG,제9181부대,202408061030,J8639,포제이구매대행,,이민지,01052228664,"인천광역시 서구 청라에메랄드로113, 233동 1502호(청라동, 중흥S클래스아파트)",88.004,30482098
202,SFG0083,1,36471,***,C형 클렘프 등 314품목 구매,물품,SFG,제9181부대,202408061030,MC454,바른기업,,조세연,01088865424,"인천광역시 서구 크리스탈로102번길25, 364동 4402호(청라동, 청라푸르지오아파트)",88.004,21937650
198,SFH0106,1,36497,***,24-B-접이식 철침판 등 12품목 구매 납품,물품,SFH,제9196부대,202408061030,LEB81,미코정원,,서명옥,01051032088,인천광역시 부평구 경원대로1432번길20-0 (부평동)3동201호,88.004,7813170
467,SFH0105,1,36484,***,24-B-핸드소켓 세트 등 100품목 구매 납품,물품,SFH,제9196부대,202408061030,LCAF6,더긋다,,심유리,01088588173,인천광역시 부평구 부평문화로72번길6 (부평동) 3층 일부,88.034,16603615
63,SFN0066,1,36479,***,체력단련 기구 구매,물품,SFN,연평부대,202408061030,MC49E,청룡제이엠,,이종민,01050683671,인천광역시 옹진군 백령면 백령로274-0,88.01,3896189
10,LMK0029,1,36455,***,[24-C62] 24-5차 전산운영용품 및 기타운영지원 구매,물품,LMK,제6보병사단,202408061030,M92EF,대명,,민연자,07077865007,"강원특별자치도 철원군 서면 자등로583-1, 1층 102호",88.022,5363000
339,SCF0800,1,35561,***,"(긴급)판,금속제 등 3종",물품,SCF,해군군수사령부,202408061030,I0684,라온상사,Raon.,하정욱,070-7396-5007,경상남도 창원시 진해구 충장로468번길32-9(이동),93.117,30455800
24,LFC0054,1,35975,***,육훈소 유입 변압기 제조 및 납품,물품,LFC,육군훈련소,202408061030,3935F,조일성업전기(주),"CHO-IL SUNG UP ELECTRIC CO., LTD",김동섭,0314981981,"경기도 시흥시 산기대학로 156, 시화공단2나 301(정왕동)",87.995,245182000
4606,SCF0788,1,35953,***,해상-호크나이프 91EA 구매,물품,SCF,해군군수사령부,202408061030,L1EE2,황노가,,이장호,01047134356,"서울특별시 동대문구 한천로39길28(전농동, 지층가요교실)",87.995,20196166
339,SCF0800,2,35561,***,"(긴급)판,금속제 등 3종",물품,SCF,해군군수사령부,202408061030,I0684,라온상사,Raon.,하정욱,070-7396-5007,경상남도 창원시 진해구 충장로468번길32-9(이동),93.117,30455800
52,SCF0786,1,34763,***,"(긴급) 펌프, 원심식 등 3종",물품,SCF,해군군수사령부,202408061030,LD2C7,영보상사,,이종복,010-5254-2123,충청남도 보령시 오천면 오천해안로499-6,89.496,4393590
2012,SCF0789,1,34549,***,"(긴급) 실린더, 작동용, 선형 1종",물품,SCF,해군군수사령부,202408061030,M2236,비즈멤버스컴퍼니,,박영배,01033347818,서울특별시 영등포구 도신로9길10-1 (대림동),87.995,18570090
859,SCF0790,1,34354,***,합성고무 보온재 등 4품목 구매,물품,SCF,해군군수사령부,202408061030,CF5B2,대광산업,daegwang,이종명,01026787883,경상남도 창원시 마산회원구 양덕북5길97 (양덕동1층상가),88.024,41280100
4940,SCF0798,1,33605,***,목재각끌기 2SET 구매,물품,SCF,해군군수사령부,202408061030,L50A5,투피에스(TWOPS),,김동호,01033099244,"인천광역시 부평구 열우물로90, 119동 1703호(십정동, 더샵부평센트럴시티)",88.007,17031478
1129,SCF0799,1,33422,***,00창 비닐 등 117종 구매,물품,SCF,해군군수사령부,202408061030,I559C,제이에이치테크,JHTECH,황태겸,01066843114,경상남도 양산시 주남로288 (주남동) 영산대학교 중앙도서관 6602호,87.996,10126660
2598,SCF0794,1,32890,***,금속탐지기,물품,SCF,해군군수사령부,202408061030,K0EB9,김앤한컴퍼니,,김상현,01051102968,서울특별시 서대문구 명물1길28-0 (창천동),87.996,27552994
623,SCF0792,1,31689,***,고배율 관측경 구매,물품,SCF,해군군수사령부,202408061030,K8BB7,영해산업,,김창수,07078930167,"부산광역시 북구 화명신도시로39, 703동 2502호(화명동, 대림쌍용강변타운)",88.015,34467580
8,SCF0768,2,30799,***,"세척키트, 총포용 2종 제조",물품,SCF,해군군수사령부,202408061030,L33B4,혁신산업,,김윤정,0553443044,경상남도 김해시 한림면 한림로515번길224-0,88.495,76059600
75,SCF0795,1,30687,***,오토미션오일교환기 2EA 구매,물품,SCF,해군군수사령부,202408061030,J8715,더블유엠,,최원익,01089544638,서울특별시 영등포구 영신로38길18(영등포동6가) 흥무빌딩 3087호,94.024,4530300
698,SCF0793,1,30671,***,"케이블조립체, 특수목적용,전기용 1종 구매",물품,SCF,해군군수사령부,202408061030,L971C,유엔글로벌,,박현숙,01055853445,부산광역시 남구 진남로206-0 (문현동) 3층 375호,88.04,56570160
6,SCF0733,2,25123,***,기중기정 크레인 외주정비,물품,SCF,해군군수사령부,202408061030,BFD14,(주)테크플라워,"TECH FLOWER CO., LTD",김종철,0513208222,부산광역시 사상구 대동로303-0 (감전동),84.053,30261000
9,MDR0042,1,36367,***,'24년 000부대 소고기 등심 등 13품목,물품,MDR,제9965부대,202408061030,LB6A3,로아푸드,,강이경,07040621714,"경상남도 창원시 진해구 용원중로25번길6-19 (용원동), 101호",88.061,51905100
760,LIK0056,1,35976,001,'24년 경축특식(추석) 아이스모찌 제조/구매,물품,LIK,제2군수지원여단,202408061030,L19BB,윤슬,,박수진,01077496315,"서울특별시 성북구 성북로4길52 (돈암동, 한진아파트) 210동 404호",88.001,2637.96
24,LFC0054,2,35975,***,육훈소 유입 변압기 제조 및 납품,물품,LFC,육군훈련소,202408061030,3935F,조일성업전기(주),"CHO-IL SUNG UP ELECTRIC CO., LTD",김동섭,0314981981,"경기도 시흥시 산기대학로 156, 시화공단2나 301(정왕동)",87.995,245182000
32,LQH0041,1,36272,***,앰프 360w·600w 제조 납품,물품,LQH,제3697부대,202408051330,EAF36,(주)토탈음향,"TOTAL SOUND Co.,Ltd",심영록,0317695120,경기도 광주시 광남안로129번길 28(),88.035,28327484
3,SFC0087,1,36153,***,24-덕-수송정 1척 이송 예인 용역(2),용역,SFC,제9691부대,202408051100,MD3BA,해상해운,,반학수,032-889-1772,인천광역시 중구 축항대로118번길29-25(항동7가),94.794,26000000
30,MCS0092,1,36291,***,민수차량 타이어 등 4종 구매,물품,MCS,국방부계룡대근무지원단,202408051100,F0119,주식회사 에이원,Aone,김운회,0425515599,충청남도 계룡시 평리길34-0 (엄사면),88.03,7632000
494,HCR0033,1,36123,***,24년 일반구역 제초용역(2차),용역,HCR,공군제15특수임무비행단,202408051100,H477F,주식회사 부경조경,Bukyong,장화영,0314114250,"경기도 안산시 단원구 원포공원1로35, 118호(초지동, 제일프라자)",88.013,60639990
8,UMM0971,1,34905,***,24-N-탄약정비용 집진기 제조(248192-F),물품,UMM,국군재정관리단,202408051100,B1370,주식회사 리박산업기계,"NIVAK INDUSTRIAL CO.,LTD",김태호,0314342760,경기도 시흥시 엠티브이23로11-1 (정왕동),88.039,232549900
4,DSS0040,1,35864,***,전산자료 보완관리시스템 구매(S/W)(리스물건),물품,DSS,국군제1068부대,202408051030,BF377,주식회사 인젠트,"INZENT  Co., Ltd",박재범,027873600,"서울특별시 영등포구 국제금융로2길36 (여의도동) 8층,9층(여의도동,유화증권빌딩)",71.422,1364668800
1763,LNG0062,1,36251,***,예비군훈련장 훈련통제실 방송장비 구매 설치,물품,LNG,육군 제1군단,202408051030,J6C11,천운,,박희순,0316650073,"경기도 화성시 동탄첨단산업1로58, 9층 921호(영천동)",88.006,18080332
5,LNG0061,1,36250,***,'24년 후반기 작계훈련 병력 운송 버스 임차 용역,용역,LNG,육군 제1군단,202408051030,C835C,(주)청룡관광,cheongryong,김정식,0222454112,"서울특별시 강남구 광평로 295(수서동, 사이룩스) 서관 1604호",88.689,20154500
25,SCL0041,1,36241,***,의무약품(말라론정 등 359종) 구매,물품,SCL,해군사관학교,202408051030,HC418,성원약품,sungwonpharm,조맹환,0542758491,경상북도 포항시 남구 연일읍 유강길9번길37-0,88.127,84353640
189,SCN0123,1,36329,***,24-진-46 00전대 제초용역,용역,SCN,제7001부대,202408051030,B9890,주식회사 솔빛조경,SolBit,유재현,0552763871,경상남도 창원시 의창구 도계로12번길 5 (도계동)빨마데파트2차 105호,88.021,21546420
3,SFN0065,1,36281,***,24-Y-3 00부대 발전기 유지관리 용역,용역,SFN,연평부대,202408051030,GA699,대보기전,DAEBO POWER,박종석,0226712455,경기도 시흥시 범안로510-78 (과림동),88.418,33530200
30,SCI0097,1,36128,***,연료펌프SET 등 4종 구매,물품,SCI,제9121부대,202408051030,I08F0,대성,dae sung,최명희,01068330717,"경상남도 창원시 마산회원구 양덕로65-0 (양덕동, 타코마) 가-503",88.064,4425315
118,SCI0098,1,36197,***,화장지 등 141종 구매,물품,SCI,제9121부대,202408051030,JCE2E,세명종합공구,,이정자,0555520631,경상남도 창원시 진해구 용원동로294 (용원동),88,8712300
76,LNG0064,1,36276,***,드럼그래브 구매 설치 (6개/ 6개소),물품,LNG,육군 제1군단,202408051030,IF8A2,주식회사 주은기획,,주화,07042767003,경기도 수원시 장안구 연무로13번길31-5 (연무동),88.035,6813707
3264,LCZ0020,1,36204,***,24년 00부대 교육생 숙소 냉장고 구매,물품,LCZ,동원전력사령부,202408051030,K0313,제이브릿지,,윤장호,01048472709,"경기도 구리시 동구릉로103번길61, 103동 2201호",88,25691920
6,SDG0031,1,36196,***,멀티형 에어컨 등 4종 임차용역,용역,SDG,제2002부대,202408051030,MB6F5,더돈까스(홈플러스 송도점),,이호규,010-3437-9149,"인천광역시 연수구 송도국제대로165-0 (송도동), 2층 (송도동, 홈플러스복합쇼핑몰(송도점))",88.567,9864440
2265,LCI0005,1,35883,***,'24년 정비피복 구매(24-064),물품,LCI,육군제6501부대,202408051030,F8069,주식회사 지에스씨,gsc,이용철,0319267550,"경기도 고양시 일산동구 하늘마을로170, 에이동 902호  (중산동, 대방트리플라온)",88,42970954
253,SCK0089,1,36137,***,클립보드 등 192종 구매,물품,SCK,해군교육사령부,202408051030,L37E3,엠제이(MJ)컴퍼니,,이미주,0552999797,경상남도 창원시 마산회원구 3·15대로587-0 (석전동) 2층,88.001,15182997
40,SCI0096,1,35847,***,개스킷 및 시일세트 등 3종 구매,물품,SCI,제9121부대,202408051030,CE517,경남상사,,허정명,051-338-6138,경상남도 창원시 진해구 용원로90번길 11-1(),88.097,7543005
23,SDQ0084,1,36027,***,과부하 계전기 등 9종 구매,물품,SDQ,해군제2수리창,202408051030,K7E87,휴이,,이명교,07043231705,경기도 평택시 중앙2로13 (평택동) 602-1-310,88.265,41765580
168,SCN0124,1,36336,***,24-진-44 000지원대 제초용역,용역,SCN,제7001부대,202408051030,C80E2,주식회사 금덕개발,(ju) geum deok gac bal,노태진,0559431353,경상남도 거창군 거창읍 공수들1길35,88.088,12850000
31,LQH0040,1,36220,***,공기청정기 필터 제조 구매,물품,LQH,제3697부대,202408051030,L7E68,(주)창우필터,,이판영,0326778838,경기도 부천시 부천로477번길23 (오정동),88.071,46527300
68,UAB0050,1,35920,***,국군복지단 조경관리 용역,용역,UAB,국군복지단,202408021700,F88DF,주식회사 외부공간디자인더숲,the forest,이주호,024310946,"서울특별시 종로구 삼일대로461, 101동 1112호 (경운동)",88.022,6078590
290,LCF0436,2,33000,***,"판,설치용 등 33항목 구매(화생방)",물품,LCF,육군군수사령부,202408021600,FD185,보고통상,Bogo-int,윤준하,07082828401,"부산광역시 사상구 대동로303, B111호(감전동, 부산디지털밸리아파트형공장)",92.13,188921500
11,LCF0457,1,35721,***,"공구키트,포탑 정비공용 1항목 제조(총포공구)",물품,LCF,육군군수사령부,202408021600,M8BB9,대림엠텍,,김부경,0553437885,경상남도 김해시 진례면 테크노밸리로36,88.886,49429710
614,LCF0447,1,34544,***,작업대 등 2항목 구매(기일공구),물품,LCF,육군군수사령부,202408021600,J9192,에이블커머스,,윤진희,01038292933,"경기도 화성시 동탄순환대로21길53,1311-402 (청계동, 롯데캐슬 알바트로스)",88.005,92864420
358,LCF0437,2,33001,***,배전반 등 13항목 구매(화생방),물품,LCF,육군군수사령부,202408021600,A23B3,(주)신영엔지니어링,shin young engineering,김복식,0617726711,전라남도 광양시 옥곡면 옥진로 363(),88.053,153897027
3,MGO0006,1,34681,***,헬기 이착함 유도등장치 운용성 향상,물품,MGO,국방기술품질원,202408021500,IBC74,주식회사세문,,안창세,02-514-4749,서울특별시 서초구 서초대로254-0 (서초동) 오퓨런스빌딩 12층 1211-A호,75.084,4244000000
6,EAD0001,1,24C01,***,국제상업 해상운송(미동부지역),용역,EAD,북미지역협력담당관,202408021430,KS05R,선진로지스틱스(주),"Sunjin Logistics Co.,Ltd",정유진,0222259600,"서울특별시 강동구 양재대로 1553, 선진빌딩4층(천호동)",80.271,0
6,EAD0007,1,24C07,***,국제상업 항공운송(미국및기타지역),용역,EAD,북미지역협력담당관,202408021430,2369F,씨제이대한통운 주식회사,CJ Logistics Corporation,신영수,027001085,"서울특별시 종로구 종로5길7, Tower 8",80.163,0
3,EAD0006,1,24C06,***,국제상업 항공운송(유럽지역),용역,EAD,북미지역협력담당관,202408021430,BE474,(주)파멕스해운항공,"FAMEX SEA AIR CO., LTD",차정준,02-730-3033,서울특별시 중구 퇴계로141-7 (충무로2가) 16층 1603호,87.385,0
10,EAD0005,1,24C05,***,국제상업 해상운송(아시아지역),용역,EAD,북미지역협력담당관,202408021430,F6AF2,주식회사 파빅스로지스틱스,"PAVIX LOGISTICS CO., LTD.",박용찬,027431151,서울특별시 중랑구 신내역로111 (신내동) 신내SK V1센터 A-923,81.538,0
8,EAD0004,1,24C04,***,국제상업 해상운송(유럽2지역),용역,EAD,북미지역협력담당관,202408021430,KS24R,우원해운항공(주),,윤왕용,0232721414,"서울특별시 금천구 가산디지털1로 219, 벽산디지털밸리 6차 1516호(가산동)",81.428,0
7,EAD0003,1,24C03,***,국제상업 해상운송(유럽1지역),용역,EAD,북미지역협력담당관,202408021430,BB2EE,(주)스카이로드,SKYROAD EXPRESS INC.,김영찬,0236651671,"서울특별시 강서구 방화대로381(방화동, 스카이 1997)",81.568,0
23,EKA0023,1,4320,***,일반공구류(차륜형지휘소용차량 2차양산),물품,EKA,기동총괄계약팀,202408021430,KEE47,주식회사 삼마기업,,이가은,01025192334,"서울특별시 마포구 월드컵로34길6, 1동 14층 1406호(성산동,태림센트윈2차)",84.455,1962670000
6,EAD0007,2,24C07,***,국제상업 항공운송(미국및기타지역),용역,EAD,북미지역협력담당관,202408021430,2369F,씨제이대한통운 주식회사,CJ Logistics Corporation,신영수,027001085,"서울특별시 종로구 종로5길7, Tower 8",80.163,0
3,EAD0006,2,24C06,***,국제상업 항공운송(유럽지역),용역,EAD,북미지역협력담당관,202408021430,BE474,(주)파멕스해운항공,"FAMEX SEA AIR CO., LTD",차정준,02-730-3033,서울특별시 중구 퇴계로141-7 (충무로2가) 16층 1603호,87.385,0
10,EAD0005,2,24C05,***,국제상업 해상운송(아시아지역),용역,EAD,북미지역협력담당관,202408021430,F6AF2,주식회사 파빅스로지스틱스,"PAVIX LOGISTICS CO., LTD.",박용찬,027431151,서울특별시 중랑구 신내역로111 (신내동) 신내SK V1센터 A-923,81.538,0
8,EAD0004,2,24C04,***,국제상업 해상운송(유럽2지역),용역,EAD,북미지역협력담당관,202408021430,KS24R,우원해운항공(주),,윤왕용,0232721414,"서울특별시 금천구 가산디지털1로 219, 벽산디지털밸리 6차 1516호(가산동)",81.428,0
7,EAD0003,2,24C03,***,국제상업 해상운송(유럽1지역),용역,EAD,북미지역협력담당관,202408021430,BB2EE,(주)스카이로드,SKYROAD EXPRESS INC.,김영찬,0236651671,"서울특별시 강서구 방화대로381(방화동, 스카이 1997)",81.568,0
8,EAD0002,1,24C02,***,국제상업 해상운송(미서부지역),용역,EAD,북미지역협력담당관,202408021430,BD434,세방익스프레스 (주),"SEBANG EXPRESS CO.,LTD",김종선,0234690779,"서울특별시 강남구 선릉로 433,(역삼동, 세방빌딩 8층)",87.835,0
15,EBH0105,1,2E520,***,24년 일반/통신장비 커버류,물품,EBH,해상공중전력운영계약팀,202408021100,0020F,강서실업,GangSeo Industry,조부규,0553252660,경상남도 김해시 김해대로2644-0,88.127,544500000
10,HCQ0066,1,36042,***,"[24-224] 카메라, 디지털식, 망원용 1종 3점",물품,HCQ,공군제5공중기동비행단,202408021100,H1450,주식회사 우영물산,"WooYoung Mulsan Co.,Ltd",박미순,0557141129,부산광역시 강서구 미음산단로139번길9 (구랑동) 202호,88.045,27431100
39,LIK0055,1,35959,***,24년 병영도서관 및 독서카페 도서구매,물품,LIK,제2군수지원여단,202408021100,JC997,주식회사 제이텍,,김영기,07047722900,"강원특별자치도 춘천시 충혼길52번길10, 304-1C호(온의동)",90.006,7567613
7,UMM0967,1,32161,***,24-N-근속30주년 기념 배지 제조(248200-F),물품,UMM,국군재정관리단,202408021100,GA41E,지우실업 주식회사,soyosan,김지우,0318672533,경기도 동두천시 신천로366번길13-0 (상봉암동),90.089,247082000
388,UMM0973,1,30070,***,(247044-H)노후 화상회의시스템 교체(리스자산),물품,UMM,국군재정관리단,202408021100,I2C1A,강북유통,kangbuk-yutong,김미경,01052260178,"서울특별시 강북구 오현로56-0 (미아동, 꿈의숲 롯데캐슬) 103-702",83.002,451254000
19,UMM0845,2,28370,***,(24F061-A)  음식물류 쓰레기 폐기물 위탁처리 용역,용역,UMM,국군재정관리단,202408021100,L8982,사계절환경,,최원희,010-3299-6480,"경기도 안산시 단원구 광덕2로50-3, 316호 (초지동)",84.32,110097000
13,EKA0024,1,9680,***,"천막,일반전투용",물품,EKA,기동총괄계약팀,202408021030,0001F,삼덕상공(주),"SAMDUK COMMERCIAL CO.,LTD.",김권기,027753811,서울특별시 중구 퇴계로12길 49(회현동1가),89.43,36126585
19,SFH0103,1,36076,***,24-B-광학장비보관함 등 3품목 구매 납품,물품,SFH,제9196부대,202408021030,K263A,주식회사 티원산업,,김병천,0325411360,"인천광역시 서구 원당대로117번길70-3 (오류동), 창고동 1층",98.208,9432500
200,SFH0102,1,36074,***,24-B-공압식연료이송펌프 등 10품목 구매 납품,물품,SFH,제9196부대,202408021030,M09A6,인천유통,,이은숙,07047907822,"인천광역시 중구 제물량로166번길4, 4층 417호(신생동)",88,10011460
234,SCL0040,1,35998,***,올리오 책꽃이 등 391종 구매,물품,SCL,해군사관학교,202408021030,L1EA7,호나랩,,김환수,01022224741,"경상남도 창원시 마산합포구 완월남로45, 101동 405호(완월동, 청구제네스)",88,16264094
24,LGT0075,1,35956,***,24년 후반기 군주거시설 정밀안전점검 용역(24-GS-38),용역,LGT,제2307부대,202408021030,BE142,부광종합건설 주식회사,bukwang,장병묵,0334820402,강원특별자치도 양구군 양구읍 비봉로64-7,88.018,20422790
119,LQP0032,1,35943,***,24년 병영도서관 도서 구매,물품,LQP,제1891부대,202408021030,M143E,예찬원주스토어,,임보라,07047097189,"강원특별자치도 원주시 흥양로102번길20-0 (태장동),  205-3호(태장동, 삼정백조아파트)",90.004,29271608
1713,LMH0049,1,35855,***,화재감지기 등 주거 보수자재 구매(B150),물품,LMH,제7군단,202408021030,KBFC7,제이제이,,김종국,01043618082,"경기도 여주시 세종로204-22, 108동 403호(교동, 여주 예일세띠앙)",88,19308490
46,HCC0096,1,35420,***,"브이피시 등 6품목 (144,145)",물품,HCC,해군제1수리창,202408021030,K63E6,제이테크,,이은경,07047890055,강원특별자치도 동해시 동해대로5464-0 (평릉동) 2층 203-50호,88.002,34323140
3,LKQ0020,1,36082,***,3분기 전문도서 구매,물품,LKQ,육군항공학교,202408021030,H72CF,인포북스,infobooks,황규숙,0415710607,충청남도 천안시 서북구 미라1길53-0 (쌍용동),91.329,999090
21,LCG0071,1,35949,***,[24-육-178] 수사용 모바일기기 5종 구매(리스물건),물품,LCG,육군본부,202408021030,I3E44,신한약국,shinhan phamacy,이정민,0559048100,"경상남도 김해시 내외중앙로60-0 (내동) 203(내동, 신한프라자)",95.603,34843500
32,HCC0101,1,35471,***,안테나 등 1품목(160),물품,HCC,해군제1수리창,202408021030,K8F17,주식회사 더블제이에스,,오재숙,01090726862,강원특별자치도 동해시 발한로31-7 (부곡동),88.126,9503105
141,SFD0070,1,36055,***,"도서(나의 돈키호테등 57종 2,223권)구매",물품,SFD,제9227부대,202408021030,LD164,팔팔청춘,,배상태,01041103604,"경상북도 포항시 북구 청하면 해안로2364, B동 201호(비치하우스)",90.006,38701260
3801,LCG0072,1,36048,***,[24-육-175] 휴대용무전기 건전지 등 4종 구매,물품,LCG,육군본부,202408021030,H9AC0,주식회사 갑목,kap mok,홍두표,0314973337,경기도 시흥시 소망공원로334-0 (정왕동),88,17977000
26,LNQ0037,1,36039,***,실내사격장 피탄지 설치납품,물품,LNQ,제17보병사단,202408021030,D7897,주식회사 에프티에스,"FTS Co.,LTD",우순,0322775222,"인천광역시 부평구 주부토로236, 디동 1905호(갈산동, 인천테크노밸리 U1센터)",88.402,26427342
1697,LMH0048,1,35852,***,더 좋은 병영식당 취사기구 구매(B149),물품,LMH,제7군단,202408021030,G1C12,주식회사 소낙,SONAC trading,하장보,0312389915,"경기도 수원시 팔달구 권선로751, 201동 501호 (인계동, 동양파라곤)",88,22131600
36,HCC0099,1,35445,***,"가용전 등 3품목(159,162)",물품,HCC,해군제1수리창,202408021030,L7479,수지유통,,최수지,01062487950,"강원특별자치도 동해시 서동로721-6, 1층(신흥동)",88.05,1580820
3,HCC0098,1,35425,***,파티션 등 3품목(163),물품,HCC,해군제1수리창,202408021030,C0914,(주)동건,DONG GUN CO.,윤영현,0332422612,강원특별자치도 동해시 전천로245-2 (북평동),99.723,1254000
46,HCC0097,1,35424,***,"격막 등 10품목(141,142)",물품,HCC,해군제1수리창,202408021030,MACDF,동해종합상사,,김은주,010-5784-9957,"강원특별자치도 동해시 일출로10, 313호",88.046,13119260
45,HCC0095,1,35406,***,"증폭기 등 6품목(143,146,147)",물품,HCC,해군제1수리창,202408021030,M85E3,하늘상사,,김형민,01052181431,강원특별자치도 동해시 부곡6길6-0 (부곡동),88.059,8000910
3,SFN0064,1,35989,***,24-1차 의약물품 구매 납품,물품,SFN,연평부대,202408021030,JD4A6,주식회사 위니드팜,,이순신,0325559362,인천광역시 계양구 아나지로197번길7 (효성동)상가동206호,94.361,42341150
23,LCG0069,1,35947,***,[24-육-186] 군악 지휘자 행사복 제조,물품,LCG,육군본부,202408021030,M68C7,(주)이은의류,,권영재,01036361604,광주광역시 남구 대남대로181번길5-5 (봉선동),88.013,20655250
33,LCG0068,1,35948,***,[24-육-184] 군악 의장 동계코트 제조,물품,LCG,육군본부,202408021030,EDCB7,주식회사 동곡,donggok.co.ltd,김형자,0327157185,"인천광역시 부평구 부평대로313번길84, 2층1호 (청천동)",88.014,44780000
22,SCL0039,1,35991,***,3분기 의무약품(포독스 등 114종) 구매,물품,SCL,해군사관학교,202408021030,JD4A6,주식회사 위니드팜,,이순신,0325559362,인천광역시 계양구 아나지로197번길7 (효성동)상가동206호,88.179,18911400
35,SFN0063,1,35974,***,함정장비 수리부속 구매,물품,SFN,연평부대,202408021030,KD6C4,비와이컴퍼니(BY COMPANY),,윤보연,01094612572,"인천광역시 미추홀구 경원대로875번길48, (주안동) 퍼스트팰리스 602호",88.052,6906190
6,LIK0054,1,34632,001,'24년 경축특식(국군의 날) 조각케익 제조,물품,LIK,제2군수지원여단,202408021030,J9FA9,주식회사 온세까세로,,박성언,0337330358,강원특별자치도 원주시 상지대길83-0 (우산동) 상지대학교 벤처창업관 103호,97.734,2945
1,LCG0063,1,33242,***,[24-육-160] 군 보수체계 개선을 위한 연구,용역,LCG,육군본부,202408011300,A83FF,한국법제연구원,Korea Legislation Research Institute,한영수,0448610343,세종특별자치시  국책연구원로15-0 (반곡동),98.784,28050000
15,LDH0637,1,34559,***,(특무) 오리콘 패킹 등 35품목 구매,물품,LDH,육군종합정비창,202408011300,GA6BB,주식회사 서원아이엔,SEOWON INTERNATION CO.,이준한,01040102532,대구광역시 남구 현충로7길109-5 (대명동),88.004,16570223
17,EBB0311,1,3035A,***,24년 공용화기 부품류(제조),물품,EBB,지상공통전력운영계약팀,202408011100,FCD50,주식회사 엔에이치,"NH CO., LTD.",이남택,07042862207,경기도 남양주시 진접읍 내각1로73번길38-1,85.924,1181635000
36,LKG0073,1,35809,***,24년 9월 영내자증식(육포) 구매,물품,LKG,육군제53보병사단,202408011100,G4C84,주식회사 늘본푸드,cherrybro Busan sole distributor,조태광,0519737340,부산광역시 강서구 공항로1207번길32-0 (대저1동),88.359,12805600
69,LFH0014,1,35828,***,부사교 부사관학군단 충용제 행사 용역,용역,LFH,육군부사관학교,202408011100,L959E,주식회사 비아아트,,김유신,0269566077,서울특별시 영등포구 국제금융로8길27-8(여의도동),88.02,26505010
2493,LCN0041,1,34764,***,24년 생도식당 및 병영식당 취사기구 구매,물품,LCN,육군사관학교,202408011100,L6F17,크로스본딩,,최원배,01057260923,"서울특별시 중구 마장로95-0, 1626호 (황학동)",88,30415070
20,LKG0072,1,35744,***,[육성]기동대물자(개인천막),물품,LKG,육군제53보병사단,202408011100,L6FF9,주식회사 유노인더스트리,,정민영,07087112611,경기도 남양주시 화도읍 비룡로292번길11,94.773,35404000
32,UMM0983,1,35781,***,"24-F-노트북, 프린터, 모니터 도입(리스자산)",물품,UMM,국군재정관리단,202408011100,2685F,(주)아이엔지시스템,ING SYSTEM,김정화,027953713,"서울특별시 금천구 가산디지털1로70, 1101,505호(가산동, 호서대벤처타워)",83.113,7403235838
2,UMM0984,1,35619,***,(247248-E) 고속고무보트 7인용 제조,물품,UMM,국군재정관리단,202408011100,GD16E,주식회사 우성아이비,"Woosung I.B. Co., Ltd.",이희재,0325501000,인천광역시 부평구 부평북로297-0 (갈산동),85.875,65579450
10,UMM0965,1,33007,***,24~27-N-00사 식기세척기(4대) 임차용역,용역,UMM,국군재정관리단,202408011100,E515B,필립시스템,philipsystem,김재롱,01037345656,경기도 김포시 대곶면 대곶북로158번길1-0 204호(창고동),87.784,63763470
2,UMM0959,1,31940,***,24-N-후반기 합동상륙훈련 선박임차 용역,용역,UMM,국군재정관리단,202408011100,3277F,현대글로비스 주식회사,HYUNDAI GLOVIS,이규복,0261919114,"서울특별시 성동구 왕십리로83-21 (성수동1가, 아크로 서울포레스트)",91.068,1494000000
397,UMM0704,2,23257,***,"24-F-충전선, 냉매충전 및 시험다기관용 구매",물품,UMM,국군재정관리단,202408011100,MB2EA,연수컴퍼니,,김성휘,010-7532-6604,부산광역시 해운대구 세실로158-0 (좌동) 109동 1502호,88.145,46551960
6,UMM0926,2,18316,***,(246224-B) 24년 예비군 무기진공포장 박스 제조,물품,UMM,국군재정관리단,202408011100,1900F,전일목재산업 주식회사,JEONIL TIMBER,김병진,0635453131,전북특별자치도 김제시 백구면 금백로1138-0,86.632,382313250
6,LNQ0036,1,35840,***,주거대보수 아파트 완제품(싱크대) 제조설치납품,물품,LNQ,제17보병사단,202408011100,IFEE0,주식회사 일꾼,,박은정,0424781119,대전광역시 서구 계룡로585번길44-0 (탄방동),88.025,252287240
38,LNQ0035,1,35839,***,"주거대보수 아파트 완제품(신발장,붙박이장)",물품,LNQ,제17보병사단,202408011100,G7C90,주식회사 코스모스,"cosmos.co.,ltd",한금고,0315344997,경기도 포천시 가산면 마현4길1,88.005,158050440
273,HCL0052,1,34648,***,24-200 파우더형 3D 프린터 등 4종,물품,HCL,공군사관학교,202408011100,F201F,씨앤디아이 주식회사,CNDI Inc.,김광열,0313132246,경기도 시흥시 매화산단3길58 (매화동),96.436,254990000
3,SFN0062,1,35756,***,24-Y-식기세척기 임차 용역(24~27),용역,SFN,연평부대,202408011030,K1CA7,그린워터,,최안나,03216447534,경기도 용인시 수지구 동천로285 (동천동),88.036,30070050
89,SFD0069,1,35834,***,24-P-취사장 청소용역,용역,SFD,제9227부대,202408011030,C5BD3,합자회사 국토기업,"ktga,co,,ltd",이기남,070-4493-3271,경상북도 예천군 예천읍 양궁로24(106호),88,59414690
42,SCI0093,1,35722,***,공기청정기 필터 제조,물품,SCI,제9121부대,202408011030,HEA17,미래세이프티 주식회사,"Miraesafety Co.,Ltd.",원영현,0323419030,경기도 시흥시 월동로57번길20 (월곶동) 2층 사무실,88.249,14270080
2078,HCM0059,1,35799,***,24-07-249 개머리판 덮개 등 18품목,물품,HCM,공군교육사령부,202408011030,08846,(주)해우정보시스템,"haewoo information system co., ltd.",최간란,025458401,"서울특별시 강남구 봉은사로129, 1325호 (논현동, 거평타운)",88,25119392
90,HDK0022,1,35745,***,24년 간부숙소 입주청소 용역,용역,HDK,공군제11전투비행단,202408011030,FE03A,주식회사 대찬종합건설,daechan,정수민,0537449622,대구광역시 동구 아양로42길38 (효목동),88.001,67124200
6,EBB0310,1,7553H,***,24년 모의신관(K519),물품,EBB,지상공통전력운영계약팀,202407311430,M8BB9,대림엠텍,,김부경,0553437885,경상남도 김해시 진례면 테크노밸리로36,88.052,106855400
1,HCF0174,1,32816,***,민간우수체계기반 전평시 민군 수송물류업무 협력연구,용역,HCF,공군군수사령부,202407311300,C693D,(사)21세기군사연구소,Korea Research Institute of Military Affairs,김진욱,028423105,"서울특별시 금천구 가산디지털2로184, 10층 1017호(가산동, 벽산디지털밸리2차)",76.125,37500000
2,LDH0635,1,34459,***,"(일장) 장갑전투도자 어댑터,직선형 등 4품목 구매",물품,LDH,육군종합정비창,202407311300,EB989,진광사,,최진욱,010-4410-2737,경상남도 김해시 진영읍 진영리1611-3 중흥s클래스 119-105,88.329,2715000
11,EBH0106,1,8013,***,24년 천마 수리부속(연결기등_구매),물품,EBH,해상공중전력운영계약팀,202407311100,M2C18,에이치디 하이테크,,김헌제,070-7576-3822,경상남도 창원시 성산구 반월로67번길30-0 (신촌동),88.044,199128900
516,HDG0025,1,35581,***,24-103 주거시설 주방자동소화장치 구매 설치,물품,HDG,공군제10전투비행단,202407311100,FCEF6,다성,Dasung,박이숙,01054838339,"경기도 김포시 고촌읍 전호로32, 2동 401호",88.002,33080000
212,UMM0978,1,35576,***,24-D-전자동 GSR 주사전자현미경 구매,물품,UMM,국군재정관리단,202407311100,5270F,칼자이스 주식회사,Carl Zeiss,정현석,0231402600,"서울특별시 송파구 법원로135, 1301호  (문정동, 소노타워)",97.879,955350000
439,UMM0966,1,35041,***,(246052-B1) 해안기동대대 비디오월 구축(리스자산),물품,UMM,국군재정관리단,202407311100,D71EF,(주)필텍시스템,PHILL TECH SYSTEM,윤득필,0515050087,부산광역시 동래구 쇠미로129번길140 (온천동),87.998,123885762
393,UMM0962,1,34847,***,(246104-F)일회용 반창고 등 5품목 구매,물품,UMM,국군재정관리단,202407311100,AFD95,주식회사 경훈테크,Kyunghun Tech.,CHOI HUI BONG,0319673748,경기도 파주시 조리읍 고산말길13   2층,88,59856000
320,UMM0960,1,34080,***,(246261-F) 차량엔진 분석기 구매,물품,UMM,국군재정관리단,202407311100,MB792,에스제이상사,,곽새롬,01064249366,"경상남도 김해시 관동로138, 1404동 301호(관동동, 죽림마을 동원로얄듀크아파트14단지)",83.231,183584110
2369,UMM0957,1,33147,***,24-N-남성용 5부 수영복 등 4종 구매,물품,UMM,국군재정관리단,202407311100,HC14B,주식회사 마크,mark,곽명화,0552634001,경상남도 창원시 성산구 용지로111 (중앙동),83,340874340
3,UMM0975,1,32527,***,(24F204-I) 음식물 폐기물 감량기 임차용역,용역,UMM,국군재정관리단,202407311100,C96C7,에코스마트 주식회사,"ECO-SMART Co., Ltd",이현주,0313668522,경기도 화성시 팔탄면 무하로156번길9-0,86.409,272889576
348,UMM0963,1,30681,***,(247047-H)사이버위협경보체계 교체사업(리스자산),물품,UMM,국군재정관리단,202407311100,C1E48,주식회사 휴먼시스템,human system,김준형,0315422207,경기도 포천시 원동교길43-1 (동교동),83.005,813014510
2702,UMM0964,1,28545,***,(246287-D) 종교행사용TV 등 2품목 구매 설치,물품,UMM,국군재정관리단,202407311100,J63F3,우성실업,,박선형,01062050467,"서울특별시 강동구 올림픽로89길57, 103동 201호(천호동, 강변그대家(가) River View(리버 뷰))",87.995,186676420
26,MDK0056,1,35577,***,'24-2차 동명부대 재보급물자 수송관리용역,용역,MDK,국군수송사령부,202407311100,B8C19,세계실업 주식회사,WORLD INC.,이대형,0539619000,대구광역시 북구 검단공단로 92-16(),87.751,195485000
2267,MDG0180,1,33440,***,24년 일반장비(차체인양기 4주식 리프트) 구매,물품,MDG,국군의무사령부,202407311100,IB729,주식회사충청유통,chungcheong,이수현,0417354786,충청남도 논산시 부적면 마구평2길29-0,87.995,13858167
2,MCD0048,1,33859,***,「국방혁신 4.0 기본계획」 수정1호 발전방안 연구,용역,MCD,국방부(운영지원과),202407311100,C6455,(사)한국전략문제연구소,Korea Research Institute for strategy,김재창,027051301,"서울특별시 용산구 청파로 40, 삼구빌딩 1815호(한강로3가)",,30900000
2,MCD0047,1,33858,***,상비병력 규모 최적 결정을 위한 제도 조합 방안 연구,용역,MCD,국방부(운영지원과),202407311100,F3522,국방대학교산학협력단,KNDU R and DB Foundation,문호석,0418316361,충청남도 논산시 양촌면 황산벌로1040,,44891000
2,HDG0026,1,35642,***,"경기지역 취사, 난방, 장비용 LPG 구매(3년)",물품,HDG,공군제10전투비행단,202407311030,F6928,주식회사 에이치비에너지,HB energy,윤길숙,0316685177,경기도 평택시 진위면 진위로119-0,91.13,393858000
2,SCQ0079,1,35600,***,24-평 안보견학버스 임차 용역,용역,SCQ,제9911부대,202407311030,C0A81,두레고속관광(주),dooretour,장근수,024650700,경기도 구리시 건원대로34번길27-0 (인창동) 지하1층 115호,97.269,2090000
117,LCF0456,1,35615,***,21-충-육-28B 특항단 운항실 신축 자동제어 제조설치,물품,LCF,육군군수사령부,202407311030,A8695,(주) 유니스 디,UNIS D,서광설,0515052883,"부산광역시 금정구 중앙대로1763번길20(부곡동, 부곡동 프리미엄 안단테 아파트)",88.03,79061690
37,SDG0030,1,35584,***,이소트렌 연질캡슐 등 48품목,물품,SDG,제2002부대,202407311030,I9AE3,네오썬팜,NEO SUN PHARM,신상희,0319286866,"경기도 의정부시 효자로10, 송산프라자 1동 204호 (민락동)",88.004,10168670
20,SFM0066,1,35467,***,24-S-02 폐합성수지 처리 용역,용역,SFM,제3170부대,202407311030,H2B51,주식회사 현승개발,HyunSeung CO.LTD,김서안,0547417856,경상북도 경주시 강동면 모서별봉길137-3,88.035,33185400
12,UAZ0018,1,35211,***,'24 병영도서관 도서구입,물품,UAZ,합동군사대학교,202407311030,GF7E6,우송서점(문구),woosongbookstore,김용한,042-638-2608,대전광역시 동구 동대전로131번길28(자양동),90.108,1177450
36,SDQ0083,1,35618,***,전지 조립체 등 6종 구매,물품,SDQ,해군제2수리창,202407311030,M8D5E,수종합상사,,지수철,010-6217-2181,경기도 평택시 포승읍 포승원정길76 202호,88.013,3391190
20,SFD0066,1,35605,***,해병대용 개인천막(11형) 구매 납품,물품,SFD,제9227부대,202407311030,L21F0,주식회사 대일산업,,최외숙,01049234280,"부산광역시 사상구 낙동대로1356번길28, 2층(삼락동)",88.129,28971690
815,SCL0038,1,35550,***,캐노피 등 51종 구매,물품,SCL,해군사관학교,202407311030,J7CCA,씨앤엘,,조명희,01092098853,"인천광역시 남동구 장아산로158 (서창동, 임광 그대가),112-604",88.108,15676140
16,SCR0081,1,35637,***,24-폐기물(일반폐기물)처리 용역,용역,SCR,해군제3함대사령부,202407311030,H0943,청호환경산업 주식회사,chungho,김현주,0555722424,경상남도 의령군 용덕면 의합대로277-11,88.359,26237000
174,SFH0101,1,35641,***,24-B-점프스타터 등 13품목 구매 납품,물품,SFH,제9196부대,202407311030,JC446,누리컴퍼니,,김문철,01087359874,"인천광역시 남동구 남촌로93번길22-7 (남촌동, 상일빌라) 5-301",88.005,9853010
172,SFD0067,1,35636,***,인화용지등 102품목 구매,물품,SFD,제9227부대,202407311030,I828A,주식회사 신한기업,SHINHAN,류선화,0542742993,경상북도 포항시 남구 중앙로15 (해도동),88,33952672
14,LHG0047,1,35429,***,'24년 전관방송용 앰프(600W) 구매,물품,LHG,제1862부대,202407311030,M8FC5,세진,,박찬규,01024053340,"강원특별자치도 인제군 인제읍 인제로177번길5-1, 103호",88.009,23748300
124,SFG0080,1,34924,***,IP 뷸렛 카메라 등 5품목 구매,물품,SFG,제9181부대,202407311030,K5C42,주식회사 제이더블유,,이상민,028990668,"경기도 광명시 하안로60-0, E동 411호 (소하동, 광명테크노파크)",88.005,42386260
26,SCF0784,1,34639,***,'24년 해군 중요시설경계시스템 유지보수 용역,용역,SCF,해군군수사령부,202407311030,D631C,한일통신 주식회사,Hanil Telecom,강태진,0426713900,대전광역시 유성구 국제과학9로81 (둔곡동),85.704,279608430
555,SCF0783,1,34457,***,"(긴급)비석면판,압축식 등 37종",물품,SCF,해군군수사령부,202407311030,GF65E,미래상사,miraeshangsa,김성길,051-310-0707,"부산광역시 사상구 낙동대로910, C동 253호(감전동, 마트월드)",94.225,36326000
663,SCF0782,1,33417,***,"펌프, 모터구동용 1EA 구매",물품,SCF,해군군수사령부,202407311030,BDCDD,경북상회,Kyoungbuk Co.,박은희,0513377407,부산광역시 강서구 신호산단2로75번길49-0 (신호동),87.998,115397750
35,EBB0309,1,9107A,***,브래킷 및 판류,물품,EBB,지상공통전력운영계약팀,202407301400,M07DE,원탑 하이테크,,박경순,0518318757,부산광역시 강서구 녹산산업중로100-0 (송정동),88.012,112134300
146,HDN0028,1,35196,***,'24년도 일반지역 추가 제초용역,용역,HDN,공군제18전투비행단,202407301300,EBF87,주식회사 건백림,seungsan,이계천,031-582-5700,"강원특별자치도 춘천시 안마산로214, 상가동 3층 1호 (퇴계동, 퇴계금호타운아파트)",87.747,60330080
107,SCF0781,1,34417,***,더블에이  A4복사용지 등 130종,물품,SCF,해군군수사령부,202407301300,GD07F,우주산업,woojoo industry,서영숙,07078061806,경상남도 창원시 진해구 경화로25번길10-0 (경화동),88.009,4873690
377,SCF0780,1,34441,***,"(긴급)제재목,경질 등 6종",물품,SCF,해군군수사령부,202407301300,L0D4F,주식회사 갑천만수,,안중철,07087982774,"대전광역시 서구 갈마로219번길47, 445호(괴정동)",88.254,15055357
6,LDH0602,2,32219,***,K9자주포 통및막대피스톤등13종 구매,물품,LDH,육군종합정비창,202407301300,L769E,디에스테크,,김동욱,010-7207-3737,부산광역시 부산진구 성지로34번길15-0 (연지동) 1층,90.192,13034523
3,EBB0308,1,1288,***,자주포 운영용 수리부속류,물품,EBB,지상공통전력운영계약팀,202407301100,EABF3,우창기계 주식회사,Woo Chang Machinery Co. Ltd,김운태,0552528997,경상남도 창원시 성산구 공단로324-21 (웅남동),86.445,1112960000
20,LMP0032,1,35397,***,"'24년 더 좋은 병영식당 취사기구 구매(1,2차 종합)",물품,LMP,제3보병사단,202407301100,M1641,야고보컴퍼니,,김후백,01085990091,"강원특별자치도 철원군 갈말읍 태봉로1585, 2호",88.113,44307100
1593,LNT0025,1,35225,***,24년 도서 구매,물품,LNT,제28보병사단,202407301100,E6E58,조은나라,joeunnara,박미영,0315733579,"경기도 남양주시 진접읍 봉현로6, 112동 1802호(주공아파트)",90,37008285
48,LNM0008,1,35398,***,24년 얼음정수기(26대) 임차 용역 계약,용역,LNM,제5181부대,202407301100,MCBFB,국보몰,,임종대,01024927117,"경기도 이천시 증신로156번길24, 202호 (증포동, 부악3차아파트)",88.026,37347256
4,UMM0968,1,34463,***,(24F117-I) 24년 육로여객 수송용역(서부),용역,UMM,국군재정관리단,202407301100,C0A81,두레고속관광(주),dooretour,장근수,024650700,경기도 구리시 건원대로34번길27-0 (인창동) 지하1층 115호,95.256,209788600
581,UMM0972,1,33055,***,24-F-피복석 등 2건 구매,물품,UMM,국군재정관리단,202407301100,KB89D,다담시스 주식회사,,장근수,07041933232,서울특별시 금천구 가산디지털1로1 (가산동) 1208호,96.548,90499000
4,UMM0930,2,23435,***,24년-D-군 표준화차 8량 제조(241044-F),물품,UMM,국군재정관리단,202407301100,A779F,주식회사 케이씨떠블유아이,"KCWi Co., Ltd.",정윤호,028352273,"서울특별시 구로구 디지털로31길38-21, 703호(구로동, 이앤씨벤처드림타워3차)",91.115,2155000000
227,UMM0970,1,22783,***,(246038-B1) 24년 BCTP 장비 교체사업(리스자산),물품,UMM,국군재정관리단,202407301100,08965,(주)한국전자정보시스템,"Korea Electron Information System Co., Ltd",김정현,0232751234,경기도 고양시 덕양구 독곶이길113(주교동),83.239,344052480
79,MDG0179,1,34532,***,의학도서 구매,물품,MDG,국군의무사령부,202407301100,F46A0,(주)협성산업,hyupsung ind,임재춘,0264744343,서울특별시 구로구 경인로43길42 (고척동),90.03,3173333
538,LPM0028,1,34488,***,'24년 9사단 얼음정수기 임차용역,용역,LPM,제9보병사단사령부,202407301100,J825F,사이드미러수리H컴퍼니호남점,,김은철,01064230880,전북특별자치도 김제시 하동1길155 (하동) 205호,87.749,124403558
5,LPF0068,1,35221,***,토양오염복원공사 - 사업장폐기물처리(특23-9),용역,LPF,제51보병사단,202407301100,DB2DD,주식회사 와이에스워터,YouSung Chem.,이호진,0325836100,인천광역시 서구 건지로153번길 32-1(),81.188,218223320
1104,LCF0450,1,27164,***,전원공급기 등 1항목 구매(통신),물품,LCF,육군군수사령부,202407301100,LB451,오장군유통,,오세국,0623853252,서울특별시 강북구 한천로124다길38-0 (번동),87.997,14071130
1667,HCF0178,1,33227,***,[항자단] 수분분리지수 시험기 1종 2대,물품,HCF,공군군수사령부,202407301030,L6C29,나리인터내셔널,,김은경,01053220872,"경기도 수원시 권선구 금곡로140번길29-0 (금곡동, 수원호매실휴먼시아8단지아파트)802동1303호",87.997,62200410
235,SFH0100,1,35379,***,24-B-제빙기 등 8품목 구매 및 설치(도서지역),물품,SFH,제9196부대,202407301030,L43C7,디디케이씨,,김진구,01092514458,"경기도 평택시 고덕로271 (고덕동, 고덕국제신도시 제일풍경채3차 센텀) 1303동 1102호",88,21177294
20,SCH0117,1,35352,***,24-진 0전단 건설폐기물처리용역,용역,SCH,해군작전사령부,202407301030,06055,수성산업 주식회사,"Suseong Industrial Co.,Ltd.",황윤규,0555835885,"경상남도 창원시 의창구 우곡로 2-11, 강남프리텔 608호(도계동)",88.07,1278000
9,SCH0116,1,35353,***,24-진 0전단 폐판넬 처리 용역,용역,SCH,해군작전사령부,202407301030,L8F2D,시민환경주식회사,,김용현,0557588900,경상남도 진주시 명석면 진주대로2168-7,88.337,3338990
16,SCH0115,1,35354,***,24-진 0전단 폐합성수지처리용역,용역,SCH,해군작전사령부,202407301030,HD9A2,주식회사 태영환경산업,tae young,이영빈,0553439757,경상남도 김해시 한림면 김해대로1402번길122-16,88.016,1029600
24,LGC0024,1,35333,***,00부대 노후 기계설비 자동제어 보수 설치납품,물품,LGC,육군학생군사학교,202407301030,G0FF6,주식회사경호타일,kyunghotile,이은숙,0432150123,충청북도 청주시 흥덕구 1순환로386(신봉동),88.002,57551340
33,SCR0080,1,35304,***,증류수 생산기 구매,물품,SCR,해군제3함대사령부,202407301030,L3920,주식회사 오비엔,,임호,01051730277,"전라남도 목포시 영산로93-1, 5층 527호(명륜동, 전남빌딩)",88.073,6631240
6003,LDG0073,1,35291,***,정비피복 구매,물품,LDG,육군 탄약지원사령부,202407301030,L0E3E,주식회사 보리똥,,성은혜,01044590591,"대전광역시 유성구 지족로190번길39 (지족동, 노은에코힐) 701동 601호",88,59345984
8,SDQ0082,1,35348,***,콘덴서 클리너 등 9종 구매,물품,SDQ,해군제2수리창,202407301030,CEB6F,닉스,NIX,권은숙,0318579285,경기도 동두천시 동광로72 (생연동)3층,95.417,4750000
49,SDQ0081,1,35338,***,"튜브, 금속제 등 42종 구매",물품,SDQ,해군제2수리창,202407301030,K9161,초이스툴,,이나은,01024117001,경기도 평택시 탄현로287 (신장동) 3층 J20호,88,23561600
97,SDQ0080,1,35337,***,"작동기, 유압기 공기식 회전용 등 4종 구매",물품,SDQ,해군제2수리창,202407301030,MCBFB,국보몰,,임종대,01024927117,"경기도 이천시 증신로156번길24, 202호 (증포동, 부악3차아파트)",88.076,24964743
5146,LCH0057,1,35320,***,00부대 국군의 날 태권도화 등 3품목 구매,물품,LCH,특수전사령부,202407301030,JF316,포르뚜나,,박윤애,01064069850,경기도 김포시 대곶면 율생중앙로120번길119,88,44965912
1670,SCQ0078,1,35317,***,아연도각관 구매,물품,SCQ,제9911부대,202407301030,FB897,바인시스템,vine system,전인섭,07086387515,"경기도 김포시 황금로117, 나동 512호 일부, 524호 (이젠아파트형공장 매카존)",88,23164000
114,SEE0031,1,35231,***,타이어크림 등 528품목 구매,물품,SEE,제9해병여단,202407301030,L5947,아름드리,,양진영,01063538237,"제주특별자치도 서귀포시 동홍로99번길11, 101동 105호 (동홍동, 금성동홍스마트빌)",88.033,51943900
3,LHR0037,2,33982,***,24년 소형굴삭기 부수기재 설치 납품,물품,LHR,육군 제37보병사단,202407301030,AC13C,그린종합사무기,greeninfo,임근우,0432777000,충청북도 청주시 서원구 남이면 남석로326,98.551,13320940
9,HDM0048,1,35407,***,24년도 국지공역감시체계(ADAM) 유지보수,용역,HDM,공군제17전투비행단,202407301030,IF172,주식회사 코테스,,고기종,0432357292,충청북도 청주시 흥덕구 비하로59-2 (비하동),88.03,79225000
5,MDF0029,1,34156,***,24년 특장차량 개조 납품사업,물품,MDF,국군지휘통신사령부,202407301030,GC78B,주식회사 금강특장차,KUMKANGMOTORS,오세덕,0325748313,인천광역시 서구 북항로28-46 (원창동),88.757,48840000
18,LGP0116,1,35306,***,24년 정비용  장비 제조 구매(엔진모의장치),물품,LGP,제1군수지원사령부,202407301030,JACBB,피엠케이(PMK),PMK,홍성용,0318589976,경기도 양주시 은현면 그루고개로282-9,94.644,27850000
4,HCQ0064,2,34430,***,'24년 공군 특수건강진단 용역,용역,HCQ,공군제5공중기동비행단,202407301030,FEA94,(사) 대한산업보건협회 부산남부지역본부,Korea Industrial Health Association,백헌기,0517106888,부산광역시 강서구 명지오션시티9로21-0 (명지동),88.865,51975000
44,LQS0010,1,35054,***,야전 전투용 앰프 구매,물품,LQS,제3739부대,202407301030,L1FCF,대길상사,,오인환,01099059808,"경기도 포천시 소흘읍 호국로287번길9-24, 22동 208호(포천공구상가)",88.001,24077080
15,LGT0072,1,34975,***,'24년 이동식화장실 임차용역(24-GS-36),용역,LGT,제2307부대,202407301030,H61EF,주식회사 대한주택관리,dhj,윤병인,0337349565,"강원특별자치도 원주시 흥업면 사제로491, 201호(거장상가)",88.072,20070560
19,MFH0011,1,33144,***,24년 표준설계도 제개정 설계용역,용역,MFH,국방시설본부,202407301030,I27E7,주식회사 건보엔지니어링건축사사무소,GUNBO Engineering & Architecture,송영주,027063096,"경기도 성남시 분당구 정자일로1, 비동 1304호(금곡동, 코오롱트리폴리스1)",86.903,153692000
14,SEE0032,1,35305,***,전투부식(김치날치알밥 등 13품목) 구매,물품,SEE,제9해병여단,202407301030,MBBBB,주식회사 탑티어로지스,,강병엽,0647990688,제주특별자치도 제주시 첨단로5길1-0 (영평동) 3층,88.826,138880700
131,SCF0779,1,35256,***,통합배선 제조설치(0전단 예비전력관리전대 본관 신축,물품,SCF,해군군수사령부,202407301030,FE358,세종방송통신(주),Sejong broadcasting communication.co,김민주,0448663700,"세종특별자치시  조치원읍 충현로98, 202호",87.995,19372645
653,SCF0769,1,34852,***,"게이지, 압력측정용, 문자판식 등 16종 구매",물품,SCF,해군군수사령부,202407301030,KDFDD,호호상사,,김기홍,01077381305,"서울특별시 강서구 곰달래로15길27, 502호(화곡동)",87.999,15022200
730,SCF0776,1,34389,***,전자청진기 3EA 구매,물품,SCF,해군군수사령부,202407301030,LF9E6,써니팩토리(Sunny Factory),,박천영,01074261617,"경기도 양평군 용문면 용문로371번길8, 1층",87.995,21928120
33,SCF0775,1,34385,***,"로프,섬유제 2종 제조",물품,SCF,해군군수사령부,202407301030,0925F,永昌製綱 株式會社,"young chang rope co.,ltd.",박정운,0553318417,경상남도 김해시 상동면 동북로473번길 63(),88.427,84469000
924,SCF0773,1,34370,***,"탐지기,금속결함탐지용,전기식 1EA 구매",물품,SCF,해군군수사령부,202407301030,JE6BF,디에이전,,전동애,070-4024-9194,"서울특별시 구로구 디지털로31길41, 312-118(구로동)",87.999,6549380
214,SCF0770,1,32312,***,스포트용접기 2EA 구매,물품,SCF,해군군수사령부,202407301030,G7B37,마니,money,신동심,0552957783,경상남도 창원시 의창구 북면 동곡로33-0  휴먼빌108-501,98.579,6800010
441,SCF0765,1,32130,***,회로카드 조립체 6종 구매,물품,SCF,해군군수사령부,202407301030,ECF32,세종상사,,노정래,010-9384-8831,경상남도 창원시 진해구 여명로52 (여좌동),92.921,48365000
271,SCF0778,1,28674,***,냉장고 의료용 중형 2대 구매,물품,SCF,해군군수사령부,202407301030,D66E5,일우디지컴(주),ILWOO Digicom,고영남,02-3667-9726,"서울특별시 영등포구 경인로80길 3-11, 영우빌딩3층(문래동1가)",87.996,15015931
390,SCF0676,2,28349,***,매트세척기 2EA 구매,물품,SCF,해군군수사령부,202407301030,KB89D,다담시스 주식회사,,장근수,07041933232,서울특별시 금천구 가산디지털1로1 (가산동) 1208호,98.814,6335000
506,SCF0777,1,24363,***,송풍기 등 15종 구매,물품,SCF,해군군수사령부,202407301030,KC787,토탈marine,,허광주,055-551-4511,경상남도 창원시 마산회원구 회원동로42-1 (회원동),88.757,157588900
48,SCF0774,1,24272,***,디젤 매연측정기 1EA 구매,물품,SCF,해군군수사령부,202407301030,G1BF9,태신,taeshin,윤태훈,028073283,"경기도 광명시 디지털로56-0 (철산동, 철산래미안자이)101-2801호",88.023,2984608
19,MFH0011,2,33144,***,24년 표준설계도 제개정 설계용역,용역,MFH,국방시설본부,202407301030,I27E7,주식회사 건보엔지니어링건축사사무소,GUNBO Engineering & Architecture,송영주,027063096,"경기도 성남시 분당구 정자일로1, 비동 1304호(금곡동, 코오롱트리폴리스1)",86.903,153692000
21,LCH0056,1,35314,***,00부대 국군의 날 태권도복 구매(특-24-물-57),물품,LCH,특수전사령부,202407301030,MA7E4,주식회사 준어패럴,,원성준,0426321830,"대전광역시 대덕구 대화로106번길66, 232호 (대화동, 펜타플렉스)",87.995,46474320
10,LCH0055,1,35290,***,00부대 개발제한구역 관리계획 수립용역(특-24-용-31),용역,LCH,특수전사령부,202407301030,04536,(주)하우엔지니어링건축사사무소,Howengineering Co.Ltd,손병찬,0559123353,"경상남도 양산시 물금읍 증산역로149, 204호 (세영프라자)",88.049,51472000
10,LBB0025,1,34718,***,'24-2차 일반폐기물 위탁처리 용역,용역,LBB,육군제7789부대,202407301030,L91BD,주식회사 해든,,황의선,0638338182,전북특별자치도 익산시 여산면 여강로347-16,84.364,71745410
5,LBB0024,2,34713,***,'24-2차 지정폐기물 위탁처리 용역,용역,LBB,육군제7789부대,202407301030,AFF0B,부경산업(주),bukyung,강인중,0314913971,"경기도 안산시 단원구 신원로91번길16-0 (성곡동, 부경산업(주))",84.251,71606110
5,LBB0024,1,34713,***,'24-2차 지정폐기물 위탁처리 용역,용역,LBB,육군제7789부대,202407301030,AFF0B,부경산업(주),bukyung,강인중,0314913971,"경기도 안산시 단원구 신원로91번길16-0 (성곡동, 부경산업(주))",84.251,71606110
2,HCM0058,1,33554,***,항과고 제54기 국토순례 용역계약,용역,HCM,공군교육사령부,202407291300,MC52B,썬투어 주식회사,,주철우,0553241003,"경상남도 김해시 내외로95번길23, 605호 (내동, 풍림마이더스2)",98.536,37440900
3,LCG0048,5,24146,***,[24-육-121] UAV작전수행 복합비행장 운용 방안,용역,LCG,육군본부,202407291300,A66F1,주식회사 한솔엔지니어링글로벌,"Han Sol Engineering Global.co.,Ltd.",김한용,024894903,서울특별시 송파구 올림픽로505-0 (풍납동),,34001000
4047,UMM0955,1,32987,***,24-N-어뢰 인양기 구매,물품,UMM,국군재정관리단,202407291100,MA372,더블유비로지스틱스 주식회사,,손우준,010-6821-6490,"서울특별시 금천구 가산디지털1로233, 9차 914호(가산동, 에이스하이엔드타워9차)",87.995,133855848
4,UHD0029,1,34997,***,'24년 [제8217부대] 레이다 리프트 안전점검 용역,용역,UHD,공군 작사예하 방포사예하 제3여단,202407291100,G638A,주식회사 일성이엔지,"ILSEONG ENG CO.,LTD.",오세만,0514127038,부산광역시 영도구 대교로2번길22-6 (봉래동3가) 2층,88.768,25530780
2,HDM0046,1,34831,***,'24년 청주기지 특수건강진단 민간위탁 용역,용역,HDM,공군제17전투비행단,202407291030,E2799,(사단)대한산업보건협회 충북지역본부,Korea Industrial Health Association,백헌기,0432637137,충청북도 청주시 흥덕구 직지대로 397(),88.258,89640690
347,SFD0065,1,35113,***,24-P-수영장 정밀안전점검 용역,용역,SFD,제9227부대,202407291030,E03C8,(주)엠씨에스에스티기술사사무소,M.C.S sturctural engineering,이호찬,025698144,"서울특별시 송파구 법원로11길11, 비동 413, 414호 (문정동, 현대지식산업센터)",88,18050890
51,SCI0092,1,34842,***,섬유벨트슬링 1765점 구매,물품,SCI,제9121부대,202407291030,M1E67,일용상사,,권윤주,010-4611-6464,경상남도 창원시 의창구 북면 동곡로35-0 (창원무동휴먼빌아파트(2단지)) 205-804,88.015,7620905
75,SCI0091,1,34848,***,"탐지기, 가스용 등 3종 구매",물품,SCI,제9121부대,202407291030,LA0C0,정온통상,,정한수,01045972866,"경상남도 창원시 마산회원구 팔용로91, 204동 1802호(합성동, 창원두산위브더센트럴 2단지)",88.019,26678634
33,SCI0090,1,34855,***,황동봉 등 16종 구매,물품,SCI,제9121부대,202407291030,MB2D6,보광산업,,김보령,01052348874,"경상남도 김해시 우암로106 (내동, 건영아파트) 305동 402호",88.079,15005650
75,LKQ0019,1,34798,***,'24년 정비피복 제조 구매,물품,LKQ,육군항공학교,202407291030,G40C5,지지올레,GIGIOLLE,이윤희,01083350224,"경기도 부천시 원미구 옥산로208번길37, 4층(도당동)",88.372,43270000
160,SDF0116,1,35110,***,블렌 볼펜 등 1207종 구매,물품,SDF,제5738부대,202407291030,JFE22,다드림,,김영애,07040421380,경상북도 포항시 남구 새천년대로439-36 (대잠동),88.006,58652772
3,SCP0085,1,35118,***,복합가스측정기 등 3종 구매,물품,SCP,제8385부대,202407291030,JFB9B,청아철물설비,,김주희,010-7224-5200,강원도 동해시 단봉길23 (북평동),90.443,1200000
542,SFH0099,1,35111,***,24-B-소형중계기 케이블 등 136품목 구매 납품,물품,SFH,제9196부대,202407291030,MB282,천외천,,김예중,01036548251,"인천광역시 남동구 백범로294번길16-0 (간석동, 인천간석엘에이치2단지) 209동 302호",88.001,56937148
480,SFH0098,1,35109,***,24-B-발판소독기 등 27품목 구매 납품,물품,SFH,제9196부대,202407291030,L1CED,태양,,최호찬,01076027855,"인천광역시 부평구 안남로77-5, 301호(부평동, 현대맨션)",88.005,38935741
21,SFH0097,1,35106,***,24-B-PTZ카메라 등 2품목 제조 설치(도서지역),물품,SFH,제9196부대,202407291030,08758,주식회사 부송,"BuSong Industrial development Co., Ltd.",소병양,0328817007,인천광역시 동구 샛골로 143(송림동),88.09,11624418
6,SFD0064,1,35064,***,24-P-유해환경 근무자 특수검진용역,용역,SFD,제9227부대,202407291030,LA353,당진종합병원,,오은옥,0413569320,충청남도 당진시 반촌로5-15 (시곡동) 당진종합병원,88.06,27136560
19,MFL0007,1,35071,***,OO부대 사무실 이전 이사 용역,용역,MFL,합동참모본부,202407291030,FC632,주식회사 신라로지스,G&E,정선혜,02-2061-2218,서울특별시 송파구 송파대로167-0 (문정동) 문정역테라타워 에이동 1419호,88.036,39219000
20,LDG0072,1,35029,***,교육훈련 집잔(세종)사격장 CCTV 설치공사,물품,LDG,육군 탄약지원사령부,202407291030,ED7EE,일송 주식회사,,김민영,0448687370,세종특별자치시  장군면 하봉길153-31,88.012,8322165
6,LKQ0017,2,34751,***,3분기 교육장비 구매 2차,물품,LKQ,육군항공학교,202407291030,E0F72,가람주식회사,garam,신혜영,0428405115,충청남도 계룡시 엄사면 번영로85-0  101호,92.431,447670
747,LNG0060,1,35050,***,예비군훈련장 사격장 냉난방기 구매 설치,물품,LNG,육군 제1군단,202407291030,L1F9E,준트레이딩,,장춘익,01030220180,경기도 광주시 퇴촌면 천진암로522번길79-3,88,18904961
6,LKQ0017,1,34751,***,3분기 교육장비 구매 2차,물품,LKQ,육군항공학교,202407291030,E0F72,가람주식회사,garam,신혜영,0428405115,충청남도 계룡시 엄사면 번영로85-0  101호,92.431,447670
2,LBB0026,1,34947,***,'24년 부대조달 화공가스 구매,물품,LBB,육군제7789부대,202407291030,HE518,일성가스,il sung,김교호,0316814646,경기도 평택시 청북읍 청북로207,88.119,33667700
151,LGT0073,1,34974,***,'24년 체육기재 보급비 물품 구매(24-GP-58),물품,LGT,제2307부대,202407291030,M8493,강원테크,,김성수,01051071855,"강원특별자치도 동해시 배골길32-4, 107동 5층 502호(이도동, 동해아이파크)",88.003,6450800
269,SCK0088,1,34955,***,수정테이프 등 473종 구매,물품,SCK,해군교육사령부,202407291030,F4C31,경북상사,kyongbuk,김보민,07070792933,경상남도 창원시 의창구 명서로4번길17-0 (명서동),88.033,39476000
92,SEE0030,1,34965,***,축전지 구매설치,물품,SEE,제9해병여단,202407291030,J72B8,제이드,,박선옥,01020402923,"제주특별자치도 서귀포시 성산읍 일주동로4188, 4층 406호(디에스빌)",88.116,9348780
8,LDG0071,1,34963,***,UPS 배터리 납품 및 설치,물품,LDG,육군 탄약지원사령부,202407291030,DA306,주식회사 거산전력,Bu Kun Enc,우철구,0636479577,전북특별자치도 임실군 임실읍 임운로8-0,88.306,65258500
3,SEE0029,1,34952,***,차량용 블랙박스 등 5품목 구매설치,물품,SEE,제9해병여단,202407291030,H8ACE,주식회사우정상사,WooJungSangSa,오지녕,07046512888,"제주특별자치도 제주시 연북로21-0, 에코에비뉴 1609호",88.773,9818300
2303,SFG0081,1,34928,***,통신장비용 축전지 구매 설치,물품,SFG,제9181부대,202407291030,L17D1,에스와이티(SYT),,이석용,07080657624,경기도 고양시 일산서구 일현로97-11 (탄현동),88,30901126
2,SDF0115,1,35112,***,BOTTLE SPIKE 등 2종 구매,물품,SDF,제5738부대,202407291030,JEE53,제이비글로벌주식회사,,박대희,01088766052,경기도 남양주시 송산로339번길28-11 (별내동) 101호,99.125,2778000
14,SDF0114,1,35115,***,보이스레코더 등 6종,물품,SDF,제5738부대,202407291030,LE3E0,주식회사 대림산업기술,,이필례,0314772119,경기도 군포시 엘에스로182번길28-7 (산본동) 2층,88.118,3006600
1971,SCQ0077,1,35093,***,배관보수테이프 등 82종 구매,물품,SCQ,제9911부대,202407291030,K6931,찐(JJIN),,김형은,01096399833,"경기도 부천시 도약로146 (중동, 덕유마을주공아파트) 209동 1502호",88.002,86015080
9,LPF0067,1,35079,***,24년 신규 사무자동화 비품(책상 등) 제조,물품,LPF,제51보병사단,202407291030,GECEF,주식회사 디자인칼라스,"Designcolors Co., Ltd.",권병운,0319486233,경기도 파주시 소라지로42-15 (연다산동),88.313,37545400
5,LGC0023,1,35039,***,정비대 수송부 환기설비 개선 설치납품,물품,LGC,육군학생군사학교,202407291030,I5A8A,주식회사 디브이원,CORPORATION DV ONE,노홍규,07044588929,충청북도 충주시 대소원면 하검단2길52-0,88.095,6374634
262,SCL0037,1,35002,***,니트릴 장갑 등 89종 구매,물품,SCL,해군사관학교,202407291030,M2C23,비바송,,송시후,0552670816,"경상남도 창원시 의창구 도계로136-0 (명서동, 두산위브아파트) 205동 1204호",88.001,23834430
2,SFC0078,2,30277,***,24-해병-다자인 컨텐츠 제작 대행,용역,SFC,제9691부대,202407291030,C1178,주식회사 플라잉피그,"FLYINGPIG, INC.",김민,0220252333,서울특별시 금천구 벚꽃로36길30-0 (가산동) 가산KS타워 510~513호,70.978,22605000
2165,MHD0072,1,34281,***,2024년도 3분기 전산(프린터) 소모품 구매,물품,MHD,방위사업청(운영지원과),202407261330,K7851,솔우테크,,송유나,07048373486,"경상남도 김해시 한림면 한림로682-5 , 지하층",87.995,186937700
6,LDH0634,1,34456,***,(자재) 철파이프 등 5종 구매,물품,LDH,육군종합정비창,202407261300,MB288,원욱,,김선한,010-5502-9269,"경상남도 창원시 성산구 용지로169번길13, 3층 320호(용호동, 라이크빌-1)",95.258,129173347
258,MDD0098,2,30680,***,2024 병원장비운영소모품(1-2) 구매,물품,MDD,국군수도병원,202407261200,M3D9F,연홍코퍼레이션,,지애경,0313114130,"경기도 시흥시 연성로83, 5층 501, 502,503호(하상동, 현대프라자)",97.735,55232604
24,LHM0082,1,34695,***,24년 개인화기 사격훈련장 CCTV 제조/설치,물품,LHM,제15보병사단,202407261100,G97FA,(주)삼원파워텍,samwon powertec,한승준,0334587791,강원특별자치도 철원군 김화읍 외골길17-36,88.004,10395700
2719,LCN0040,1,34780,***,24년 부대기 구매,물품,LCN,육군사관학교,202407261100,MC819,디와이플랫폼,,최대용,07076129238,"경기도 화성시 동탄중심상가2길26-15, 802-B114호 (반송동)",88,25223398
944,LQG0059,1,34710,***,(24-집-1) 실내체력단련장 매트 설치 납품,물품,LQG,육군 52보병사단,202407261100,L7097,하린상사,,유원호,070-4647-3089,"경기도 부천시 원미구 부일로283, 103동 402호(상동, 동해그랑빌)",88,43866680
38,MHP0014,1,34703,***,발굴부대 피복(상의)제조/납품 2차,물품,MHP,국방부유해발굴감식단,202407261100,J9A8E,하디코퍼레이션,,김형문,029300209,"서울특별시 노원구 덕릉로115길8, 3층(상계동)",88.055,25863130
5126,UMM0946,1,32895,***,24-N-자동목재대패기 구매(248205-F),물품,UMM,국군재정관리단,202407261100,K84ED,(주)수디자인,,길선미,0425334111,"대전광역시 유성구 복용동로43, 6층 F632호 (복용동)",87.995,109464146
3,UMM0939,1,24123,***,"24-N-방폭 트레일러, 폭발물 운송용 제조",물품,UMM,국군재정관리단,202407261100,BC899,아이 씨 피 주식회사,"Incheon Precision IND. CO., LTD",김우진,0413583570,충청남도 당진시 송악로368-74 (송악읍),92.52,114734000
5,UMM0942,1,23209,***,24-N-자연석판석 제조,물품,UMM,국군재정관리단,202407261100,L9292,월드다이아몬드,,최태성,0417418320,충청남도 논산시 가야곡면 강청1길8-16,88.372,49394218
15,NIT0010,1,34656,***,하계 대테러복 제조 구매,물품,NIT,국방부조사본부,202407261100,ICB3C,성진에스앤에프 주식회사,,이성훈,07049424556,경기도 용인시 처인구 모현읍 백옥대로2101번길63-48,88.159,10271073
5003,NIT0009,2,34607,***,국방헬프콜 홍모물(로고라이트) 제작설치,물품,NIT,국방부조사본부,202407261100,L15AE,주식회사 정인터내셔널,,박정규,01048693900,"인천광역시 부평구 부평대로301, 7층 716호 (청천동, 남광센트렉스)",87.995,31267083
1537,MDG0178,1,33154,***,24년 의무장비(효소면역측정기 중형) 구매,물품,MDG,국군의무사령부,202407261100,L5D1A,두꺼비,,박민수,01044248259,"경기도 고양시 덕양구 삼원로14-1, 101호 (삼송동)",87.995,60279410
692,DSS0038,1,33915,***,경계용 CCTV 구축사업,물품,DSS,국군제1068부대,202407261030,F0974,주식회사 온유정보,"ONYOUINFO CO., LTD.",안찬건,0612855600,전라남도 목포시 복산길64-3 (옥암동),87.999,127742100
40,LGI0063,1,34493,***,24년 벌목 시공용역,용역,LGI,제3군수지원여단,202407261030,G46E7,주식회사 가산임업,(주)BUHEUNGRIMIMEOP,박영현,033-636-8311,강원특별자치도 속초시 번영로129번길5 (동명동),88.037,68909100
169,SFM0065,1,34707,***,반신하네스 구매,물품,SFM,제3170부대,202407261030,H336A,이지시스템(EG system),EGsystem,김은덕,07076999800,"대구광역시 동구 화랑로197 (효목동, 우왕)",88.048,34670689
64,HCC0091,2,34596,***,밸브 등 1품목 (126),물품,HCC,해군제1수리창,202407261030,M85E3,하늘상사,,김형민,01052181431,강원특별자치도 동해시 부곡6길6-0 (부곡동),88.052,6476660
119,SCF0766,1,34869,***,24-보-폐선체 해체 용역,용역,SCF,해군군수사령부,202407261030,DED60,주식회사 청하건설,"c,h",정창만,0555740924,"경상남도 의령군 가례면 홍의로203,102호",88.001,18824600
4,LGT0070,1,34837,001,24년 음식물 쓰레기 처리용역 (24.8.1~24.12.31.),용역,LGT,제2307부대,202407261030,G51F9,아라환경,ara naturao recycie,이석재,0334354471,강원특별자치도 홍천군 홍천읍 영서로1981-0,88.144,186.24
3,SCH0114,1,34832,***,자바라 컨베이어 10EA 구매,물품,SCH,해군작전사령부,202407261030,HC6F4,디에스산업,"DS CO.,",황갑용,0517526623,부산광역시 강서구 대저로255번길30-0 (대저1동) 1층,97.263,5257450
10,SCP0084,1,34859,***,봉고3 디스크 어셈블리-클러치 등 208종 구매,물품,SCP,제8385부대,202407261030,K668E,케이플러스,,이주연,07047890055,강원특별자치도 동해시 동해대로5464-0 (평릉동) 2층 203-54호,88.027,31443526
2694,MDF0028,1,34736,***,24-3차 통신사 및 합참 전산운용품 구매,물품,MDF,국군지휘통신사령부,202407261030,GFEDC,주식회사일신씨엔엠,"ilshin c&m Co.,Ltd.",이명진,0226726515,서울특별시 동작구 노량진로26길9-1 (본동),88,43140700
5401,SFC0085,2,34129,***,복사용지 등 128품목 구매,물품,SFC,제9691부대,202407261030,HE8CD,캠프홀릭,campholic,이재혁,010-9797-0415,경기도 포천시 소흘읍 소흘로75-1 라동,87.995,44743970
316,SCF0758,1,28373,***,"덮개, 발사대 등 5종 구매",물품,SCF,해군군수사령부,202407261030,M2AAE,대호상사,,서석현,01086660403,대전광역시 서구 계룡로566-0 4층 228호 (괴정동),87.997,19228970
1261,SCF0761,1,28363,***,"타이어탈착기,소형 2EA 구매",물품,SCF,해군군수사령부,202407261030,MA57D,(주)새길파트너스,,김동석,07077701617,"경기도 평택시 고덕면 도시지원1길116, 4층 428호(고덕G1지식산업센터)",87.995,8821720
183,SCF0762,1,28350,***,다중계기(10MHz) 9EA 구매,물품,SCF,해군군수사령부,202407261030,M2A41,주식회사 엠아이엘아이엔씨,,정광일,0215443195,"부산광역시 해운대구 센텀동로99, 12층 1203호(재송동, 벽산이센텀클래스원)",97.558,8624500
1,HDF0053,1,33205,***,제8전투비행단 부대소개영상 제작 용역,용역,HDF,공군 제8전투비행단,202407261030,G9DB6,아이버,IVOR,박진형,01027184685,"세종특별자치시  노을3로92-0 (한솔동), 1동 2층 201호(하나프라자)",51.5,15000000
49,HCC0093,1,34750,***,"브러쉬 등 6품목 (148,149,150)",물품,HCC,해군제1수리창,202407261000,K2717,일진펌프앤그린씰 주식회사,,박수홍,0335215030,강원특별자치도 동해시 공단7로41-0 (구호동),88.025,56492150
42,HCC0092,1,34721,***,등 등 1품목 (151),물품,HCC,해군제1수리창,202407261000,K2119,주식회사제이케이컴퍼니,,오재국,01075986715,강원특별자치도 동해시 동해대로5464-0 (평릉동)2층 203-35호,88.04,2962280
43,HCC0094,1,34833,***,"철선 등 26품목(154,155,156,157)",물품,HCC,해군제1수리창,202407261000,K62DF,정민솔루션,,이종노,07047721096,"강원특별자치도 동해시 동해대로5464-0 (평릉동), 2층 203-49호",88.058,11857206
2,MGO0005,1,33514,***,FFG-II 추가 축접지장치(360도 축 접지) 설치,물품,MGO,국방기술품질원,202407251500,KD889,주식회사 대영,,허남민,0555414002,"경상남도 창원시 진해구 충장로657번길28, 503호(장천동, 이엠시티빌딩)",97.252,630000000
3,ELAE007,2,7250O,***,24년 40mm 탄약류 파라핀지환통,물품,ELA,화력총괄계약팀,202407251400,D3C15,(주)오성지관,"O SUNG PAPER TUBE MFG.CO.,LTD",오형수,0318587092,경기도 양주시 칠봉산로337번길11 (봉양동),88.66,58403394
14,LDH0633,1,33655,***,(특무) 직접회로 등 29품목 구매,물품,LDH,육군종합정비창,202407251300,E6A75,시온테크,ziontechnology,박혜성,0415221408,충청남도 천안시 서북구 백석공단1로10-0 (백석동),98.001,10365000
4,LDH0631,1,33669,***,(자재) 스테인리스 파우더 등 3종 구매,물품,LDH,육군종합정비창,202407251300,DF060,주식회사 씨이피테크,"CEP TECH Co. Ltd,",임수창,027499346,"서울특별시 영등포구 영신로220-0 (영등포동8가, KnK디지털타워 208호)",98.445,187350000
1,HCG0033,1,32782,***,24-유.무인복합전투체계중심 기지방어작전 수행방안,용역,HCG,공군본부,202407251100,C7CD2,사단법인 안보경영연구원,SMI,김주형,025445937,"서울특별시 강남구 언주로527, 10층 (역삼동)",79.589,33970000
18,MCS0091,1,34668,***,"(지구병원-027,028) 의약품 25,26차 13종 구매",물품,MCS,국방부계룡대근무지원단,202407251100,HC418,성원약품,sungwonpharm,조맹환,0542758491,경상북도 포항시 남구 연일읍 유강길9번길37-0,88.036,20897910
2,LHM0081,1,34694,***,"24년 장방형 경광등, 차량 내부 경광등 세트",물품,LHM,제15보병사단,202407251100,JBEFE,드림즈,,박미경,01046792856,"강원특별자치도 화천군 화천읍 옹기점길17-3, 103동 1401호(화천 건영 아모리움)",93.236,10777000
601,UMM0958,1,34666,***,(246257-F) 안전교육 VR 장비 구매,물품,UMM,국군재정관리단,202407251100,IF4AC,엠디유통,,황도아,01047759984,"경기도 남양주시 다산중앙로123번길29, 3405동 2404호(다산동, 다산역자연앤푸르지오)",83.002,285582000
11,UMM0951,1,32601,***,(247296-E) 정보통신장비(PC 제조),물품,UMM,국군재정관리단,202407251100,K969F,주식회사 가주정보기술,,심원화,0517464056,부산광역시 북구 효열로111-0 (금곡동) 503호,88.304,71823800
375,UMM0949,1,31883,***,(247294-C)대테러 RF기동영상전송장비 구매(리스자산),물품,UMM,국군재정관리단,202407251100,IACB1,주식회사 발렌베리,"BALLENVERY.CO.,LTD",송광선,07044564048,"대전광역시 서구 도산로485-0, 4층 (탄방동)",83.066,231072700
3240,UMM0947,1,28065,***,(247286-C) 작전용 헤드폰 구매,물품,UMM,국군재정관리단,202407251100,MBDEA,햇살이네,,장예슬,010-5737-8287,인천광역시 서구 청마로78-0 (당하동) 2동 5층 502호,87.995,73876050
438,UMM0948,1,27165,***,(246270-C) 치장창고 물품 구매(지게차 등 5종),물품,UMM,국군재정관리단,202407251100,MB2D6,보광산업,,김보령,01052348874,"경상남도 김해시 우암로106 (내동, 건영아파트) 305동 402호",83.584,298731610
268,LNG0059,1,34679,***,‘24~27년 얼음 냉·온정수기 임차용역,용역,LNG,육군 제1군단,202407251100,ID758,제이앤씨컴퍼니,,장성혜,01033046398,"경기도 여주시 가남읍 일신로38,101-204 (마이다스 연립)",87.745,109135000
59,LCF0416,2,31789,***,"테이프,접착식 등 46항목 구매(항공)",물품,LCF,육군군수사령부,202407251100,D0CE3,유콘시스템 주식회사,"UCONSYSTEM CO.,LTD",한은수,0429362252,대전광역시 유성구 테크노2로40-9 (관평동),97.372,1250348700
24,LAZ0013,1,34562,***,24-00 위치추적용 단말기 구매,물품,LAZ,드론작전사령부,202407251100,H2BBC,주식회사 공감아이티,gongamit,김명례,0428222799,"충청남도 홍성군 홍북읍 충남대로50, 407호(국제아르페온2차)",88.429,24932000
763,LHN0058,1,34676,***,'24~'27년 얼음 정수기 임차 용역,용역,LHN,제7보병사단,202407251030,IE5E4,주식회사 라온아띠,,강세구,03118117929,경기도 양주시 옥정서로254 (옥정동) 사회적기업동,88,192792000
8,SDQ0078,1,34672,***,슬라이스판 등 40종 구매,물품,SDQ,해군제2수리창,202407251030,K7E87,휴이,,이명교,07043231705,경기도 평택시 중앙2로13 (평택동) 602-1-310,97.027,5080000
63,SDQ0077,1,34665,***,"바, 금속제 등 17종 구매",물품,SDQ,해군제2수리창,202407251030,IB084,삼정종합상사,samjung,정민식,010-9668-8013,"경기도 평택시 중앙2로13 (평택동)4층 401-a07호(평택동,센텀스카이빌딩)",88.001,24743800
63,SDQ0079,1,34678,***,"제한기, 유체유동형 등 52종 구매",물품,SDQ,해군제2수리창,202407251030,MCC33,나서스테크,,박경훈,07077700044,경기도 평택시 신창로44 (서정동),88,83963880
7,SCR0079,1,34606,***,"게이지, 압력측정용, 문자판식 등 8종 구매",물품,SCR,해군제3함대사령부,202407251030,EFB97,(유)한일상사,"HANIL TRADING Co.,LTD",이봉준,0614626685,전라남도 영암군 삼호읍 세관1길 46(),88.008,2094264
11,SCR0078,1,34602,***,각반목 등 19종 구매,물품,SCR,해군제3함대사령부,202407251030,I9EF6,삼호자원,samhojawon,문형미,01099681257,전라남도 영암군 미암면 배드리길50-0,88.13,8577600
22,LPN0010,1,34587,***,24년 간부숙소 소화기 구매(수도군단),물품,LPN,수도군단,202407251030,F0E0B,(주)이지씨엔이,EG  CNE,이지영,0537540428,대구광역시 달성군 구지면 달성2차로220-0,91.624,27000000
84,SCI0088,1,34546,***,"시일조립체, 굴대용, 용수철부하식 등 5종 구매",물품,SCI,제9121부대,202407251030,FEE59,피앤에스,p&s,성기우,01055013502,"경상남도 창원시 성산구 중앙대로37, 519호 -5호(중앙동, 경남오피스텔)",88.021,8140720
97,SCI0087,1,34547,***,브이-밸트 등 12종 구매,물품,SCI,제9121부대,202407251030,I08F0,대성,dae sung,최명희,01068330717,"경상남도 창원시 마산회원구 양덕로65-0 (양덕동, 타코마) 가-503",88.003,38445033
18,MCX0050,1,34669,***,반도 등 70종 구매,물품,MCX,자운대근무지원연대,202407251030,H9244,와이에이치상사,dhkdldpdlcltkdtk,한판용,0426331395,대전광역시 동구 흥룡로15-0 (가양동)1층,88.077,7148665
318,MCX0049,1,34664,***,스팀용 사이폰밸브 등 85종 구매,물품,MCX,자운대근무지원연대,202407251030,M7F85,구일,,김영진,010-5008-7508,"대전광역시 동구 비래서로62번길29, 103호(가양동)",88.002,29184810
21,SCN0122,1,34530,***,노래반주기 세트 구매,물품,SCN,제7001부대,202407251030,KEF37,엠엘비(MLB)마산합성점,,배은순,01029564311,경상남도 창원시 마산회원구 3·15대로755 (합성동),88.125,2586990
231,SCN0121,1,33979,***,배터리 등 87종 구매,물품,SCN,제7001부대,202407251030,GA94F,성화종합상사,sunghwa,이애숙,0518054447,"경상남도 창원시 성산구 신촌로95-0 (신촌동, 동성임대아파트) 102-507",96.733,59180000
15,SDL0029,1,34517,***,복사용지 등 40종,물품,SDL,재경근무지원대대,202407251030,M1017,늘푸른,,최용석,01050048118,"서울특별시 영등포구 도신로60길7, 상가동 1호(신길동)",89.387,1576168
108,LKH0023,2,34165,***,'24년 합천훈련대 제초용역관리,용역,LKH,제6128부대,202407251030,C431C,주식회사 아리,ari,강동우,0559438890,경상남도 거창군 거창읍 갈지길154,88.024,5675860
1573,LMH0046,1,34614,***,7군단 권역 군 주거시설 수전류 구매(B138),물품,LMH,제7군단,202407251030,L1C23,찬스드림인터내셔널,,김찬중,01063780148,"경기도 남양주시 퇴계원읍 퇴계원로141, 105동 703호(금호어울림아파트)",88.001,43545297
84,SCI0089,1,34545,***,"필터 엘리먼트, 유체용 등 5종 구매",물품,SCI,제9121부대,202407251030,J5396,잇츠,,김태훈,01095506442,"경상남도 창원시 의창구 평산로171번길6-2, 3층 1호(서상동)",88.062,27351500
976,HCQ0065,1,34809,***,24-217 견인봉 등 1종,물품,HCQ,공군제5공중기동비행단,202407251030,L73C8,에이치산업,,민동혁,01092628918,"강원특별자치도 춘천시 가연길5번길55-0, 101호(근화동)",88,18881584
47,SCQ0076,1,31886,***,24-평 00아파트 시설물관리 용역,용역,SCQ,제9911부대,202407251030,B298C,국제경보산업(주),kukjekyungbo,정일영,02-2672-5691,서울특별시 금천구 벚꽃로244-0 (가산동) 13층 1308호,88.048,1973900000
4103,SCF0754,1,34498,***,목재 외형 연마기 구매,물품,SCF,해군군수사령부,202407251030,M02EF,반석악기,,성현우,010-7655-5687,부산광역시 기장군 정관읍 예림길45-10,88.007,13414938
1289,SCF0757,1,32297,***,"등,침대용 1종 구매",물품,SCF,해군군수사령부,202407251030,FCE89,체리시스템,chrrysystem,조성민,0513129192,부산광역시 강서구 공항로461-0 (대저2동),87.995,84836200
83,SCF0688,2,25756,***,"공기압축기, 이동식 1EA 구매",물품,SCF,해군군수사령부,202407251030,MB792,에스제이상사,,곽새롬,01064249366,"경상남도 김해시 관동로138, 1404동 301호(관동동, 죽림마을 동원로얄듀크아파트14단지)",91.829,3431720
42,HCC0089,1,34574,***,임펠러 등 1품목 (127),물품,HCC,해군제1수리창,202407251000,G4B68,남부상사,NAMBUSANGSA,오승현,070-4496-1169,강원도 동해시 샘실3길12-0 (천곡동),88.003,6957100
40,HCC0088,1,34566,***,증발기 등 1품목 (125),물품,HCC,해군제1수리창,202407251000,MACDF,동해종합상사,,김은주,010-5784-9957,"강원특별자치도 동해시 일출로10, 313호",88.001,991210
2,EBB0305,1,5300R,***,120밀리 자주박격포 연습탄(KC296) 파라핀 지환통,물품,EBB,지상공통전력운영계약팀,202407241430,D3C15,(주)오성지관,"O SUNG PAPER TUBE MFG.CO.,LTD",오형수,0318587092,경기도 양주시 칠봉산로337번길11 (봉양동),86.399,22100000
8,EBH0098,1,0412A,***,24년 TA-512K 부품(구매),물품,EBH,해상공중전력운영계약팀,202407241100,D762D,(주)범한네트웍스,BumHan Networks,김성혜,0515232212,부산광역시 기장군 기장읍 배산로56번길26-19,85.588,283283000
305,LFK0048,1,34421,***,24년 3분기 교육지원물품 구매,물품,LFK,육군종합군수학교,202407241100,K3B3E,주식회사 에이엠텐,,유숙현,0423834004,"대전광역시 유성구 테크노3로65, 513호내 505호(관평동, 한신에스메카)",88,37139472
812,LHK0045,1,34503,***,24년 군단 전투참모단 OA의자 구매,물품,LHK,제2군단,202407241100,EF49B,현재산업,HYUNJAE,조용수,0337478661,강원특별자치도 원주시 소초면 장수2로196-2,88.189,32769000
45,LFK0049,1,34451,***,24-3차 개인주비 물품 구매,물품,LFK,육군종합군수학교,202407241100,MC678,에이스글로벌,,정소영,01089022479,"대전광역시 서구 대덕대로325, 5층90호 내 한밭비지니스센터 503호(월평동,스타게이트몰)",88.016,9993336
26,HCL0051,1,34659,***,항-24-030 청력보호용 귀마개,물품,HCL,공군사관학교,202407241100,AC13C,그린종합사무기,greeninfo,임근우,0432777000,충청북도 청주시 서원구 남이면 남석로326,88.004,39714360
15,UMM0952,1,32999,***,24-N-철싱커 제조,물품,UMM,국군재정관리단,202407241100,J5A7F,휴앤조이,,이상엽,01047273748,강원특별자치도 원주시 호저면 막골길74,88.004,150824518
5802,UMM0943,1,32087,***,24-N-해병대 4주식 리프트 구매,물품,UMM,국군재정관리단,202407241100,FF871,주식회사 태광,Taekwang Electric Power Corporation,최찬웅,0333347723,강원특별자치도 평창군 평창읍 원동재로415-0,87.995,165590931
2,UMM0928,2,24222,***,(24F213-A) 근무분야 민간위탁 용역,용역,UMM,국군재정관리단,202407241100,F52B9,공우이엔씨 주식회사,KONGWOO ENC Corporation,이한기,0262760252,"서울특별시 영등포구 여의대방로43라길6-0 (신길동, 신길프라자3층)",98.339,1060000000
518,UMM0945,1,21665,***,24-N- 관급자재(내진철근)구매(248160-F),물품,UMM,국군재정관리단,202407241100,KEE47,주식회사 삼마기업,,이가은,01025192334,"서울특별시 마포구 월드컵로34길6, 1동 14층 1406호(성산동,태림센트윈2차)",96.63,122589900
3,UMM0665,1,19584,***,"24-A-00부대 물절약투자대행사업(WASCO, 24-A127)",용역,UMM,국군재정관리단,202407241100,09951,주식회사 건화,"Kunhwa Engineering & Consulting Co., Ltd.",황규영,0269387037,경기도 안양시 동안구 흥안대로427번길 38(관양동 954-6),,947200000
3,UMM0664,1,19529,***,"24-A-00부대 물절약투자대행사업(WASCO, 24-A121)",용역,UMM,국군재정관리단,202407241100,09951,주식회사 건화,"Kunhwa Engineering & Consulting Co., Ltd.",황규영,0269387037,경기도 안양시 동안구 흥안대로427번길 38(관양동 954-6),,1093500000
3,UMM0663,1,19184,***,"24-A-00부대 물절약투자대행사업(WASCO, 24-A122)",용역,UMM,국군재정관리단,202407241100,04388,주식회사 도화엔지니어링,"Dohwa Engineering Co.,Ltd",손영일,0263233131,서울특별시 강남구 삼성로 438(대치동),,2870000000
12,MDR0038,2,32195,***,지구측위시스템 구매,물품,MDR,제9965부대,202407241100,M5939,주식회사 오정,,김윤현,07076501005,"대전광역시 서구 갈마로219번길47, 469호(괴정동, 위스퀘어빌딩)",98.78,44310784
1224,MDG0176,1,32515,***,24-3차 영현실비품(부검대) 구매,물품,MDG,국군의무사령부,202407241100,JF137,새롬미디어,,김동현,01028015862,부산광역시 금정구 놀이마당로32 (청룡동),87.996,30603670
653,MDG0175,1,32496,***,24-4차 의무비품(의료용싱크대 등 2종) 구매,물품,MDG,국군의무사령부,202407241100,E82BF,(주)플러스모던,plusmodern,박희민,0226346959,"서울특별시 영등포구 도림로462-0 (문래동3가, 국화상가지하 7호)",87.997,8874300
160,MDD0100,1,33494,***,국군수도병원 LED안내 전광판 설치 납품,물품,MDD,국군수도병원,202407241100,KA0F6,주식회사 엔에스,,주라나,0627193780,"전라남도 화순군 화순읍 만연로60-11,2층",88.008,26616050
95,LFC0052,1,34414,***,24년 국군의날 경축특식(훈제닭다리) 제조/구매,물품,LFC,육군훈련소,202407241100,M9BE9,오뉴푸드,,황혜민,01068593641,"인천광역시 서구 염곡로15번길7, 2층 202호(가좌동, 탑 엔지니어링)",88.023,33826500
8,LFC0051,1,34408,***,24년 추석 경축특식(마카롱) 계약,물품,LFC,육군훈련소,202407241100,I5125,장가네제과,JANGSCAKE,장억재,053-353-0250,대구광역시 북구 팔달로45(노원동3가),88.13,28570000
13,HCF0176,1,33815,***,[60전대] 2.5인치 노즐 등 96종 구매,물품,HCF,공군군수사령부,202407241030,D5887,삼호상사,samhosangsa,서 민 숙,053-604-3531,대구광역시 북구 유통단지로16 산업용재관 26-24(산격동),95.337,136770000
4,HDR0008,1,34621,***,24-LPG-3 취사연료 구매(제0),물품,HDR,공군방공관제사령부,202407241030,J8E7B,한국가스,,홍지윤,0647266888,제주특별자치도 제주시 연신로231-1 (영평동).,88.366,20145934
355,LHN0057,1,34513,***,봉쇄장비(접이식 바리게이트 및 자바라 철침판) 구매,물품,LHN,제7보병사단,202407241030,J94C5,이엔씨코리아,,임보라,07047097189,강원특별자치도 철원군 갈말읍 순담길178,88.001,13440618
98,UAB0049,1,34509,***,’24년 체력단련장 오수처리장 제어설비 제조설치,물품,UAB,국군복지단,202407241030,F4CEA,주식회사 태승전기,"Tae Seung Electric Co.,Ltd.",강혜경,0325185755,인천광역시 서구 건지로45-26 (석남동),88.004,34899130
5986,MCX0048,1,34495,***,UPS 및 정류기반 배터리 설치납품,물품,MCX,자운대근무지원연대,202407241030,L8BD7,그린테크,,이주희,0613331708,전라남도 나주시 나주로159 (중앙동),88.001,45996230
1763,LQH0037,1,34490,***,(육성)실내사격장 안전방호판 납품 설치,물품,LQH,제3697부대,202407241030,L707B,유진,,류욱진,01020455783,"경기도 용인시 기흥구 동백8로64, 1310-1904 (동백동)",88,94887752
59,MCX0043,2,31253,***,주유기 고정식(무연) 등 2종 구매(설치포함),물품,MCX,자운대근무지원연대,202407241030,I3CBC,만능유한회사,csm,정양수,01036902326,"전라남도 무안군 삼향읍 남악3로80,204호(제일프라자)",96.9,9193840
27,SCR0074,1,34501,***,"조정기, 전압용 등 14종 구매",물품,SCR,해군제3함대사령부,202407241030,L4A54,주식회사 제이에스엠,,조소현,01046173334,전라남도 목포시 영산로93-1 (명륜동),88.118,25253120
8,SCR0073,1,34497,***,"제어장치, 인터페이스용 구매",물품,SCR,해군제3함대사령부,202407241030,BFF14,(유)목포신도digitalOA,,김기홍,0612798424,전라남도 목포시 삼학로 282(),88.036,8082000
17,SCR0072,1,34496,***,컨트롤 밸브 조립체 구매,물품,SCR,해군제3함대사령부,202407241030,K0053,우성종합상사,,이동건,061-243-1722,전라남도 목포시 삼학로141 (산정동) 2층,88.189,12790852
7,SCR0071,1,34475,***,E-STOP 버튼 등 3종 구매,물품,SCR,해군제3함대사령부,202407241030,EFB97,(유)한일상사,"HANIL TRADING Co.,LTD",이봉준,0614626685,전라남도 영암군 삼호읍 세관1길 46(),88.073,1519888
38,HDQ0069,1,34526,***,20비 24-234 작업테이블 등 14종,물품,HDQ,제20전투비행단,202407241030,GB07C,동아문고,DONGABOOK,조영자,07086673153,충청남도 서산시 해미면 한서2길9(해미면 ),88.009,27835420
16,SCR0077,1,34512,***,"백업링, 성형 패킹용 등 21종 구매",물품,SCR,해군제3함대사령부,202407241030,I9EF6,삼호자원,samhojawon,문형미,01099681257,전라남도 영암군 미암면 배드리길50-0,88.089,27999400
11,SCR0075,1,34507,***,"필터엘리먼트,흡입공기 정화기용 등 12종 구매",물품,SCR,해군제3함대사령부,202407241030,L04D9,해선주 주식회사,,손서윤,0612425164,전라남도 목포시 영산로93-1 (명륜동) 5층538호,98.316,19990000
6,EBHE025,1,2B060,***,턱끈류,물품,EBH,해상공중전력운영계약팀,202407241030,L21F0,주식회사 대일산업,,최외숙,01049234280,"부산광역시 사상구 낙동대로1356번길28, 2층(삼락동)",91.827,41973200
40,LFC0053,1,34446,***,24년 26차 의약품(점안액 등 23품목) 구매,물품,LFC,육군훈련소,202407241030,K0FFA,베스트팜,,이금상,042-584-5010,"충청남도 논산시 중앙로398번길4-8 (취암동), 1층",91.601,18643540
55,LCT0008,1,34411,***,전투실험분석모델용 워크스테이션 구매,물품,LCT,육군포병학교,202407241030,KD3EF,헤음,,박채린,0617223103,"전라남도 해남군 해남읍 구교2길42, 101동 1303호(공간아파트)",88.014,15851720
58,HCR0031,1,34403,***,타이어 등 16품목(24-092),물품,HCR,공군제15특수임무비행단,202407241030,LB557,제이앤엘 인베스트먼트,,정경태,02-3409-3999,경기도 이천시 모가면 대월로221-40 (외),88.561,34586560
80,SCI0086,1,34372,***,"패킹, 성형식 등 5종 구매",물품,SCI,제9121부대,202407241030,JE331,로쏘,,김아라,01095037772,"경상남도 창원시 마산회원구 내서읍 호원로385-1, 5층 501호",88.065,7590165
7,SCF0752,1,20584,***,해상초계기 비행관리체계 유지보수 용역,용역,SCF,해군군수사령부,202407241030,JCD34,다알시스 주식회사,,최윤호,07086571692,"경기도 수원시 권선구 일월천로4번길2, 4층(구운동, 씨지에스빌딩)",87.753,72155000
3,EBHE027,1,8651,***,24년 현궁 패널 부품(덮개류),물품,EBH,해상공중전력운영계약팀,202407241000,M8F94,진해공업,,김재원,0553436724,경상남도 김해시 한림면 김해대로1099번안길42-18,88.182,39505700
15,EBB0301,1,4014T,***,K계열전차 부품류,물품,EBB,지상공통전력운영계약팀,202407231400,EABF3,우창기계 주식회사,Woo Chang Machinery Co. Ltd,김운태,0552528997,경상남도 창원시 성산구 공단로324-21 (웅남동),88.241,228873000
855,LGC0022,1,33365,***,24년 노후 냉난방기 종합세척 용역,용역,LGC,육군학생군사학교,202407231330,F3CFD,성동기업 주식회사,SEONGDONG,유서영,0317588252,경기도 성남시 수정구 헌릉로890번길47-14 (복정동),87.746,171925950
25,EBH0096,1,8010,***,"24년 특수무기 볼트, 너트류",물품,EBH,해상공중전력운영계약팀,202407231300,BA764,대명 ENG,DAEMUNG ENG,이갑용,0518318756,"부산광역시 강서구 녹산산업중로100-0 (송정동), A동",88.045,87761600
7,LDH0626,1,33865,***,"K200 플러그,파이프용 등 19종 구매",물품,LDH,육군종합정비창,202407231300,BDFC7,현대정밀가스켓,,이의정,051-802-7662,부산광역시 사상구 가야대로175번길29-0 (감전동),88.396,13853000
7,LDH0625,1,33103,***,(자재) 부품제작자재 호스 구매,물품,LDH,육군종합정비창,202407231300,M9533,선경,,정왕균,01038547544,경상남도 김해시 한림면 안곡로520-2,88.83,36013788
4,LDH0618,1,32190,***,24-8차 정비용 장비 부품 구매,물품,LDH,육군종합정비창,202407231300,BCAAC,신영에이텍,SHIN YOUNG A-TECH,이상기,0552510253,경상남도 창원시 마산회원구 봉암공단2길22-5 (봉암동),89.44,21646950
152,LCF0442,1,33805,***,시트 조립체 등 2항목 구매(특무),물품,LCF,육군군수사령부,202407231130,M3D9F,연홍코퍼레이션,,지애경,0313114130,"경기도 시흥시 연성로83, 5층 501, 502,503호(하상동, 현대프라자)",97.751,33241972
6,LCP0051,1,33887,***,00부대 지정폐기물(폐유) 처리 용역,용역,LCP,육군항공사령부,202407231130,IC8FE,주식회사 강우이앤이,,양우지,0444151888,"세종특별자치시  조치원읍 내창3길19, 202호",89.569,143495000
12,EBB0300,1,4016T,***,K계열전차 부품류,물품,EBB,지상공통전력운영계약팀,202407231100,DE4A2,에이테크솔루션(주),"A-TECHSOLUTION.CO.,LTD",유영목,0313508164,경기도 화성시 정남면 가장로 277(),84.578,1139191260
60,MDG0167,2,32234,***,가스열펌프(GHP) 배출가스 저감장치(4) 구매,물품,MDG,국군의무사령부,202407231100,J03BF,주식회사 알오씨오토시스템,,유정준,0312706358,"경기도 오산시 독산성로425-0, 6층 5호(세교동)",88.455,29589830
61,MDG0166,2,32233,***,가스열펌프(GHP) 배출가스 저감장치(3) 구매,물품,MDG,국군의무사령부,202407231100,M4121,주식회사 이알인터내셔널,,김문섭,0319402560,"서울특별시 영등포구 양평로30길14, 12층 1213호(양평동6가)",98.132,71186220
10,LHK0044,1,34179,***,24년 강원도(화천) 예비군 육성지원사업 천막 계약,물품,LHK,제2군단,202407231100,GED69,부림산업,Burim Industry,조주희,0553364424,경상남도 김해시 김해대로2646-0 (안동),88.038,7409640
2,EPAE001,1,7370,***,미사일 운반 트레일러(M-4),물품,EPA,항공기총괄계약팀,202407231100,L8E9D,뉴테크코리아 주식회사,,이인순,07075763689,경기도 화성시 송산면 송산포도로510-13,89.184,42154740
2555,LGP0113,1,34320,***,24-2차 국기검 물품 구매(자동차 정비분야),물품,LGP,제1군수지원사령부,202407231100,K8D46,주식회사 라온피앤씨,,최서윤,03180432825,"경기도 화성시 동탄대로21가길4-35,1층 (영천동)",88,22449120
948,UMM0933,1,33280,***,24-N-모타균형검사기 구매,물품,UMM,국군재정관리단,202407231100,M7469,참조은푸드,,김미라,0522455292,"울산광역시 울주군 범서읍 천상6길28-8, 1층((32블럭5롯트) 1층 101호)",88.008,129931600
2,UMM0944,1,32181,***,(246295-D) 승용 사열차 제조,물품,UMM,국군재정관리단,202407231100,G6DF2,주식회사 유아이테크,"UI Tech Co., Ltd",김현국,03180594466,경기도 화성시 팔탄면 3.1만세로612-23,88.081,152766130
4049,UMM0950,1,26112,***,(246269-F) 안전모 등 21종 구매,물품,UMM,국군재정관리단,202407231100,IE0C5,리사컴퍼니,,신은정,01087133363,인천광역시 서구 한들로73-0 (백석동) 202동 1501호,87.995,162870268
3756,UMM0938,1,25638,***,24-N-해병대 휴대용 수중통화기 4세트 구매,물품,UMM,국군재정관리단,202407231100,C6B82,(주)케이탑솔루션,KTOP SOLUTION,조범진,0337458610,"강원특별자치도 원주시 솔우물1길1-2, 2층(무실동)",87.995,196282326
20,UMM0936,1,25328,***,24-N-특전 전투복 상의 등 6종 제조,물품,UMM,국군재정관리단,202407231100,IC1D0,주식회사 제이투,,정재찬,0315756982,경기도 남양주시 진접읍 경복대로바람골길69-38,88.066,86405850
510,UMM0774,2,23753,***,(246247-D) 이동형 심리생리반응 분석장비 구매,물품,UMM,국군재정관리단,202407231100,F0F22,(주)비아이엔씨,"BINC.,CO.LTD.",김여기,07074573900,서울특별시 서초구 양재동언남 18길3 (양재동  2층),90.007,53118640
825,UMM0607,2,15362,***,"24-F-필터 유닛,액체용,압력식 구매",물품,UMM,국군재정관리단,202407231100,KBE1B,현코리아,,신애경,01038891133,부산광역시 연제구 아시아드대로7-0 (거제동)103-2201,87.995,188102000
9,UMM0850,2,15264,***,24-N-기관단총 조준경 구매,물품,UMM,국군재정관리단,202407231100,0784F,(주)이오시스템,EOSYSTEM CO LTD,한정규,028501762,인천광역시 서구 가재울로38-0 (가좌동),88.382,125160000
37,MDR0040,1,33142,***,24년 디지털 포렌식 SW 라이선스 구매,물품,MDR,제9965부대,202407231100,A7340,(주)제트코,"JETCO Technology, Inc",김한희,025668471,"서울특별시 송파구 송파대로201-0 (문정동) 송파테라타워2 A동 1213,1214,1215,1216,1217,1218호",96.994,251200000
52,MDG0174,1,32937,***,양주병원 공조기 필터 교체 설치납품,물품,MDG,국군의무사령부,202407231100,A5F12,고려정공 주식회사,"korea clean air co.,ltd",김순자,0313218500,경기도 용인시 처인구 모현읍 독점로268,88.381,44599700
7,LKP0121,1,33692,***,24년 급식 민간위탁배송(중앙조달 충청권),용역,LKP,5군수지원사령부,202407231100,E6472,주식회사그린,greengls,황정실,0312813912,경기도 여주시 대신면 여양로693-10,92.197,779900000
6,LKP0122,1,33683,***,24년 급식 민간위탁배송(중앙조달 경남권),용역,LKP,5군수지원사령부,202407231100,CD7B4,용마로지스주식회사,yongmalogis,이종철,0232906433,"경기도 김포시 고촌읍 아라육로78, 2동",94.327,516978000
215,LCF0417,2,21472,***,"봉합사,비흡수성,외과용 등 3품목 구매(의무)",물품,LCF,육군군수사령부,202407231100,M3D9F,연홍코퍼레이션,,지애경,0313114130,"경기도 시흥시 연성로83, 5층 501, 502,503호(하상동, 현대프라자)",97.312,25074656
600,HCF0175,1,33266,***,"24-H-24 드릴링머신, 직립형",물품,HCF,공군군수사령부,202407231030,KE0F6,경진테크,,정태경,01074007682,"경상남도 창원시 성산구 원이대로495 (반림동, 트리비앙아파트) 230동 1607호",88.566,19771180
1755,LMR0045,1,34248,***,24-9차 취사기구(516방공대대 더좋은 병영식당)구매,물품,LMR,제5군단사령부,202407231030,JA47D,페르소나,,정용수,01022781259,"경기도 고양시 덕양구 은빛로12 (화정동), 상가1동 303호",88,42000000
173,SFM0064,1,34229,***,안전벨트 구매,물품,SFM,제3170부대,202407231030,E35B4,대성상사,,김형섭,0542727858,경상북도 포항시 남구 중앙로 42-1(),88.006,87064131
75,SCI0085,1,34183,***,"베어링, 볼형, 환상형 등 5종 구매",물품,SCI,제9121부대,202407231030,HF48E,예광,yeagwang,이예진,0552537889,"경상남도 창원시 마산회원구 팔용로89, 104동 11층 1103호(합성동, 창원두산위브더센트럴 1단지)",88.023,8851507
37,MDQ0010,1,34185,***,구조훈련마네킨 등 2품목 구매,물품,MDQ,국군의무학교,202407231030,L12D7,민주유통,,이혜련,01075431194,"대전광역시 대덕구 오정로100번길51, 1층 101호(오정동)",88.099,14948240
2,MDQ0009,2,33245,***,영아용 심폐소생술 마네킹 구매,물품,MDQ,국군의무학교,202407231030,HA1CA,주식회사 파라메스,"PARAMES.Co.,Ltd.",김금자,0426287119,"대전광역시 중구 동서대로1365번길 20, 1층(목동)",97.837,7758400
9,SCI0084,1,33713,***,세탁물 탈수기 1종 7점 구매,물품,SCI,제9121부대,202407231030,JC499,제이에스컴퍼니,,이찬,01041843336,경상남도 창원시 성산구 정동로62번길61 (성주동),88.01,960760
85,LKF0054,1,34328,***,영천 전투장구류 정비실 신축 건설폐기물처리용역,용역,LKF,제6755부대,202407231030,BAE22,디에이치개발 주식회사,"DAEDONG DEP.,CO",권영란,0437431001,충청북도 영동군 매곡면 괘방령로741-58,88.089,33983200
169,SDG0029,1,34318,***,씻어나온 쌀 등 11종 구매,물품,SDG,제2002부대,202407231030,M7E80,썬앤문,,이병문,01031538929,"인천광역시 연수구 컨벤시아대로252번길30, 1501동 2904호(송도동, 송도 더샵 퍼스트파크)",88.007,19065007
901,LMR0044,1,34238,***,24-8차 취사기구(145정보대대 더 좋은 병영식당) 구매,물품,LMR,제5군단사령부,202407231030,IF51E,씨티원 경기지점,,김은아,07087953338,"경기도 평택시 중앙로29, 537호 (통복동, 은호빌딩)",88,11815132
167,SDF0112,1,34244,***,24-항-53 62 예초용역,용역,SDF,제5738부대,202407231030,F41DD,주식회사 가온아이엔씨,gaon,김남주,0558678666,경상남도 남해군 창선면 흥선로34-1,88.019,16682100
23,MFH0012,1,34288,***,국유재산 경계표 제조구매,물품,MFH,국방시설본부,202407231030,IC1D0,주식회사 제이투,,정재찬,0315756982,경기도 남양주시 진접읍 경복대로바람골길69-38,88.108,15121375
9,SCN0112,2,32094,***,24-00센터 상용 소프트웨어 구매,물품,SCN,제7001부대,202407231030,C44BB,(주)인우아이티,INWOOIT,김행민,025629011,서울특별시 강남구 언주로532-0 (역삼동) 세일빌딩 2층,97.078,6930000
277,SCN0120,1,34263,***,24-진-군항방송시스템 제조 설치,물품,SCN,제7001부대,202407231030,BD540,(주)사운드폭스코리아,soundfox korea,남진규,0335922724,강원특별자치도 정선군 남면 무릉2로 47(증산농공단지내),88.025,87411000
3,SFG0079,1,34428,***,집음기세트 구매,물품,SFG,제9181부대,202407231030,L7A22,와이즈티엔씨 주식회사,,최지은,07086140530,"경기도 김포시 김포한강8로410, 1001-139호(구래동, 스타프라자)",88.245,4647640
157,SCL0036,1,34260,***,교재(국제법 등 109종) 구매,물품,SCL,해군사관학교,202407231030,J9E3C,주식회사 다은컴퍼니,,정은주,01033556457,"경상남도 창원시 성산구 중앙대로61번길4, 339호(중앙동, 캔버라타운)",90,85119659
7,SDF0113,1,34247,***,24-항-43 유해환경작업자 특수건강검진용역,용역,SDF,제5738부대,202407231030,I76C9,의료법인은성의료재단 좋은선린병원,Goodsamsun hospital,구자성,0542456611,경상북도 포항시 북구 대신로43,88.405,24651100
2,LBA0057,1,34334,***,'24년 불용아세틸렌 용기 위탁처리 용역,용역,LBA,제 2167부대,202407231030,DB41B,대진산업(주),DAE JIN INDUSTRY CO.LTD,김병묵,043-235-7100,충청북도 청주시 흥덕구 강내면 황탄리길 169(),88.375,46972000
106,SCH0113,1,34254,***,등짐형 유압장비 1세트 구매,물품,SCH,해군작전사령부,202407231030,L5F1C,엠에스엔디,,김민수,07070079628,"경상남도 김해시 부곡로76, 102호(부곡동, 월산마을부영아파트상가)",88.004,53845964
15,LGQ0029,1,34273,***,24년 개인천막 제조 구매,물품,LGQ,제36보병사단,202407231030,L6FF9,주식회사 유노인더스트리,,정민영,07087112611,경기도 남양주시 화도읍 비룡로292번길11,88.085,23344920
2,SCH0112,1,34255,***,24-부-토양정밀 조사 용역,용역,SCH,해군작전사령부,202407231030,C6F28,신라대학교 산학협력단,Silla University IACF,최인순,0519996445,"부산광역시 사상구 백양대로700번길 140, 신라대학교(괘법동)",88.92,26180000
404,SCF0748,1,33520,***,"(긴급)바,금속제 등 36종",물품,SCF,해군군수사령부,202407231030,ECC72,동우철강(주),dongwoo steel co.,김수근,055-296-7123,"경상남도 창원시 마산회원구 봉암공단6길75-0 (봉암동, 동우철강)",91.324,32262560
386,SCF0749,1,33104,***,전원공급기 등 15종 구매,물품,SCF,해군군수사령부,202407231030,F9D3B,주식회사 유니메인,Unimain,박진우,0314359246,경기도 시흥시 서울대학로59-20 701호 (배곧동),98.066,704880000
5,SCF0617,3,19473,***,잠수함 디젤 및 축전지 감시장치 PCB 정비,물품,SCF,해군군수사령부,202407231030,G638A,주식회사 일성이엔지,"ILSEONG ENG CO.,LTD.",오세만,0514127038,부산광역시 영도구 대교로2번길22-6 (봉래동3가) 2층,88.804,123900000
149,MDS0012,1,34246,***,RF장비 제작용 부품ㆍ자재 구매(증폭IC 등 81종),물품,MDS,제3707부대,202407231030,L7A92,용인컴퓨터편의점,,김연희,01045685127,경기도 용인시 처인구 백옥대로1149-0 (김량장동),88.001,37646196
10,LPF0063,3,32092,***,간부숙소 신축 다기능성페인트 제조 204,물품,LPF,제51보병사단,202407231030,D0D7C,에스에이치씨피주식회사,SHCP,한향순,0417522186,충청남도 금산군 추부면 한사래길 6(),95.681,28423000
17,LDC0017,1,33644,***,국제과학화전투경연대회 영상장비 등 임차,용역,LDC,육군과학화전투훈련단,202407231030,F8730,주식회사 한국디엘피,DLPKOREA,황영식,0234126633,경기도 하남시 초광로46번길128-0 (광암동),85.758,241271000
3108,LCH0051,1,33995,***,차단벽구조사격장 고무블럭 설치 납품(특-24-물-43),물품,LCH,특수전사령부,202407231030,I9E6E,다올,DAOL,이시우,07048374570,"충청북도 청주시 흥덕구 2순환로1222, 1동 17층 15호(강서동, 신해블루지움)",88.001,132328110
298,LBA0054,1,33706,***,'24년 경축특식(추석·국군의날) 빵류 6품목 구매,물품,LBA,제 2167부대,202407231030,K1321,주식회사 와이즈,,윤동일,0314769231,"경기도 안양시 동안구 벌말로66-0 (관양동), b동 1103호(평촌역하이필드)",83.001,171345420
379,HCQ0063,1,32569,***,대테러작전지원시설 신축 관급자재(GHP 실외기),물품,HCQ,공군제5공중기동비행단,202407231000,AAE86,(주)에이스테크,(주)ACETECH,임군택,07042702387,전라남도 광양시 중마중앙로215 (중동),83.002,215213559
652,HCQ0061,1,34205,***,(24-212) [259대대] 권총집 1종 72점,물품,HCQ,공군제5공중기동비행단,202407231000,MB284,이엔케이컴퍼니,,김미란,01082493533,"경기도 부천시 오정구 삼작로416번길8-1 (원종동, 대성아트빌)3동 302호",88.001,25761640
418,HCQ0062,1,34216,***,공정화물의장시설 신축 시설공사(GHP실외기),물품,HCQ,공군제5공중기동비행단,202407231000,A1D84,(주)대성엔팍스,DAESUNGENPAX,차인석,0539510200,대구광역시 북구 연암로42길41-1 (산격동),82.995,211131229
12,EBH0092,1,8647,***,24년 현궁 케이블 조립체류,물품,EBH,해상공중전력운영계약팀,202407221500,4517F,한성정공,,이승호,0512622258,부산광역시 사하구 다대로354번길 61(),88.155,160655000
24,EBH0090,1,0500,***,24년 소형 대공표적기(구매),물품,EBH,해상공중전력운영계약팀,202407221400,L2B89,주식회사 이에스티,,한설란,0328724798,"인천광역시 미추홀구 주염로58, 공장동 620호 (주안동, 주안시범공단)",88.038,117516490
1150,MDD0101,1,33255,***,2024년 2-3차 의무비품 구매,물품,MDD,국군수도병원,202407221100,L6C75,지렉트,,김기식,01020540122,경기도 의정부시 시민로122번길41-1 (의정부동) 201호,88.003,43317800
15,MCD0046,1,34046,***,건군76주년 국군의날 행사용 통신장비 임차,용역,MCD,국방부(운영지원과),202407221100,DD003,(주)아주알앤씨,ajurnc,변영구,02-395-6666,"서울특별시 금천구 가산디지털2로 14, 대륭테크노타운12차 815호(가산동)",88.777,80308150
23,LDA0034,1,33944,***,24-1차 JFOS-K 운용용품 구매,물품,LDA,지상작전사령부,202407221100,IC1B8,미진상사,,허미진,01033463977,"경기도 용인시 수지구 포은대로219, 306동 1202호(상현동, 서원마을3단지아이파크)",88.485,7585000
129,LRC0004,1,33886,***,'24년 얼음정수기(임차용역) 계약 의뢰(수정),용역,LRC,제7862부대,202407221100,K792D,엔제이이엔티,,정남정,01071441951,"경기도 김포시 김포한강2로229 (장기동, 한강호반베르디움)515동 1102호",88.008,25889000
307,LDA0036,1,33991,***,(D064) 24년 LH 간부숙소 비품 구매,물품,LDA,지상작전사령부,202407221100,E13ED,도원정보시스템 주식회사,DOWON INFORMATION SYSTEM,김종호,0313867907,경기도 안양시 동안구 흥안대로445(평촌동) 제6층 615호 안양평촌동지식산업센터,88.021,11017190
5,UMM0916,2,23249,***,(24F209-A) 간부 피복 택배 용역,용역,UMM,국군재정관리단,202407221100,2369F,씨제이대한통운 주식회사,CJ Logistics Corporation,신영수,027001085,"서울특별시 종로구 종로5길7, Tower 8",98.896,927443520
654,MDG0173,1,32517,***,24년 일반장비(차륜정비장비) 구매,물품,MDG,국군의무사령부,202407221100,K792D,엔제이이엔티,,정남정,01071441951,"경기도 김포시 김포한강2로229 (장기동, 한강호반베르디움)515동 1102호",87.998,27749400
3,SFN0057,1,33626,***,24-Y-고위험훈련장 정밀안전진단 용역,용역,SFN,연평부대,202407221030,C21F7,정원도시안전진단 주식회사,JCSAFE,문현주,0328890675,"인천광역시 연수구 인천타워대로323 에이동 2202호(송도동, 송도 센트로드)",88.321,8563260
817,SDF0111,1,34168,***,Abbott HBs Ag Device 등 33종 구매,물품,SDF,제5738부대,202407221030,JD7BB,에이치에스물산,,김종수,01093892298,강원특별자치도 속초시 만천7길23-6 (교동),88.002,10430100
7,SCP0083,1,34154,***,함정 의료용 냉장고 1대 납품 설치,물품,SCP,제8385부대,202407221030,L02A6,가포통상,,최영종,01089655107,강원특별자치도 동해시 동해대로5464-0 (평릉동),88.203,5664653
1996,SCQ0075,1,34109,***,볼펜 등 457종 구매,물품,SCQ,제9911부대,202407221030,LD6CB,원더랜드,,남경민,01028663270,"경기도 남양주시 다산지금로146번길117-0 (다산동, 다산 펜테리움 리버테라스Ⅱ)7503동2404호",88,53491788
4,HDR0007,1,34295,***,24-LPG-2 취사연료 구매(황0),물품,HDR,공군방공관제사령부,202407221030,H4642,속초가스충전소주식회사,siminenergy,임평모,0336355747,강원특별자치도 속초시 미시령로3239-0 (교동),88.533,23800549
2,SCH0109,1,34122,***,정수기 1대 임차 용역,용역,SCH,해군작전사령부,202407221030,BDE94,보림물산,bolimmulsan,정말식,0515018403,부산광역시 동래구 충렬사로25-0 (안락동),89.301,766800
5345,HDL0018,1,34118,***,24-06-191 냉장고 구매,물품,HDL,공군제16전투비행단,202407221030,HE4F5,엠케이서비스,mkservice,정민광,07088398230,"경기도 안양시 만안구 만안로91-0 (안양동, 안양 세양청마루 주상복합) B동 1210호",88,33028650
5527,LCJ0048,1,34069,***,(24육군-해파49)작기받침대 등 35품목 구매,물품,LCJ,종합보급창,202407221030,HED50,시온,SI ON,김시안,01066224171,"경상북도 포항시 북구 삼흥로100번길30-12 (두호동, 경동하이츠16차)",88,13453426
75,LCJ0045,1,33874,***,(24군책-물품013)전동지게차 구매,물품,LCJ,종합보급창,202407221030,G1761,삼성클라크지게차총판,SamsungClarkTotalSales,김병희,0226351478,"서울특별시 영등포구 버드나루로14길15-0 (영등포동7가, 세명빌딩) 501호",88.534,42130000
234,LBA0055,1,33707,***,'24년 경축특식(추석·국군의날) 훈제닭다리 구매,물품,LBA,제 2167부대,202407221030,M345D,해피브레드,,김애리,0319765450,경기도 고양시 일산동구 성현로268번길291 가동,88.009,20705474
32,SDF0110,1,34167,***,오피덱스 액 1L 등 63종,물품,SDF,제5738부대,202407221030,FB0AA,(주)  이수약품,lspharm,김정균,0220387766,"서울특별시 송파구 백제고분로19길27-18,  201호(잠실동, 더잠실)",88.068,25572200
23,SDF0109,1,34166,***,라우터 구매,물품,SDF,제5738부대,202407221030,K62E1,주희솔루션,,문제원,070-4772-1096,경기도 포천시 소흘읍 이동교리374-82 15동 205호 가03호,88.08,5274902
96,LKH0022,1,34164,***,'24년 진주훈련대 제초용역관리,용역,LKH,제6128부대,202407221030,M9B30,주식회사 자연그리고사람,,이재진,0558027133,경상남도 밀양시 부북면 화산1길42,88.003,5674990
195,MCT0041,1,34161,***,아파트 합성수지제문(ABS도어) 설치납품,물품,MCT,국군체육부대,202407221030,KE8AF,로얄코리아,,배미정,01020947120,서울특별시 은평구 연서로18가길16-0 (대조동) 403호,88.008,81257900
3986,MCT0040,1,34162,***,복싱부 훈련용품(글러브 등 4종)구매,물품,MCT,국군체육부대,202407221030,M434C,오션무역,,엄영달,0542444170,"경상북도 포항시 남구 중앙로131번길47, 402호(대도동)",88,12508716
5240,LCJ0047,1,34018,***,(24육군-해파47)고무트랙 등 63품목 구매,물품,LCJ,종합보급창,202407221030,JCFB0,재동상사,,김병환,0552423321,경상남도 창원시 마산합포구 산호동3길14 (산호동),88.002,82928550
288,LCJ0046,1,34015,***,(24육군-해파46)연료필터 등 86품목 구매,물품,LCJ,종합보급창,202407221030,H277F,에스더 기획,Esther,유효정,01032892741,경기도 수원시 팔달구 정조로791번길7-3 (팔달로2가) 2층 201호,88.014,27565020
448,LKS0047,1,34086,***,"문서존안장비(문서재단기, 제본기) 구매(리스물건)",물품,LKS,육군인사사령부,202407221030,G6FF0,네이쳐 에프에스,nature fs,김성수,01051071856,경기도 의정부시 경의로70 (의정부동),88.002,42315000
2293,SFG0078,1,34050,***,스탠드형 에어컨 구매 설치,물품,SFG,제9181부대,202407221030,L3A8A,이제이산업,,김은주,07040421380,경기도 광주시 오포읍 문현로49,88,18468381
93,SDL0028,1,34343,***,24-00대대 제초용역,용역,SDL,재경근무지원대대,202407221030,B3AA5,민성조경건설(주),,최종윤,0226377477,"서울특별시 구로구 경인로53길90, 1011호(구로동, 에스티엑스 더블유타워)",88.01,16025500
7,HCC0087,1,34175,***,단선 등 23품목,물품,HCC,해군제1수리창,202407221000,K6A6F,동원상사,,지정훈,010-9030-7646,강원특별자치도 동해시 동굴4길6 (천곡동)2층 201호(삼성타워),88.045,3481800
42,HCC0086,1,34172,***,"파이프 등 25품목(137,138)",물품,HCC,해군제1수리창,202407221000,F3C30,다모아상사,DAMOA,김금삼,033-522-4075,강원도 동해시 동해대로5041-0 (효가동),88.006,26447960
40,HCC0085,1,34127,***,"시일 등 16품목(128,129,130)",물품,HCC,해군제1수리창,202407221000,L6CE5,디이에이치,,한동은,01025960658,"강원특별자치도 동해시 동해대로5464, 203-32호 (평릉동)",88.066,15640020
40,HCC0084,1,34052,***,"합판 등 12품목(131,132,133)",물품,HCC,해군제1수리창,202407221000,MAF69,동해시스템,,이현미,01022890047,강원특별자치도 동해시 일출로10-0 (발한동) 312호,88.192,7035091
28,LKP0120,1,33754,***,24년 위험물취급자 안전장구류(제전복 등 5종) 구매,물품,LKP,5군수지원사령부,202407191130,L6AB3,연결고리,,선강열,07042762875,"대전광역시 유성구 어은로57-0, 130동 1403호 (어은동, 한빛아파트)",88.211,4033442
8,EBB0299,1,1210,***,2024 KM9제독차 세트 수리부속,물품,EBB,지상공통전력운영계약팀,202407191100,3715F,디씨에이치(주),"Daichang Marine Tech CO., LTD",김효성,0518326078,부산광역시 사상구 모덕로27번길 126(),84.458,370144000
16,EBHE026,1,3028,***,24년 천마 수리부속(링류_구매),물품,EBH,해상공중전력운영계약팀,202407191100,L182F,우진테크,,김우진,0553392541,경상남도 김해시 분성로557번길60-7 (어방동),88.01,24242424
8,LCH0053,1,34137,***,7여단 취사식당 신축 재해예방기술지도(23-신-6-건축),용역,LCH,특수전사령부,202407191100,E1D74,(유)현대건설안전연구소,HD,김병국,0632265512,전북특별자치도 전주시 완산구 마전로13 (효자동3가),88.115,11137000
149,LCH0052,1,34136,***,1여단 훈련장 신축공사 건축감리용역(23-신-12-7),용역,LCH,특수전사령부,202407191100,HF0BC,종합건축사사무소 무이건축,MUI Architects & Engineers,이창모,02-567-9633,"서울특별시 송파구 법원로127, 8층 813호(문정동, 문정대명벨리온)",88.091,13126900
7,LDA0033,1,33934,***,(D062) 24년 전군지원 상용SW 구매,물품,LDA,지상작전사령부,202407191100,BEC9A,아이엠소프트,IAMSOFT,박성일,0234739916,"서울특별시 강서구 등촌로197, 9층 901호(등촌동, 더 해담)",88.887,7524000
5,LGP0112,1,33770,***,24년 폐타이어 수송처리 용역,용역,LGP,제1군수지원사령부,202407191100,KE381,창진씨엔알주식회사,,김금순,01095930142,경상북도 문경시 산북면 달곡로87-26,88.268,81086697
4,MHP0013,2,32500,***,유전자 감정장비 검/교정 용역,용역,MHP,국방부유해발굴감식단,202407191100,J48D8,젠트리거,,김승준,0269256332,서울특별시 강서구 마곡중앙5로1길20 (마곡동) 520호,96.039,64384100
5,EBH0089,1,8012,***,24년 천마 수리부속(축전기등_구매),물품,EBH,해상공중전력운영계약팀,202407191100,DE4A2,에이테크솔루션(주),"A-TECHSOLUTION.CO.,LTD",유영목,0313508164,경기도 화성시 정남면 가장로 277(),85.199,977955500
2,EBB0298,1,5900,***,"전차, 차량 부품류(제조)",물품,EBB,지상공통전력운영계약팀,202407191100,MAAA6,주식회사덕인,,장남인,0553851151,경상남도 양산시 유산공단3길33-0 (교동),85.485,251200000
21,MDI0003,1,33451,***,무선 VPN장비 확보사업,물품,MDI,제7016부대,202407191030,03262,두복산전(주),"DOOBOK INDUSTRIAL SYSTEM CO.,LTD",이영두,023350181,"서울특별시 서대문구 독립문공원길13-0, 202호(현저동,독립문극동프라자)",88.211,19746900
26,SCN0118,2,33189,***,24-00관리대 0도 혼합폐기물 처리용역,용역,SCN,제7001부대,202407191030,H1AA2,케이디산업 주식회사,KDsanup,이근동,0559647890,경상남도 함양군 유림면 목현옥매로306-0,88.126,24464600
171,SDF0108,1,33928,***,칼라정부화일 등 1112종 구매,물품,SDF,제5738부대,202407191030,G13E9,영림문구사,younglimmungusa,이상윤,054-247-8226,경상북도 포항시 북구 중앙로212번길13-0 (죽도동),88,41923200
9,LKQ0015,2,32823,***,LAH훈련센터 자산 구매(24-6차),물품,LKQ,육군항공학교,202407191030,CEB6F,닉스,NIX,권은숙,0318579285,경기도 동두천시 동광로72 (생연동)3층,98.354,2820000
9,LKQ0016,1,33761,***,도서관 청소용역(1차),용역,LKQ,육군항공학교,202407191030,FFEE8,대한청정건설 주식회사,Daehanclean construction,강태근,0413577431,충청남도 당진시 송악읍 조비실길131-4,88.163,884200
162,SFD0062,1,33895,***,폼 크리너등 262품목 구매,물품,SFD,제9227부대,202407191030,K9955,지만상사,,지찬만,0542219506,"경상북도 포항시 남구 지곡로20 (효자동, 승리 아파트)5동1804호",88.001,17175900
189,SCF0746,1,33937,***,24-보-예초 용역,용역,SCF,해군군수사령부,202407191030,C4301,주식회사 가산조경건설,"Gasan Construction Co., Ltd",최상호,0519870409,"부산광역시 강서구 과학산단2로10번길8 , 5층 1호(지사동)",88.016,23166000
31,SCF0745,1,33936,***,24-보-물탱크 청소 용역,용역,SCF,해군군수사령부,202407191030,HA093,주식회사 지코,jangpung security,김재현,0556470123,"경상남도 창원시 마산합포구 진동면 삼진의거대로648, 201호",88.026,1691800
46,SCR0070,1,33863,***,허송세월 등 37종 518권 구매,물품,SCR,해군제3함대사령부,202407191030,M75B2,대유산업,,신진업,070-8870-0072,전라남도 영암군 삼호읍 녹색로1426-73,90.005,8764676
5,SEE0028,1,33779,***,단안형 야간투시경 제조 납품,물품,SEE,제9해병여단,202407191030,M4627,미래테크,,안찬호,0315287660,"경기도 남양주시 순화궁로249, 5층 N514호(별내동, 별내역 파라곤스퀘어)",89.35,41139320
41,LPS0007,1,33748,***,굴삭기 어태치먼트 설치납품,물품,LPS,제60보병사단,202407191030,L7B90,주식회사 윤슬,,김양숙,01091425560,경기도 구리시 안골로49-0 (교문동) 7층 710-8호,88.045,23213600
36,SFM0063,1,33730,***,바이메탈 홀커트 등 48품목 구매,물품,SFM,제3170부대,202407191030,M2792,흥환상사,,정상철,054-274-9990,"경상북도 포항시 남구 새천년대로460번길10-1, 2층 201호 201호(대잠동, 더원)",88.214,60934357
149,SFM0062,1,33728,***,도서(독립정신 등 55품목) 구매,물품,SFM,제3170부대,202407191030,J326A,다온,,신승민,01051884845,"경상북도 포항시 남구 해동로37, 2층 210호 다온(해도동)",90.003,7829450
23,LGQ0028,1,33909,***,24년 VoIP전화기 구매,물품,LGQ,제36보병사단,202407191030,CAAB4,강원상사,KWANG WON,김동국,0332422612,강원특별자치도 춘천시 남춘로17-0 (퇴계동),98.748,39876000
315,MCS0089,1,33831,***,24-29 얼음정수기 임차용역,용역,MCS,국방부계룡대근무지원단,202407191030,F747B,(주)에드모텍,"ADMOTECH Co., Ltd.",이창화,0429361353,"대전광역시 유성구 테크노1로37-10 (관평동, (주)에드모텍)",88.002,26805580
266,SCN0119,1,33762,***,복사용지 등 705종 구매,물품,SCN,제7001부대,202407191030,M3956,스페이스종합상사,,강형석,01093153039,경상남도 창원시 마산회원구 회원동31길16-1 (회원동),88.013,38300440
53,SCL0035,1,33813,***,SPC 벽파 부자재 등 7종 구매,물품,SCL,해군사관학교,202407191030,M5ABC,나우,,임재성,01055801707,"경상남도 창원시 마산회원구 팔용로215-0 (구암동, 중앙하이츠) 106동 1201호",88.017,26419756
188,UAB0047,2,33539,***,’24년 체력단련장 락카룸 비품(락카) 구매,물품,UAB,국군복지단,202407191000,J4B78,주식회사 선정퍼니처,,강나연,0425377172,대전광역시 동구 대별로5-0 (대별동),88.004,100830400
188,UAB0047,1,33539,***,’24년 체력단련장 락카룸 비품(락카) 구매,물품,UAB,국군복지단,202407191000,J4B78,주식회사 선정퍼니처,,강나연,0425377172,대전광역시 동구 대별로5-0 (대별동),88.004,100830400
23,EBB0295,1,9111,***,반자동식부교 부품(구매),물품,EBB,지상공통전력운영계약팀,202407181400,LDFE4,제이에이치텍,,강종현,0513238011,부산광역시 사상구 가야대로196번길63,88.072,124740200
5,LDH0621,1,33583,***,(자재) 사각철파이프 등 32종 구매,물품,LDH,육군종합정비창,202407181300,DFDAF,(주)종로인더스트리,"JONG RO INDUSTRY Co.,Ltd.",노종헌,0513271811,부산광역시 사상구 새벽로 130(),87.997,37155900
10,EKA0022,1,7460,***,"천막,차량정비용(2.5톤 정비샵)",물품,EKA,기동총괄계약팀,202407181200,0005F,삼부산업 주식회사,-,노석우,0317673744,경기도 광주시 옥토골길33-44 (태전동),88.971,202272800
3,HDN0027,1,33696,001,액화석유가스(LPG) 통합장기계속 계약,물품,HDN,공군제18전투비행단,202407181130,CADEB,대일에너지주식회사,daeilenergy,장혜경,0335329025,강원특별자치도 동해시 동해대로5271-0 (천곡동),87.816,219012990
109,LPK0014,1,33649,***,24년 더좋은 병영식당 주방기구 구매 1차,물품,LPK,제8기동사단,202407181130,CE308,고은상사,goeun,김진웅,0318641519,경기도 동두천시 평화로2349번길8-9 (생연동),88.412,25064090
1503,LCF0441,1,31891,***,"대테러 장비(사거리측정기, 레이저용) 구매",물품,LCF,육군군수사령부,202407181130,LD7B2,써플민,,예선민,01023004714,"대구광역시 수성구 달구벌대로2435, 109동 2603호(범어동, 두산위브더제니스)",82.995,248690581
3,EBB0297,1,1614,***,케이블/배선장치류(사전의향서),물품,EBB,지상공통전력운영계약팀,202407181100,MAAA6,주식회사덕인,,장남인,0553851151,경상남도 양산시 유산공단3길33-0 (교동),84.577,99450000
46,MON0005,1,33432,***,교육용 장비 임차용역,용역,MON,국방정신전력원,202407181100,L6A3B,주식회사 경현,,노현서,0432981777,충청북도 청주시 청원구 내수읍 내수로358,99.348,12833333
104,MDZ0002,1,31097,***,민간 외주 용역교육사업(미래상호운용성직무역량교육),용역,MDZ,합동상호운용성기술센터,202407181100,JBA8E,주식회사 보라,,신보라,0314952604,경기도 시흥시 군자로475-0 (거모동) 401호,88.593,30895580
5,LHG0044,1,33582,***,간부숙소 신축 관급자재(화강석경계석) 제조 납품,물품,LHG,제1862부대,202407181100,L9292,월드다이아몬드,,최태성,0417418320,충청남도 논산시 가야곡면 강청1길8-16,99.784,34057950
329,UMM0941,1,33684,***,(247049-H)사이버 침해대응시스템 구축(리스자산),물품,UMM,국군재정관리단,202407181100,H88D0,주식회사 유앤케이테크,unktech,김영애,027669971,경기도 남양주시 다산순환로20-0 (다산동) 현대프리미어캠퍼스 에이동 3층 347호,83.001,684136463
1670,LNF0035,1,33632,***,시설복구 CCTV 자재 구매,물품,LNF,제1보병사단,202407181100,K6F4E,주식회사 동양종합환경,,이충용,0319173133,경기도 고양시 일산서구 덕이로30-18 (덕이동) 104호,87.995,102096100
7,LHG0045,1,33619,***,간부숙소 신축 관급자재(타일) 제조,물품,LHG,제1862부대,202407181100,DCF6A,태영세라믹 주식회사,"TAEYOUNG CERAMIC CO.,LTD",이동기,025158931,충청남도 당진군 면천면 면천로 1092-5(),88.403,79532600
3,HCG0031,1,29311,***,24-성남시 고도제한 완화요구 공공갈등 관리방안 연구,용역,HCG,공군본부,202407181100,DDD7D,동국대학교 WISE캠퍼스 산학협력단,Dongguk University Gyeongju Industry Academy Cooperation Foundation,반상우,0547702856,경상북도 경주시 동대로 123(석장동),76.566,23000000
6,EBH0084,1,7008,***,24년 특수무기 케이블조립체류,물품,EBH,해상공중전력운영계약팀,202407181100,1003F,연합정밀(주),"YEONHAB PRECISION CO.,LTD",김은주,0415665992,충청남도 천안시 동남구 목천읍 학수소사길219-27,85.094,374300000
2,EBB0296,1,9107B,***,장갑차 부품류(사전의향서),물품,EBB,지상공통전력운영계약팀,202407181100,3715F,디씨에이치(주),"Daichang Marine Tech CO., LTD",김효성,0518326078,부산광역시 사상구 모덕로27번길 126(),84.241,179789000
3,HCM0055,2,32502,***,24-06-196 초경량 비행장치 무인멀티？터 셋트 1품목,물품,HCM,공군교육사령부,202407181030,H4D16,주식회사 자이언트드론,giantdrone,이용우,024968678,강원특별자치도 춘천시 서면 박사로882,88.12,46583576
434,LKD0060,1,33633,***,24-1차 안전물자세트 구매,물품,LKD,제32보병사단,202407181030,KCFA6,길테크,,유성길,01087430151,충청남도 천안시 서북구 입장면 성진로739-0,88.003,23937900
5134,LCZ0019,1,33624,***,24년 진공포장재료 구매,물품,LCZ,동원전력사령부,202407181030,K3520,공손,,엄정안,01090672170,서울특별시 강북구 오현로9길159 (미아동) 204호,88,27614056
16,SFD0061,1,33678,***,24-P-00훈련 이동식화장실 임차 용역,용역,SFD,제9227부대,202407181030,EC9A0,세영컴퍼니,SEYOUNG CHEMICAL,이재영,0542866400,경상북도 포항시 북구 신광면 토성길37번길2-3,88.113,34139000
197,HDQ0068,1,33690,***,"20비 24-198 비드 브레이커, 공기타이어용(재공고)",물품,HDQ,제20전투비행단,202407181030,G7593,평산상사,Pyeong San,신윤석,01051884845,대구광역시 동구 공항로136-0 (불로동),88,20256960
50,LHN0056,1,33536,***,OO시설 전력 개선 공사 자재 구매(CV전선 등 22종),물품,LHN,제7보병사단,202407181030,LDABC,(주)서화전설,,서지윤,0334825950,강원특별자치도 인제군 남면 신남로58번길22-0,88.013,48700000
3,LHG0046,1,33665,***,"'24-2차 부대구매 (의약품, 의료기재, 소모품)",물품,LHG,제1862부대,202407181030,C7045,서일약품(주),seoil,이경모,0332625795,강원특별자치도 춘천시 동내면 향군길 44(),92.154,53304300
256,SDF0107,1,33674,***,모니터 받침대 등 480종,물품,SDF,제5738부대,202407181030,LF438,서진컴퍼니,,도영란,01053148912,경상남도 창원시 의창구 중동로77 (중동)307동601호,88.002,16755948
4,LCK0028,1,33575,***,"[일반-24-119] 24-9차 특정지역 전투화 제조, 납품",물품,LCK,수도방위사령부,202407181030,K8847,탑에스씨,,이승은,07070079007,"서울특별시 영등포구 여의대방로43나길12, 1층 (신길동)",88.169,43770980
9,LCK0027,1,33573,***,[일반-24-117] 24-8차 특정지역 특정장구류 제조 납품,물품,LCK,수도방위사령부,202407181030,LFEED,주식회사 피노핀,,박희순,027567241,"서울특별시 노원구 덕릉로115길8, 2층(상계동, 성원빌딩)",88.059,64765287
58,SDF0106,1,33557,***,종이컵 등 128종 구매,물품,SDF,제5738부대,202407181030,MB286,통일종합상사,,조복현,01038082993,경상북도 포항시 남구 중앙로15(해도동),90.186,1276800
53,LNF0036,1,33650,***,24년 병영도서관 및 독서카페 도서 구매,물품,LNF,제1보병사단,202407181030,M7BBB,경기상사,,강형석,01093153039,"경기도 파주시 문산읍 방촌로1725, 2층 202-C143호(공유오피스)",90.039,44939230
334,LQG0057,1,33677,***,00부대 얼음정수기 임차 용역,용역,LQG,육군 52보병사단,202407181030,KD6DF,스마트엠,,변해규,01047273748,"강원특별자치도 원주시 현충로304, 205동 309호(태장동, 태봉우성2차아파트)",87.764,83236000
503,HCM0057,1,33567,***,24-06-219 레벨측정기 1품목 구매,물품,HCM,공군교육사령부,202407181030,MB2EA,연수컴퍼니,,김성휘,010-7532-6604,부산광역시 해운대구 세실로158-0 (좌동) 109동 1502호,91.846,31663140
197,LCF0440,1,32673,***,"펌프,연료용,전기식 등 2항목 구매(궤도-024)",물품,LCF,육군군수사령부,202407171730,DC87B,동부이앤피 주식회사,"Dongboo co., ltd.",이경숙,0315556765,경기도 구리시 이문안로158 동양빌딩 3층 2호,83.018,377552730
601,SCF0736,2,23197,***,"원심과급기, 엔진용, 비-항공기용 1종 구매",물품,SCF,해군군수사령부,202407171430,K447D,주식회사 포빌리언,,이두성,07046862728,"인천광역시 계양구 계산새로71, D동 1107호(계산동, 하이베라스)",82.999,721424500
20,EBB0294,1,9110,***,반자동식부교 부품(제조),물품,EBB,지상공통전력운영계약팀,202407171400,M81CD,도하테크,,이은선,051-303-5134,부산광역시 강서구 대저로3번길52-15 (대저1동),88.089,153505790
17,EBH0064,2,0730,***,24년 신궁 부품(구매),물품,EBH,해상공중전력운영계약팀,202407171300,C0636,주식회사 와이어블(Wiable Corp.),KRTnet Corporation,김문환,0220773145,"서울특별시 송파구 법원로11길28, 10층, 11층, 12층(문정동, 비케이타워)",84.493,1735280472
2,LDH0603,2,31791,***,"(일장) 다목적굴착기 냉각기,윤활유식,엔진용 구매",물품,LDH,육군종합정비창,202407171300,EB989,진광사,,최진욱,010-4410-2737,경상남도 김해시 진영읍 진영리1611-3 중흥s클래스 119-105,88.096,31078000
6,EBH0086,1,8011,***,24년 천마 수리부속(하우징류),물품,EBH,해상공중전력운영계약팀,202407171100,4498F,삼호정밀,SAMHO PRECISION,김일천,0519717226,부산광역시 강서구 평강로217-1 (대저1동),84.616,331500000
947,LPC0032,1,33470,***,CCTV 등 부속자재 제조 구매,물품,LPC,제25보병사단,202407171100,KDC8A,서우컴퍼니,,서경희,01031496283,"대전광역시 유성구 자운로157번길132, 912동 102호 (신봉동, 자운대아파트9단지)",88.057,67952700
357,UMM0923,1,33003,***,(247043-H)브리핑시스템 교체 사업(리스자산),물품,UMM,국군재정관리단,202407171100,E13ED,도원정보시스템 주식회사,DOWON INFORMATION SYSTEM,김종호,0313867907,경기도 안양시 동안구 흥안대로445(평촌동) 제6층 615호 안양평촌동지식산업센터,87.998,107594299
10,UMM0935,1,32088,***,24-N-00창 관급자재(고강도콘크리트파일) 제조,물품,UMM,국군재정관리단,202407171100,A4F62,(주)미라보콘크리트,miracon,김종남,0614534071,전라남도 무안군 청계면 청계공단길120,88.196,149443360
5962,UMM0917,1,31862,***,24-N-대형차량 리프트 구매(설치)(248195-F),물품,UMM,국군재정관리단,202407171100,JAAE2,리본,,차성희,01026365083,부산광역시 기장군 정관읍 방곡로29 (부산정관지구 이지 더원 5차 아파트),87.995,156040900
1618,UMM0940,1,29296,***,(247268-E) 호흡용 고압공기 압축기 구매,물품,UMM,국군재정관리단,202407171100,LF036,제이앤제이,,진형조,01043840911,"인천광역시 계양구 효서로324, 102동 1801호(작전동, 작전동풍림아이원아파트)",87.995,67615300
3281,UMM0929,1,27763,***,(247271-D) 디지털 인쇄장비 구매,물품,UMM,국군재정관리단,202407171100,M0875,플러스전자 주식회사,,추동호,0260803454,서울특별시 구로구 구로중앙로237-0 (구로동) 라이프종합공구상가 345호,87.995,143433790
41,UMM0932,1,24796,***,24-N-해군 사병동행사복 등 10종 제조,물품,UMM,국군재정관리단,202407171100,H58AB,주식회사 엔미디어솔루션,N-media solution,이근식,01042405887,"인천광역시 계양구 계산새로71, 비동 310호(계산동, 하이베라스)",88.015,105285769
1293,UMM0919,1,24756,***,24-N-음식물분쇄기 13대 구매,물품,UMM,국군재정관리단,202407171100,M7B13,신흥리테일,,최영철,01092038248,"충청남도 천안시 서북구 충무로124-24, 111동 801호(쌍용동, 현대홈타운아이파크)",87.997,49892590
438,UMM0927,1,10774,***,(24G110-A) 병영시설 민간 전문방제 위탁용역,용역,UMM,국군재정관리단,202407171100,H2067,주식회사 고주몽,kojumoung,강수지,0314035591,경기도 안산시 상록구 당골4길1-0 (사동) 1층,87.746,82483120
24,SFC0084,1,33487,***,24-해병-전기안전관리자 선임 및 관리 운영 대행 용역,용역,SFC,제9691부대,202407171100,B2E7F,백상코퍼레이션(주),"Baeksang Corporation Co.,Ltd.",김중권,0232707200,"서울특별시 마포구 마포대로 49(도화동, 성우빌딩)",89.287,53000000
3,LKP0119,1,33501,***,24년 군량곡 민간위탁배송(육훈소),용역,LKP,5군수지원사령부,202407171100,EA027,디에스케이글로넷 주식회사,DSK Glonet CoLtd,정주비,025112403,"경기도 화성시 효행로1068, 9층 910-1호 (병점동, 리더스프라자)",95.184,43323630
2,HDL0016,1,33390,***,국고지원시설 액화석유가스(LPG) 구매,물품,HDL,공군제16전투비행단,202407171100,G48E9,주식회사 가스원,"GAS ONE Co.,Ltd.",정명수,0547777812,경상북도 경주시 내외로390-21 (외동읍),83.788,553089940
947,LMH0045,1,33057,***,우수상용품(대형 구조물 에어텐트) 구매(C069),물품,LMH,제7군단,202407171030,L96B5,순조로운,,우순조,01065808595,"경상남도 양산시 동면 외송로30, 711동 2502호(사송더샵데시앙 2차 7단지)",87.997,106605670
31,SFH0093,1,33546,***,24-B-타이레놀 등 78품목 구매 납품,물품,SFH,제9196부대,202407171030,I9AE3,네오썬팜,NEO SUN PHARM,신상희,0319286866,"경기도 의정부시 효자로10, 송산프라자 1동 204호 (민락동)",88.098,23432230
1967,LQS0009,1,33453,***,24년 더 좋은 병영식당 취사기구 5차 구매,물품,LQS,제3739부대,202407171030,L87FA,대한시스텍,,이주선,01047222647,"경기도 용인시 기흥구 연원로49, 108동 1602호(보정동, 연원마을성원아파트)",88.001,47350297
57,SCL0034,1,33408,***,도서관 청소용역,용역,SCL,해군사관학교,202407171030,HA837,디케이환경,DK CLEAN SERVICE,정순정,070-7395-3648,"경상남도 창원시 의창구 의안로49번길26, 씨동 2층 201호(북동, 북동시장)",88.061,7088580
148,SDF0104,1,33551,***,디젤엔진오일 20L 등 2종,물품,SDF,제5738부대,202407171030,J38DB,태양개발,,전동술,0542768503,"경상북도 포항시 북구 두호로37번길5-1 ,6층(두호동,가람센트럴타운)",88.015,11478880
1963,LPN0009,1,33522,***,24년 안전물자세트구매(1년/3년),물품,LPN,수도군단,202407171030,M8718,에스오케이,,서상봉,01084134885,"경기도 파주시 한마음1길25-0 (금촌동, 파주금촌주공아파트1단지)",88,19451812
19,SCI0083,1,33534,***,청정소화기 등 3종 구매,물품,SCI,제9121부대,202407171030,HD8F4,스타CNS,starcns,정정훈,07048374570,경상남도 창원시 의창구 북면 천주로1380-58,88.143,2922490
287,SCM0002,1,33409,***,앵글노트북 쿨링스탠드 등 378종 구매,물품,SCM,해군대학,202407171030,M9DB4,해와숲,,서은영,07076129238,"대전광역시 유성구 지족로92, 115동 202호(지족동, 영무예다음 에코타운)",88.004,16941463
601,SCF0736,1,23197,***,"원심과급기, 엔진용, 비-항공기용 1종 구매",물품,SCF,해군군수사령부,202407171030,K447D,주식회사 포빌리언,,이두성,07046862728,"인천광역시 계양구 계산새로71, D동 1107호(계산동, 하이베라스)",82.999,721424500
269,SCF0735,1,33402,***,대형차량스캐너 2EA 구매,물품,SCF,해군군수사령부,202407171030,E8E46,동진상사,dong jin sang sa,윤영현,07070792933,"경기도 평택시 평택5로34번길48, 402호(합정동)",97.648,9214000
2,SCF0737,1,33294,***,측면펜더 등 4종 제조,물품,SCF,해군군수사령부,202407171030,BE6FE,주식회사 동일알엔씨,"DONG IL R&C Co., Ltd.",박도우,0553849391,경상남도 양산시 어곡공단3길 38(어곡동),88.05,148374290
4,SCF0743,1,32483,***,DDH-II 에어컨 동력 케이블 및 차단기 교체 정비,물품,SCF,해군군수사령부,202407171030,G3651,주식회사 엠바이지,MbyG,강석원,0514150970,부산광역시 영도구 남항서로42-0 (남항동3가),87.193,251700000
183,SCF0740,1,32453,***,(긴급)구리니켈 파이프 등 30종,물품,SCF,해군군수사령부,202407171030,M7015,에이스상사,,김일천,010-4387-7885,"부산광역시 사하구 다대로339, 1914호(장림동, 극동정림아파트)",98.042,12034000
494,SCF0738,1,32328,***,"필터 엘리먼트, 유체용 등 2종 구매",물품,SCF,해군군수사령부,202407171030,BA226,주식회사 서한산업,SUHHAN INDUSTRIES,강윤식,0512627971,부산광역시 사하구 다산로176번길 35(),88.541,23000000
26,SCF0699,2,20367,***,"잠수함(SS-I, II, III) 조종훈련장비 유지보수 용역",용역,SCF,해군군수사령부,202407171030,C4BAB,한양무선통신,HanYang radio communication,최영복,0552551400,경상남도 창원시 의창구 팔용로 399(),86.96,253149000
36,HCC0083,1,33541,***,경보등 등 20품목(120/121/122/123/124/125),물품,HCC,해군제1수리창,202407171000,L6CE5,디이에이치,,한동은,01025960658,"강원특별자치도 동해시 동해대로5464, 203-32호 (평릉동)",88.102,20635560
6,EBHE023,1,7009,***,24년 유도무기 케이블 조립체류,물품,EBH,해상공중전력운영계약팀,202407171000,D762D,(주)범한네트웍스,BumHan Networks,김성혜,0515232212,부산광역시 기장군 기장읍 배산로56번길26-19,88.424,96403500
2,MHD0066,1,32405,***,2024년 절충교역 물품자산 재물조사 용역,용역,MHD,방위사업청(운영지원과),202407161500,DFECC,주식회사 씨유라인,CULINE,최운학,025810372,"경기도 성남시 중원구 산성대로58번길13, 1층(성남동)",,30899000
44,LDH0611,1,33033,***,통신 축전기(37A268443) 구매,물품,LDH,육군종합정비창,202407161300,10262,일광정보통신,il,정재성,0537823211,"경상북도 영천시 칠백로885-25(작산동, 2층)",88.105,10687019
61,SCF0723,1,32553,***,(긴급)소프트웨어 구매(SOLIDWORKS Professional),물품,SCF,해군군수사령부,202407161300,J12FA,지후,,하창헌,01053928684,"경기도 고양시 덕양구 청초로65 (덕은동, DMC 한강 에일린의뜰) 210호",88.498,15742100
525,SCF0724,1,32523,***,"(긴급)바퀴,캐스터용,후륜 등 13종",물품,SCF,해군군수사령부,202407161300,G65BA,현민유통,HYUN-MIN DIS.,김지은,01026498593,"경상북도 경산시 삼성현로91길10, 2001동 602호(사동, 팰리스부영2단지)",87.996,12265830
4,LDH0612,1,33039,***,통신 캐패시터(012768069) 구매,물품,LDH,육군종합정비창,202407161300,I5028,모아컴,MORECOM,이상주,031-8039-6060,서울특별시 송파구 양산로12 (거여동) 세신거여훼미리타운 303호,99.672,37950000
8,LCF0358,3,25276,***,"다이얼,눈금식 등 38항목 제조(총포)",물품,LCF,육군군수사령부,202407161130,M8F94,진해공업,,김재원,0553436724,경상남도 김해시 한림면 김해대로1099번안길42-18,88.343,75093000
15,EBB0293,1,5051,***,고압호스(전차),물품,EBB,지상공통전력운영계약팀,202407161100,J2D26,태양산업,,윤창권,0553877878,경상남도 양산시 학동길58(어곡동),88.094,174635430
26,LFK0047,1,33256,***,24년 6000파운드 디젤식 지게차 구매,물품,LFK,육군종합군수학교,202407161100,MB2D4,새롬상사,,최준호,01064249366,경상남도 김해시 수가로242-9(응달동),88.145,40216270
142,SFJ0014,1,33300,***,모니터 받침대 등 40종 구매,물품,SFJ,제2112부대,202407161100,I3337,선도종합관리 주식회사,sundo.t.m,이용수,0544411210,경상북도 구미시 고아읍 봉한4길17-0 (봉한리 금류상가 지하),88.006,6839262
6,SFJ0013,1,33296,***,오일 수분 분석기 구매,물품,SFJ,제2112부대,202407161100,I27DB,굿볼트,CICHIRUS,안재홍,07047970581,"경상북도 포항시 남구 중앙로154, 1607-41호(해도동, 학산타워빌딩)",88.247,10490980
1776,UMM0921,1,32971,***,(246298-C) 생도 교과서 구매,물품,UMM,국군재정관리단,202407161100,ID771,대은기업,,심은희,01055187756,부산광역시 동래구 금강로131번길42 (온천동)  래미안포레스티지 206동 1605호,90,154057550
3268,UMM0912,1,32645,***,24-F-전화기용 케이블 10종 구매,물품,UMM,국군재정관리단,202407161100,I36AD,주식회사 태원전력,"Taewon Electri Power Co.,Ltd",홍경혜,0332413359,"강원특별자치도 춘천시 동면 구룡당길19, 2층",87.995,151225050
232,UMM0931,1,32396,***,(24F104-I) 얼음정수기 임차 용역,용역,UMM,국군재정관리단,202407161100,LA147,워터즈,,김범석,0216447534,경기도 용인시 수지구 동천로285 (동천동),87.759,167030970
6,UMM0866,2,29165,***,(24F101-A)식기세척기 임차용역,용역,UMM,국군재정관리단,202407161100,JEEC6,에스지원,,김성진,02-6205-2020,"경기도 하남시 미사강변한강로135, 나동 0622호(망월동, 미사강변스카이폴리스)",88.484,149660500
1268,UMM0909,1,28254,***,"24-F-공구키트, 사제폭발물 처리용 구매",물품,UMM,국군재정관리단,202407161100,B9497,(유)목양,mokyang,이상근,0417426111,충청남도 논산시 연무읍 연무로 320(),87.995,69889945
539,UMM0907,1,27769,***,24-F-작동기 구매,물품,UMM,국군재정관리단,202407161100,KA4D9,에이티 솔루션 (AT Solution),AT Solution,김병겸,01077540266,대구광역시 동구 동촌로16길8 (검사동) 2층 202호,95.373,52863000
82,UMM0900,1,26693,***,24-D-계룡대 출입통제체계 교체(리스자산),물품,UMM,국군재정관리단,202407161100,C9DAB,지에스네트웍스(주),GSNETWORKS CORP.LTD,임동배,0315271580,"경기도 구리시 갈매중앙로190 (갈매동) , 디동8070, 8071호",88.085,652306250
102,UMM0923,1,25320,***,(246252-E) 교실 장비도입(빔프로젝터 등 구매설치),물품,UMM,국군재정관리단,202407161100,E9769,주식회사 벡트,"VECT CO., LTD.",유창수,025553080,서울특별시 강남구 역삼로 229(역삼동),83.012,1526698595
122,UMM0913,1,21295,***,24-N-함정 복원력 모니터 시스템 구축,용역,UMM,국군재정관리단,202407161100,L9FB7,로즈사운드랩,,최성환,023769990,"경기도 고양시 일산서구 대화1로12-6 (대화동, 해냄스토리) 2동 401호",88.404,81660970
154,UMM0925,1,05084,***,"24-F-방송장비세트(혼합 스테이지, 주파수용) 제조",물품,UMM,국군재정관리단,202407161100,D631C,한일통신 주식회사,Hanil Telecom,강태진,0426713900,대전광역시 유성구 국제과학9로81 (둔곡동),88.007,660092700
18,MDG0171,1,33254,***,구리병원 전열교환기 필터 제조 설치 납품,물품,MDG,국군의무사령부,202407161100,CE303,예일크린테크 (주),"YEIL CLEANTECH CO.,LTD",박환수,0319498520,경기도 파주시 탄현면 소리개길164-15,88.069,4447840
19,MDG0169,1,33117,***,서울지구병원 UPS 노후설비 부품 교체 설치 납품,물품,MDG,국군의무사령부,202407161100,IBEB6,주식회사문장전력,,이주선,029999261,"서울특별시 강북구 도봉로23나길31, 1층 3호(미아동)",88.034,23373380
4,MDG0168,1,33073,***,서울지구병원 수배전 설비 제조 설치 납품,물품,MDG,국군의무사령부,202407161100,A7640,탑인더스트리(주),"TOP INDUSTRIES.CO.,LTD",최정현,0262437800,경기도 김포시 통진읍 도이곶로54-1,88.042,33791800
55,MDG0165,1,32948,***,고양병원 공조기 필터 교체 설치납품,물품,MDG,국군의무사령부,202407161100,K02EC,(주)에어드림,,김명진,0315113749,경기도 남양주시 화도읍 가곡로88번길29-0,87.995,18930810
7,MCD0027,2,20935,***,군 복무가치 제고 방안 연구,용역,MCD,국방부(운영지원과),202407161100,D06F0,(사단) 한국정치학회,Korean Political Science Association,김범수,0234529555,서울특별시 마포구 동교로183-11 (동교동) 한국정치학회빌딩 4층 한국정치학회,,49500000
160,LGP0110,1,32372,***,"24년 화력장비 정비장비(검사세트,포신용,로봇형)구매",물품,LGP,제1군수지원사령부,202407161100,I0B30,지티시스템,GT SYSTEM,정대석,031-546-6712,경기도 수원시 영통구 광교로109-0 (이의동) 한국나노기술원 2층 창업지원센터,88.399,27591000
2,HDP0030,1,32595,***,가스연료(LPG) 구매,물품,HDP,공군제19전투비행단,202407161100,GAA78,주식회사거성에너지,kesung,박정봉,01055548097,충청북도 충주시 서흥1길22-0 (목행동),90.47,107730000
4,ELA0024,1,2630,***,"충전기,전지용",물품,ELA,화력총괄계약팀,202407161100,D4CB0,주식회사 신보,SHINBO,유재정,0314682448,경기도 안양시 만안구 덕천로48번길29-0 (안양동),90.254,483850000
4,HCF0173,1,33241,***,"조달-기관-1, 냉각수 장비 제조",물품,HCF,공군군수사령부,202407161030,F56D3,주식회사 성운이엔지,"SungWoon Eng Co., Ltd.",김기형,0429359988,"대전광역시 유성구 테크노2로319, A동(탑립동)",88.001,52314180
67,SCI0082,1,32870,***,메카니칼 씰 4점 구매,물품,SCI,제9121부대,202407161030,I6A81,카이테크,kaitech,윤한세,055-273-9770,경상남도 창원시 마산회원구 봉암공단12길41-0 (봉암동),88.031,4146040
69,SCI0081,1,32871,***,"베어링, 볼형, 환상형 등 2종 구매",물품,SCI,제9121부대,202407161030,I3C3D,행복유통,happy yutong,정영자,07073607751,경상남도 창원시 마산회원구 합포로274-0 (양덕동),88.034,8075140
242,LAZ0011,1,33361,***,24-연병장 계단식 콘크리트 개수 등 4건(비상주 감리),용역,LAZ,드론작전사령부,202407161030,IEE8E,부국건축사사무소,,구민서,07076176928,"충청남도 당진시 밤절로132-57,306호 (수청동,오션오피스텔)",88,9597700
5485,LMB0013,1,33303,***,전투용 피복장구류 소독기 구매,물품,LMB,제8278부대,202407161030,LEA35,신화유통,,최유영,0623853252,"광주광역시 북구 북문대로201번길30, 105동 601호(동림동, 우미아파트)",88,86701270
182,MDK0053,1,33309,***,동서울 TMO 비품,물품,MDK,국군수송사령부,202407161030,GB6EE,해원산업,Haewon Industry,김민지,07042227749,"서울특별시 도봉구 마들로11길65, 5층 503-13호(창동)",88.001,11690000
1817,LQH0036,1,33282,***,24년 3분기 전산운영용품 구매,물품,LQH,제3697부대,202407161030,L0E5F,티이에이치,,한동은,01025960658,"경기도 평택시 안중읍 안현로서6길10, 4층 402-에이치12호(대원빌딩)",88,19088800
9,SFG0076,1,33317,***,비치타올 및 온도지수측정기 구매,물품,SFG,제9181부대,202407161030,L90A9,영화산업,,전병욱,01030117001,"경기도 김포시 유현로19-0 (풍무동, 유현마을신동아아파트)",88.015,9227500
66,LNH0013,1,33344,***,'24년 00부대 제조용역,용역,LNH,육군제7163부대,202407161030,C211C,동서조경산업,,조규빈,0319528533,경기도 파주시 파주읍 통일로1404-0,88.022,33998304
67,SCK0087,1,33316,***,디지털 온습도계 등 54종 구매,물품,SCK,해군교육사령부,202407161030,LD02C,주식회사 이현코리아,,이순화,07042422949,경상남도 창원시 마산합포구 해안대로11 (해운동) 401-10호,88.009,3393600
5,LMB0014,1,33394,***,7882부대 식기세척기 임차,용역,LMB,제8278부대,202407161030,I279A,주식회사 엠에스케이원(MSK1 Inc.),MSK1 inc.,김미숙,070-8717-0155,"경기도 성남시 수정구 위례대로83, 에이동 지상1층 17번매장(창곡동)",88.095,58459900
83,LGT0068,1,33150,***,'24-1차 취사장 관리 용역(24-GS-35),용역,LGT,제2307부대,202407161030,K324E,주식회사예스워크,,이재승,0337638219,강원특별자치도 원주시 관후길46 (단구동) 2층2호,88.009,33400000
10,LNF0033,1,33378,***,선유 전진타운 도배 및 장판(강마루) 설치 납품,물품,LNF,제1보병사단,202407161030,HA065,청한기업,Cheonghan construction co,유선희,0319523040,"경기도 파주시 소리천로25, 914호(야당동, 유은타워7차)",88.146,96418000
161,LCJ0043,1,33320,***,(24육군-해파40)한빛부대 24-2차 급식류 구매,물품,LCJ,종합보급창,202407161030,HBAB9,더존식품,THE ZONE FOOD,이창훈,0319484004,경기도 파주시 조리읍 파주로1393,88,48076860
3,HFK0029,1,33277,001,’24~’27년 군산지역 액화석유가스(LPG) 통합 구매,물품,HFK,제1방공유도탄여단,202407161030,K50C7,참조은ENG,,채수용,0638539100,전북특별자치도 익산시 무왕로779-34 (현영동),97.067,15719200
27,SFC0081,1,32641,***,24-해병-이동식 취약점 분석평가 도구(상용SW) 구매,물품,SFC,제9691부대,202407161030,I44EA,주식회사 우진지앤에스,WOOJINGNS,김화경,0269532443,"서울특별시 송파구 법원로11길7, 제11층 제1120호(문정동,문정현대지식산업센터)",99.236,39990000
1983,SFC0082,1,33383,***,변환 어댑터 플러그 등 277품목 구매,물품,SFC,제9691부대,202407161030,L4E68,주식회사 새집다오,,임용대,05058453638,인천광역시 연수구 앵고개로250-0 (동춘동) 7층 707호,87.998,46267720
27,SFC0081,2,32641,***,24-해병-이동식 취약점 분석평가 도구(상용SW) 구매,물품,SFC,제9691부대,202407161030,I44EA,주식회사 우진지앤에스,WOOJINGNS,김화경,0269532443,"서울특별시 송파구 법원로11길7, 제11층 제1120호(문정동,문정현대지식산업센터)",99.236,39990000
4,SFC0077,1,30264,***,24-해병-SNS 영상 콘텐츠 제작 대행,용역,SFC,제9691부대,202407161030,KCBDC,주식회사 푸른잎커뮤니케이션,,변준석,01033911452,"서울특별시 마포구 성암로330, 404-1호(상암동, XR코워킹오피스)",79.76,32061700
432,SCF0721,1,32317,***,베어링 덮개 등 5종 구매,물품,SCF,해군군수사령부,202407161030,J77DF,이동유통,,최민지,01085486442,"경상남도 창원시 의창구 남산로20 (팔용동, 벽산블루밍아파트C단지) 302-105",87.995,18454010
1203,SCF0729,1,28871,***,파이프나선기 10EA 구매,물품,SCF,해군군수사령부,202407161030,KB125,위즈원텍,,김태성,01022687601,"대전광역시 서구 월평로24, 3층 302호 (월평동)",87.996,20075730
292,SCF0728,1,28129,***,실리콘 테이프(회색) 등 89종 구매,물품,SCF,해군군수사령부,202407161030,F5D46,예천,yecheon,추승보,05020405200,"대구광역시 동구 팔공로101길55, 207동 6층 610호(지묘동, 팔공2차보성아파트)",88.036,8216520
19,SCF0653,2,25999,***,'24년 LynxFTD(모의비행장치) 유지보수 용역,용역,SCF,해군군수사령부,202407161030,I697A,MRO Tech(엠알오텍),MRO Tech,안기수,01036814180,"대구광역시 북구 영송로15, 2층 6210호 (태전동, 대구보건대학교 복지관)",88.235,111224000
3,SCF0727,1,22965,***,LSF-I 무레나 부양팬 플랩 외주정비,물품,SCF,해군군수사령부,202407161030,EDE40,주식회사 태양테크,"TAE YANG TECH. CO.,LTD",최형규,0552518123,경상남도 창원시 마산회원구 봉암공단11길 51(),87.498,36960000
6,SCF0628,2,22743,***,000함 함수추진기 외주정비,물품,SCF,해군군수사령부,202407161030,EDE40,주식회사 태양테크,"TAE YANG TECH. CO.,LTD",최형규,0552518123,경상남도 창원시 마산회원구 봉암공단11길 51(),87.67,195360000
97,MDS0011,1,31935,***,707체계 수리부속 구매(레이돔 보수킷트),물품,MDS,제3707부대,202407161030,K50BB,주식회사 칼라투,,김동국,07070792933,"경기도 고양시 덕양구 중앙로558번길16-16, 308-A호(행신동, 능곡종합프라자)",90.631,30593000
21,LPN0008,2,32559,***,예비군 야전배낭 구매(육성-1),물품,LPN,수도군단,202407161030,FCD50,주식회사 엔에이치,"NH CO., LTD.",이남택,07042862207,경기도 남양주시 진접읍 내각1로73번길38-1,88.077,32835929
2,MHD0051,3,19029,***,특수작전용대형기동헬기 기종결정 평가방안 연구,용역,MHD,방위사업청(운영지원과),202407151500,C7CD2,사단법인 안보경영연구원,SMI,김주형,025445937,"서울특별시 강남구 언주로527, 10층 (역삼동)",,33000000
3,MHD0060,2,23289,***,2024년 방산물자 현황분석 연구용역,용역,MHD,방위사업청(운영지원과),202407151500,D853C,국방기술품질원,DTAQ,신상범,0557515542,경상남도 진주시 동진로420 (충무공동),,95907000
3,LCM0046,2,30307,***,'24년 드론봇챌린지 대회 행사 용역,용역,LCM,육군교육사령부,202407151330,G7F74,에이스기획,ACEPLAN,최경희,0432233399,충청북도 청주시 서원구 청남로2097번길22-0 (수곡동),,48635400
3,HDK0021,1,32763,***,24년 대구기지 특수건강진단 민간위탁 검진 용역,용역,HDK,공군제11전투비행단,202407151100,E27A8,(사) 대한산업보건협회 대구지역본부,Korea Industrial Health Association,백헌기,0535924901,대구광역시 달서구 성서공단로15길 40(19-15),87.91,124190000
125,LNT0022,1,33163,***,'24년 시특법 대상 시설물 정밀안전점검 용역,용역,LNT,제28보병사단,202407151100,K6EC2,주식회사 한진이앤씨,,이종민,0319117283,"경기도 고양시 일산동구 무궁화로43-55, 3층 306호(장항동,성우사카르타워)",88.005,28326630
211,UMM0897,1,26188,***,24-D-69톤 트랙터 구매,물품,UMM,국군재정관리단,202407151100,C980F,씨지에스아이티(주),CGSIT,최규식,0226328730,"서울특별시 금천구 가산디지털1로1-0 (가산동, 더루벤스밸리) 1208호",98.794,181900000
3,LNG0056,1,32979,***,24년 식기세척기 임차 용역,용역,LNG,육군 제1군단,202407151100,JEEC6,에스지원,,김성진,02-6205-2020,"경기도 하남시 미사강변한강로135, 나동 0622호(망월동, 미사강변스카이폴리스)",88.531,139090900
217,LCJ0042,1,32831,***,(24육군-해파37)한빛부대 지원용 컨테이너 2차 구매,물품,LCJ,종합보급창,202407151100,M6EFC,주식회사인성하우징,,김철민,01075068375,경기도 화성시 팔탄면 율암길34번길34-2,85.338,97535556
2,HCL0050,2,31247,***,24-공군사관학교 4학년 생도 해외항법훈련 용역,용역,HCL,공군사관학교,202407151030,G07E7,주식회사 글로벌에이케이,"Global A.K. Co., LTD",김찬영,0234445507,"서울특별시 강서구 하늘길38 (방화동, 김포국제공항), 2층 계류장측 281호",0,457769570
264,SCK0086,1,33174,***,원형세면기 등 112종 구매,물품,SCK,해군교육사령부,202407151030,JB275,케어트리,,박수산,01041441030,경상남도 창원시 마산회원구 3·15대로732-0 (합성동) 4층 4025호,88.005,49388777
42,SCK0085,1,33156,***,합지노트 인덱스 등 63종 구매,물품,SCK,해군교육사령부,202407151030,MBAD9,에스제이컴퍼니,,서주영,01088202934,경상남도 창원시 마산회원구 회성북14길31-0 (두척동),88.004,1854653
2,SCH0108,1,33240,***,온도계 일사병 지수측정기 1종 17점 구매,물품,SCH,해군작전사령부,202407151030,JCE2E,세명종합공구,,이정자,0555520631,경상남도 창원시 진해구 용원동로294 (용원동),88.174,1248600
3,HCS0010,1,33231,***,'24년 특수건강진단 민간위탁검진,용역,HCS,제3훈련비행단,202407151030,BEB4B,진주고려병원,JINJUKOREA HOSPITAL,문병욱,0557512411,경상남도 진주시 동진로 2(),88.349,30500000
63,MCS0087,1,33197,***,24-취사장 청소용역,용역,MCS,국방부계룡대근무지원단,202407151030,G259B,삼산,SAM SAN,원재필,041-592-6161,충청남도 천안시 동남구 천안대로553 1층 3호,90.029,22027470
33,LFC0050,1,33149,***,24년 19차 의약품(에나폰정 등 27품목) 구매,물품,LFC,육군훈련소,202407151030,G3D14,주식회사 내일약품,"Naeil Pharm co.,ltd.",안진호,0314260011,"경기도 안양시 동안구 흥안대로125, 4층, 지하1층(호계동, 동안빌딩)",88.008,10563100
26,LGQ0027,1,33034,***,24년 급조폭발물 처리공구 구매,물품,LGQ,제36보병사단,202407151030,K63E6,제이테크,,이은경,07047890055,강원특별자치도 동해시 동해대로5464-0 (평릉동) 2층 203-50호,88.037,17452206
31,SDQ0075,1,33214,***,전환식 세라믹 일자형 인두기 등 157종 구매,물품,SDQ,해군제2수리창,202407151030,L0E5E,씨에스 경기,,강영실,01052181431,"경기도 평택시 안중읍 안현로서6길10, 402호 에이치13호(대원빌딩)",88.1,11935600
123,SFM0061,1,33071,***,공기흡입관 등 3품목 구매,물품,SFM,제3170부대,202407151030,HED50,시온,SI ON,김시안,01066224171,"경상북도 포항시 북구 삼흥로100번길30-12 (두호동, 경동하이츠16차)",88.034,82462580
2,MCD0039,1,30644,***,전군 통합된 자살예방교육 교재 개발,용역,MCD,국방부(운영지원과),202407121700,K6AE2,주식회사 디에잇컴퍼니,,김희진,01063064767,"경기도 부천시 지봉로43, BI303-304호(역곡동, 카톨릭대학교 창업보육센터)",,70000000
3,MGO0003,2,32250,***,후방지역 위성통신체계 전투효율성 개선,물품,MGO,국방기술품질원,202407121500,2652F,주식회사 머큐리,MERCURY CORPORATION,김종협,0325803208,인천광역시 서구 가재울로 90(가좌동),76.383,4433000000
3,MGO0003,1,32250,***,후방지역 위성통신체계 전투효율성 개선,물품,MGO,국방기술품질원,202407121500,2652F,주식회사 머큐리,MERCURY CORPORATION,김종협,0325803208,인천광역시 서구 가재울로 90(가좌동),76.383,4433000000
559,MDJ0043,1,32681,***,의무장비(태아감시장치) 구매계약,물품,MDJ,국군대전병원,202407121330,M9F23,에스에이엠 컴퍼니,,김재호,031-309-7789,경기도 수원시 장안구 영화로85번길30-2 (정자동),88,7546345
2,EKA0021,1,5500,***,10톤 상용구난차,물품,EKA,기동총괄계약팀,202407121100,C195F,주식회사 평강비아이엠(B. I. M),"Pyungkang bio. it. mechatronics co.,ltd",최길호,0638587577,전북특별자치도 익산시 삼기면 삼기농공단지길44-0,89.097,7663076652
498,LDA0031,1,33009,***,(D057) 정비취사피복 제조 구매,물품,LDA,지상작전사령부,202407121100,HFABB,주식회사 솔북,SOLBOOK,서영은,07046591519,"경기도 김포시 김포한강11로312, 216호 (운양동, 리앤포레2차)",88.001,8964649
47,MDG0164,1,32944,***,포천병원 공조기 필터 교체 설치납품,물품,MDG,국군의무사령부,202407121100,L7E68,(주)창우필터,,이판영,0326778838,경기도 부천시 부천로477번길23 (오정동),88.012,17589000
127,LDA0030,1,32911,***,(D058) 방탄탑(소형굴삭기) 제조 설치 납품,물품,LDA,지상작전사령부,202407121100,LBDC4,(MY)오다,,문영욱,01040897977,"경기도 김포시 중봉로1-1, 310동 1004호(감정동, 중봉마을 신안실크밸리)",88.003,16820377
72,UAZ0017,1,32608,***,[1처] 24년 전쟁종합실습 장비 임차,용역,UAZ,합동군사대학교,202407121100,M3A8A,주식회사 에스피앰,,김정민,0221358425,"서울특별시 강서구 남부순환로11가길1, 1층(공항동)",88.067,42733000
31,LDA0032,1,33052,***,(D056) 24년 지뢰제거작전 물품 구매,물품,LDA,지상작전사령부,202407121100,M711C,나누야,,양우석,01036785302,"경기도 고양시 덕양구 토당로93, 102동 1610호 (토당동, 한라비발디리버아파트)",88.04,2277980
666,MDN0012,1,32998,***,대테러 작전화 구매,물품,MDN,국군화생방방호사령부,202407121100,M1AC2,목화테크,,안도화,01090013825,"강원특별자치도 춘천시 서부대성로33, 104동 1202호(소양로2가, e편한세상 춘천)",88,11037570
1410,UMM0896,1,25885,***,24-N-카본제거기 구매,물품,UMM,국군재정관리단,202407121100,F77D8,다모아테크,다모아테크,백나현,0532576769,"대구광역시 동구 팔공로28길11,  102호(불로동)",87.995,148264870
288,LCF0412,2,14602,***,튜브 등 15항목 구매(일장-014),물품,LCF,육군군수사령부,202407121030,M4122,동영사,,안광선,010-2635-8497,"부산광역시 금정구 금사로35, 2층(서동)",92.303,46998540
413,HAE0001,1,33030,***,24-034 차수판 구매,물품,HAE,39정찰비행단,202407121030,KFC61,신일상사,,김은지,0555524838,경상남도 창원시 진해구 여좌남로24번길8-0 (여좌동)1F,88.002,25788500
93,MDK0052,1,33029,***,"전동 지게차(6,000L/B) 구매",물품,MDK,국군수송사령부,202407121030,L7935,주식회사 세진피와이엘,,박지연,01032547040,서울특별시 은평구 가좌로7라길33-15 (응암동),88.002,37903301
1802,LNG0058,1,33008,***,전투용 앰프 600W 구매,물품,LNG,육군 제1군단,202407121030,H71D2,주식회사 하이테크비젼,hitechvision,김경옥,0319771070,"경기도 고양시 일산동구 하늘마을1로16-10,1014호 (중산동,일산에스플러스타워)",88,24677169
52,SCU0048,1,32967,***,대샤워기 수전 등 258종 구매,물품,SCU,해군 기동함대사령부,202407121030,K143D,연평기프트,,허진영,01062644720,제주특별자치도 제주시 우도면 연평리1571-1,88.044,14283110
103,SCU0049,1,33047,***,안전모 등 181종 구매,물품,SCU,해군 기동함대사령부,202407121030,LEB60,제국아일랜드,,이명섭,050219229210,"제주특별자치도 제주시 신대로145, 4층 C1-27호(연동)",88,18799600
87,LFN0025,1,32781,***,24-2학기 생도교과서(국내서) 구매,물품,LFN,육군3사관학교,202407111400,L1A9C,에스와이상사,,박서영,01097977385,경상북도 포항시 북구 기계면 기계로545-3,90.019,132838539
51,LNR0021,1,32572,***,24년 공기청정기 필터 제조 구매,물품,LNR,수도기계화보병사단,202407111100,H03A4,(주) 한새,Hansae,김진석,0325658713,인천광역시 서구 보듬5로6-0 (오류동),88.164,104282000
679,LCN0038,1,32078,***,24-2학기 교과서(국외서) 구매,물품,LCN,육군사관학교,202407111100,M70B9,주식회사 석동개발,,한향순,07088306410,"서울특별시 구로구 디지털로288, 2층 208-A261호(구로동, 대륭포스트타워1차)",90,33676262
20,MCS0086,1,32646,***,휴대용속도측정기 구매,물품,MCS,국방부계룡대근무지원단,202407111100,JFEAF,미주통상,,정채린,010-4411-2344,충청남도 계룡시 엄사면 엄사중앙로97,88.239,11390000
315,LGM0029,1,32845,***,(24-물품-72) 24년 병영도서관 독서카페 도서 구매,물품,LGM,제11기동사단,202407111100,GC5C2,주식회사 한성정보시스템,"Hansung Information System.,LTD.",한정희,0332644137,강원특별자치도 춘천시 퇴계공단2길65 (퇴계동),90.001,25975210
450,UMM0902,1,32320,***,(246036-B1)대형전시체계 교체 사업(리스자산),물품,UMM,국군재정관리단,202407111100,C3B51,엘림네트웍스 주식회사,"Elim Networks Co.,Ltd",이경욱,0325610870,인천광역시 서구 원당대로480번길47-1 (왕길동),87.995,178319180
126,UMM0901,1,28080,***,24~25-D-별관 시스템에어컨(GHP) 연간 유지관리 용역,용역,UMM,국군재정관리단,202407111100,BF9B6,(주)우림에너지,WOORIM ENERGY CO.KR,최해숙,0315946089,"경기도 남양주시 경춘로982,4층 403호(금곡동,병지빌딩)",87.999,49963520
5,UMM0904,1,24437,***,(24G215-A)군 의료요원 배상책임보험 용역,용역,UMM,국군재정관리단,202407111100,A5A9E,삼성화재해상보험 주식회사,SAMSUNG FIRE & MARINE INSURANCE,이문화,027587488,서울특별시 서초구 서초대로74길14 (서초동),48.238,281500000
6,LCF0389,3,27458,***,"플랩, 내측 튜브용 등 13항목 제조(기동-제조-007-재)",물품,LCF,육군군수사령부,202407111030,I757C,동아타이어공업 주식회사,"DongAhtire & Rubber Co.,LTD",김상헌,055-389-0011,경상남도 양산시 유산공단11길11-0(유산동),99.912,235451140
2,HDT0022,1,32518,***,'24년 민간위탁 특수건강진단 검진용역,용역,HDT,공군작사근무지원단,202407111030,IFDE4,다인병원,,황장회,03180141319,경기도 수원시 장안구 창룡대로159-0 (연무동),88.249,26378150
5582,LCJ0041,1,32842,***,(24육군-해파38)동명부대 방수합판 등 11품목 구매,물품,LCJ,종합보급창,202407111030,MC55F,한소메탈,,이동엽,07043040775,충청남도 아산시 영인면 신화리322-6,88,14977413
1779,LPF0066,1,32838,***,24년 실내사격장 방탄보호판(아크릴 등 2종) 구매,물품,LPF,제51보병사단,202407111030,K6CE2,(주)에코서브,,이윤재,01087164617,경기도 안산시 단원구 별망로336-0 (성곡동),88,24237625
94,SCU0047,1,32801,***,수첩 등 323종 구매,물품,SCU,해군 기동함대사령부,202407111030,L65B0,우도바이크,,김후백,01085990091,"제주특별자치도 제주시 우도면 천진동길2-0  , 102호",88.004,34439100
4,SDF0103,1,32717,***,ABL9 solution 등 4종 구매,물품,SDF,제5738부대,202407111030,JEE53,제이비글로벌주식회사,,박대희,01088766052,경기도 남양주시 송산로339번길28-11 (별내동) 101호,97.141,1705000
50,SDF0102,1,32713,***,각막 보호용 렌즈 등 32종,물품,SDF,제5738부대,202407111030,G7B37,마니,money,신동심,0552957783,경상남도 창원시 의창구 북면 동곡로33-0  휴먼빌108-501,88.293,16290660
295,LKD0059,1,32803,***,24년 병영도서관 도서 구매,물품,LKD,제32보병사단,202407111030,M94AB,블루,,김수경,070-7377-1359,"충청남도 아산시 삼동로40번길6, 2층 201-58호(모종동)",90,43682889
457,SCR0069,1,32796,***,매트리스 세탁 및 소독 용역,용역,SCR,해군제3함대사령부,202407111030,KCD17,일사천리종합서비스,,이재경,031-666-1472,"경기도 평택시 서정북로87-0 (서정동), 3층",88.001,18564105
1759,LPF0064,1,32748,***,24년 기타유지물자(롤테이너 등 8종) 구매,물품,LPF,제51보병사단,202407111030,M0739,비더라이트,,김지연,01040441266,"경기도 화성시 동탄청계로303-33 (청계동, 동탄역 모아미래도아파트) 1105동 1202호",88.002,18960100
107,LNG0054,1,32686,***,UPS 구매 설치,물품,LNG,육군 제1군단,202407111030,JAEF9,행복가든,,김정원,01048268137,"경기도 고양시 덕양구 화중로164, 542동 1003호 (화정동, 은빛마을)",88.014,6437810
1583,HCM0056,1,32792,***,24-06-223 마약검사키트 등 2품목 구매,물품,HCM,공군교육사령부,202407111030,L42BD,메이22,,장혜진,01091239124,충청남도 논산시 시민로132번길7-0 (내동) 104동 1204호,88,24684760
56,SCU0045,1,32723,***,앨글 드라이버 317종 구매,물품,SCU,해군 기동함대사령부,202407111030,L6CEC,주식회사 주도산업,,조재용,07047105545,"제주특별자치도 제주시 월광로121-20, 113동(노형동)",88.073,20929160
217,SCI0077,1,32740,***,FLAT TORX HEAD CAP SCREW 등 7종 구매,물품,SCI,제9121부대,202407111030,LBCA7,엠에스종합상사,,정민식,010-9892-8855,"경상남도 창원시 진해구 풍호로42번길15, 101동 209호(풍호동, 디에스아이존빌아파트)",88.032,49852000
51,SCF0714,1,25796,***,"동계취사복 2,530EA 제조",물품,SCF,해군군수사령부,202407111030,G40C5,지지올레,GIGIOLLE,이윤희,01083350224,"경기도 부천시 원미구 옥산로208번길37, 4층(도당동)",88.425,42912300
3839,SCF0715,1,25782,***,"4주식리프트, 소형 2EA 구매",물품,SCF,해군군수사령부,202407111030,LDCA1,도윤마켓,,이동훈,01040076227,"서울특별시 강서구 방화대로34길88 (방화동, 마곡 푸르지오)105동702호",87.995,16673273
2,SCF0719,1,25503,***,'24년 Lynx 항공기 기내녹음장비 유지보수 정비,물품,SCF,해군군수사령부,202407111030,C4BAB,한양무선통신,HanYang radio communication,최영복,0552551400,경상남도 창원시 의창구 팔용로 399(),85.74,64000000
62,SCF0716,1,23063,***,UDT팔각모 등 3종 제조,물품,SCF,해군군수사령부,202407111030,G17E4,주식회사 예감,YEGAM Inc.,강중원,07046171937,경기도 하남시 청뜰로5(풍산동),90.043,29120000
21,HCC0082,1,32809,***,전화기 등 2품목(119),물품,HCC,해군제1수리창,202407111000,L7479,수지유통,,최수지,01062487950,"강원특별자치도 동해시 서동로721-6, 1층(신흥동)",88.019,1369100
16,HCC0066,2,31450,***,세정제 등 21품목,물품,HCC,해군제1수리창,202407111000,C0914,(주)동건,DONG GUN CO.,윤영현,0332422612,강원특별자치도 동해시 전천로245-2 (북평동),88.114,1581000
2,HCF0164,1,19445,***,중소기업진흥 적용개발무기체계 적정군수지원방안연구,용역,HCF,공군군수사령부,202407101300,C693D,(사)21세기군사연구소,Korea Research Institute of Military Affairs,김진욱,028423105,"서울특별시 금천구 가산디지털2로184, 10층 1017호(가산동, 벽산디지털밸리2차)",79.977,56778690
25,LCG0057,2,30808,***,"[24-육-149] 한, 아세안 국제 군수 포럼 행사대행",용역,LCG,육군본부,202407101230,DB389,(주)경남종합개발,Kyung Nam,서경남,0314111289,경기도 안산시 단원구 적금로65-0 (고잔동). 306호,87.803,49546217
232,MDD0099,1,23930,***,'24년 재투자 의무장비(기관지내시경마취과용)구매,물품,MDD,국군수도병원,202407101200,IA256,주식회사 정현,JH Company,심정현,01032676878,"경기도 의정부시 둔야로45번길11, 1층 1170호 (의정부동)",88.039,44132900
3,HDF0052,1,32607,***,‘24년~‘27년 가스(LPG),물품,HDF,공군 제8전투비행단,202407101100,ID6C5,주식회사 강원에너지산업,,용수정,0332525525,강원특별자치도 춘천시 신동면 혈동고개길384,88.17,104330640
40,LHM0077,1,32199,***,24-1차 체육용품(축구공등 25건) 구매,물품,LHM,제15보병사단,202407101100,M93A5,태평양,,이기숙,0318244808,"강원특별자치도 철원군 서면 자등로583-1, 1층 101호",88.003,8953200
794,LKG0068,1,32460,***,'24년 급조폭발물처리 공구세트 구매,물품,LKG,육군제53보병사단,202407101100,I0561,윈앤윈,winandwin,강석범,01020897318,"서울특별시 동작구 사당로23아길66, 202호(사당동, 대도빌라)",88,17460000
13,LHM0078,1,32366,***,군-탄-9 차량냉매 회수/충전기 장비 구매,물품,LHM,제15보병사단,202407101100,MAF25,에이치엔건축자재,,김성한,033-441-4240,강원특별자치도 화천군 사내면 포화로963-0,88.417,5574760
28,EKAE002,1,7042,***,"24년 삼각대,소총거치대용",물품,EKA,기동총괄계약팀,202407101100,GE214,조강테크,CHOKANGTECH,조재만,0517833768,부산광역시 사상구 가야대로196번길63 1층 (학장동),88.005,68188400
19,MDK0051,1,32642,***,24-4차 청해부대 재보급물자 수송관리용역,용역,MDK,국군수송사령부,202407101100,M023A,제이피지엘에스 (주),,박지현,023328996,서울특별시 성동구 성수일로99-0 (성수동1가) 15층 1512호 서울숲AK밸리지식산업센터,88.384,32738440
9,UMM0893,1,31870,***,24-N-해상 대테러 작전 지원용 드론 제조,물품,UMM,국군재정관리단,202407101100,F3AA9,주식회사 한컴인스페이스,"HANCOM inSPACE Co., Ltd.",최명진,0428622735,"대전광역시 유성구 엑스포로1, 12층(도룡동, 사이언스센터)",98.856,187740000
1521,UMM0899,1,29377,***,(246272-E) 스캐너 구매,물품,UMM,국군재정관리단,202407101100,K6F60,픽,,이용우,01052191960,충청북도 제천시 백운면 구학산로748,87.995,64697370
4,UMM0554,2,07116,***,24-N-태풍피항 함정  계류부이 및 부이샤클 제조,물품,UMM,국군재정관리단,202407101100,J785B,지엠(GM)테크,,김명숙,0522583406,울산광역시 울주군 웅촌면 정주권로224-0,87.445,256951200
65,MDG0153,2,24322,***,24-3차 후생용구(이발기 등 2종) 구매,물품,MDG,국군의무사령부,202407101100,H15D0,주식회사 이음,EEUM,전병욱,0222784433,서울특별시 서대문구 포방터2길24 (홍은동),96.339,980000
303,LKP0118,1,32210,***,'24년 식품검사장비 운영소모품 구매,물품,LKP,5군수지원사령부,202407101100,F769A,더펜상사주식회사,THE PEN,고혜숙,0518320067,부산광역시 강서구 미음산단로139번길9 (구랑동),88.009,36137800
120,LKG0070,1,32648,***,00부대 주둔지 소규모재해영향평가 용역,용역,LKG,육군제53보병사단,202407101100,C60F3,주식회사 보람엔지니어링건축사사무소,BORAM,김현석,0544638010,"경상북도 구미시 수출대로152, (공단동) 지식산업센터 제2층 206호",87.779,182422000
154,LKG0069,1,32647,***,00부대 주둔지 소규모환경영향평가 용역,용역,LKG,육군제53보병사단,202407101100,B183D,주식회사 대영엔지니어링,"DY ENGINEERING CO., LTD",유병화,0220507500,"경상남도 창원시 성산구 중앙대로 56(상남동, 양지프라자301-2호)",87.746,181998000
256,LIK0051,1,32171,***,"검사세트,포신용,로봇형 구매",물품,LIK,제2군수지원여단,202407101100,K41B3,해솔상사,,남예주,010-2537-8452,"경상북도 칠곡군 북삼읍 북삼로2길37, 3층 307호(우림하이츠)",88.271,27659180
8,HDQ0066,1,32179,***,20비 24-134 항공기 냉각용 절연유(COOLANOL 25R),물품,HDQ,제20전투비행단,202407101100,HFEE4,참존,chamzon,이정호,07047727683,"경기도 남양주시 다산순환로166, 701호(다산동, 다산신화타워)",88.13,146498380
367,HCF0171,1,30586,***,솔벤트 구매,물품,HCF,공군군수사령부,202407101030,MB2D4,새롬상사,,최준호,01064249366,경상남도 김해시 수가로242-9(응달동),88.053,17242360
175,SFM0059,1,32267,***,메가폰 등 415품목 구매,물품,SFM,제3170부대,202407101030,M2B30,영신상사,,오향익,05050585152,"경상북도 포항시 북구 중앙로419번길21, 101동 602호(우현동, 대동우방타운)",88.004,56397500
175,SFM0058,1,32143,***,연료필터 등 381품목 구매,물품,SFM,제3170부대,202407101030,IAA29,호미유통,HOMIUTONG,정미숙,0542768817,경상북도 포항시 남구 구룡포읍 호미로172-0,88,79977410
118,MDW0017,1,32462,***,24-1차 전문도서구매 (2학기)수정,물품,MDW,국군간호사관학교,202407101030,L0CD1,참좋은 유통,,배지희,01055785900,"대전광역시 서구 가수원로6, 503동 1408호 (가수원동, 은아아파트5단지)",90,39468328
2,UHC0022,1,32753,001,병사식당 취사연료(LPG) 구매(춘천),물품,UHC,공군 작사예하 방포사예하 제2여단,202407101030,H321E,(주)키웨스트,Do one Industry,유영민,0332634400,강원특별자치도 춘천시 영서로2986-0 (사농동),95.612,38846000
865,LKQ0014,1,32561,***,기동 정비장비 구매,물품,LKQ,육군항공학교,202407101030,IE8AB,제이유테크,,유제욱,07046400549,충청남도 천안시 서북구 쌍용17길25-0 (쌍용동),88.004,14403600
119,SFG0075,1,32536,***,폭염응급키트 구매,물품,SFG,제9181부대,202407101030,E104F,주식회사지텍,"GTECH.Co., Ltd.",김금옥,07071267255,경기도 김포시 양촌읍 황금3로7번길36 (학운리),88.006,6293780
2320,LBA0053,2,32333,***,'24년 3차 전산운영용품 구매,물품,LBA,제 2167부대,202407101030,J906B,주식회사 석송디앤씨,,엄홍명,028986464,경기도 시흥시 금오로601 (과림동),88,15912024
48,SCK0083,1,32503,***,제트스트림리필 등 40종 구매,물품,SCK,해군교육사령부,202407101030,M81E5,태산,,신교승,070-8870-0072,경상남도 창원시 의창구 대산면 봉강가술로519-0,88.175,1518139
1411,SCQ0069,2,32371,***,생활폐기물봉투 등 4종 구매,물품,SCQ,제9911부대,202407101030,M8EF4,존유통,,조남신,01075947547,"경기도 수원시 영통구 영통로200번길21, 304-429(영통동, 현대프라자)",88,17617620
40,LPQ0004,1,32679,***,'24년 00부대 제초 관리 용역,용역,LPQ,제9251부대,202407101030,M7523,화암이앤씨 주식회사,,변영모,0317566754,"경기도 성남시 수정구 위례광장로328, 617호(창곡동, 우성위례타워))",88.005,32705230
54,SDQ0074,1,32660,***,"교정기, 주파수용 등 3종 구매",물품,SDQ,해군제2수리창,202407101030,L107F,세움,,김한나,07077865007,"경기도 평택시 안중읍 안현로서6길10, 4층 402호(대원빌딩)",88.001,5448000
41,SDQ0073,1,32654,***,"판, 금속제 등 26종 구매",물품,SDQ,해군제2수리창,202407101030,L7450,동해유통,,최승종,01062487950,"경기도 평택시 안중읍 안현로서6길10, 403-디3호(대원빌딩)",88.004,52908760
26,SFC0080,1,32649,***,도서류(온라인 퍼시리테이션 진행의 기술 등36종)구매,물품,SFC,제9691부대,202407101030,J0F7A,광명산업,,이계순,0262681050,경기도 광명시 원노온사로15-0 (노온사동),90.001,633380
263,SCN0113,1,32144,***,LED다운라이트 등 58종 구매,물품,SCN,제7001부대,202407101030,J517D,한빛정보시스템,,이영혁,01038464466,"경상남도 창원시 성산구 창원대로1209번길22 (성주동, 프리빌리지2차) 211-2304",88.003,40540990
6,LHN0055,1,32637,***,24년 상용이불 세탁 위탁 용역,용역,LHN,제7보병사단,202407101030,M6395,한도 세탁소 ( 란드리 마을 (Landry Villiage)),,김복희,041-549-4383,"충청남도 아산시 배방읍 모산로126번길17-26, 214호(한도상가)",88.358,21795900
9,UEK0003,1,32630,***,24년 전기안전관리 대행 용역,용역,UEK,제6953부대,202407101030,DA2E3,(주)무림전기,moorim,박종성,0319038511,"경기도 고양시 덕양구 화중로 32-31, 효원빌딩 507호(화정동)",88.148,15690267
3,SCN0117,1,32665,***,24-진-41 드림빌 승강기 유지보수용역,용역,SCN,제7001부대,202407101030,GA51E,주식회사 대동엘리베이터,"DAE DONG ELEVATOR CO.,LTD.",추상태,0552327532,경상남도 창원시 마산회원구 합포로292-0 (양덕동),88.315,9709940
3,LBB0021,1,32639,***,24년 유류중대 폼소화탱크 제조 및 교체(대보수042호),물품,LBB,육군제7789부대,202407101030,LE3E0,주식회사 대림산업기술,,이필례,0314772119,경기도 군포시 엘에스로182번길28-7 (산본동) 2층,88.877,67941150
28,SCN0116,1,32662,***,24-진-42 드림빌 소방점검 용역,용역,SCN,제7001부대,202407101030,K424F,거성소방주식회사,,윤두호,0556342119,경상남도 거제시 연초면 죽토로23-0  양지빌딩 201호,88.022,15340327
1620,MCT0039,1,32548,***,배구부 의무용품(C테이프 등 5종)구매,물품,MCT,국군체육부대,202407101030,L7B90,주식회사 윤슬,,김양숙,01091425560,경기도 구리시 안골로49-0 (교문동) 7층 710-8호,88,5754400
308,LCT0007,1,32534,***,24년 교육훈련예산(교육재료비등 5개 사업) 구매(2),물품,LCT,육군포병학교,202407101030,ID94E,디오이앤씨,,송현덕,01051694395,전라남도 광양시 중동로97-0 (중동) 3층,88.003,23712300
3,SCP0080,1,32533,***,3단 진압봉 구매,물품,SCP,제8385부대,202407101030,MBA4F,디그린,,류리,01020579254,강원특별자치도 동해시 평원5길8-1 (평릉동) 1층 101호,88.571,2132200
20,SDF0101,1,32489,***,24-항-45 00병원 실내공기질 측정용역,용역,SDF,제5738부대,202407101030,KDF37,주식회사 더조은생활환경연구소,,김혁,0613361773,"전라남도 나주시 교육길13(빛가람동) 스마트파크지식산업센터 디2동 302호, 303호",88.014,2653000
1153,SFG0074,1,32228,***,크레인용 배터리 등 102품목 구매(수리부속),물품,SFG,제9181부대,202407101030,I6A8F,주식회사 디엘정보,DLINFO,남환희,0315234091,경기도 남양주시 다산순환로220-0 (다산동) 다산리코빌파크뷰 301,87.996,20311720
8,SFG0073,1,32154,***,M60 진공포장 박스 제조 구매,물품,SFG,제9181부대,202407101030,DF3AB,(주)전일우드텍,jeonil woodtec,문연실,0635463141,전북특별자치도 김제시 백구면 금백로1162,88.495,6985560
254,SCF0713,1,31787,***,"(긴급)리셉터클,육전 연결용 등 2종",물품,SCF,해군군수사령부,202407101030,ECF32,세종상사,,노정래,010-9384-8831,경상남도 창원시 진해구 여명로52 (여좌동),93.347,11968000
267,SCF0711,1,31634,***,"(긴급) 밸브, 제어식, 압력 및 온도용 1종",물품,SCF,해군군수사령부,202407101030,LD736,코니코어시스템,,이혜영,01040141874,"인천광역시 남동구 논고개로17, 1108동 2104호(논현동, 에코메트로한화꿈에그린아파트)",87.997,12444220
309,LCF0433,1,32670,***,"베어링, 볼형 등 19항목 구매(기동-구매-020)",물품,LCF,육군군수사령부,202407101030,FE043,주식회사 에코비투,ecob2co.ltd,하영임,023532356,"경기도 고양시 덕양구 삼원로73, 721호(원흥동, 원흥한일윈스타)",99.157,127500000
191,LCF0430,1,09479,***,"발전기, 교류식 등 3항목 구매(기장)",물품,LCF,육군군수사령부,202407101030,H33C2,주식회사 세연인터내셔널,SEYEON INTERNATIONAL,신현철,025390441,"경기도 구리시 수택천로16번길32, 2층 (수택동, 세연빌딩)",88.537,92900000
14,HCC0077,1,32490,***,락스 등 191품목,물품,HCC,해군제1수리창,202407101000,JFB9B,청아철물설비,,김주희,010-7224-5200,강원도 동해시 단봉길23 (북평동),88.013,5194800
17,HCC0081,1,32697,***,렌치 등 118품목,물품,HCC,해군제1수리창,202407101000,G4B68,남부상사,NAMBUSANGSA,오승현,070-4496-1169,강원도 동해시 샘실3길12-0 (천곡동),88.259,4558500
10,HCC0078,1,32685,***,스위치 등 140품목,물품,HCC,해군제1수리창,202407101000,KC052,환희,,심환희,01095929543,강원특별자치도 동해시 송정1길23(송정동),88.125,5605320
40,HCC0080,1,32693,***,표시기 등 1품목 (113),물품,HCC,해군제1수리창,202407101000,K668A,금성상사,,강영실,01052181431,강원특별자치도 동해시 서동로721-6 (신흥동),88.08,12404950
39,HCC0079,1,32689,***,인쇄회로판 등 2품목(112),물품,HCC,해군제1수리창,202407101000,LDA97,소망유통,,최인숙,01062487950,강원특별자치도 동해시 서동로721-6 (신흥동),88.006,13227270
2,MCD0036,1,28506,***,무기체계 시험평가 사고예방 안전매뉴얼 연구,용역,MCD,국방부(운영지원과),202407091700,C2B07,계명대학교 산학협력단,KMU IACF,김범준,0535806109,"대구광역시 달서구 달구벌대로1095-0 (신당동, 계명대학교)",,28000000
1,MGO0001,1,29326,***,탐색구조헬기 영상전송장비 장착 개선,물품,MGO,국방기술품질원,202407091500,C4A1C,주식회사 중앙첨단소재,,김영신,07050154884,"경기도 안양시 동안구 시민대로115, 5층 503호 (호계동)",78.558,3209000000
2,MHD0065,1,30647,***,자주도하장비 및 특수작전용경전술차량 시설연구용역,용역,MHD,방위사업청(운영지원과),202407091500,G48D0,(주)에프오알엠도시건축공간연구소,FORMs Architects,권시형,07077164315,"서울특별시 송파구 법원로11길25-0, A동 1310호(문정동, 에이치비즈니스파크)",,52250000
4,LDH0589,2,27393,***,(자재) 호스피팅 등 25종 구매,물품,LDH,육군종합정비창,202407091300,MB288,원욱,,김선한,010-5502-9269,"경상남도 창원시 성산구 용지로169번길13, 3층 320호(용호동, 라이크빌-1)",97.913,29362000
3,LDH0600,1,30911,***,"K9자주포 스위치,압력식 구매",물품,LDH,육군종합정비창,202407091300,GC2EF,동양기전,DONGYNG ELECTRIC,황정태,0513054872,부산광역시 사상구 모덕로96번길55-0 (덕포동),88.798,2464000
2,LDH0598,1,30798,***,"K200 링 세트,피스톤용 등 4종 구매",물품,LDH,육군종합정비창,202407091300,JAD8F,신기산업,,박재완,051-928-1744,부산광역시 북구 의성로59번길1 (덕천동),91.677,6000000
43,LDH0597,1,30787,***,K21 개스킷 등 2종 구매,물품,LDH,육군종합정비창,202407091300,M81CD,도하테크,,이은선,051-303-5134,부산광역시 강서구 대저로3번길52-15 (대저1동),88.387,10238650
9,LDH0585,2,27396,***,(자재) 호스 등 16종 구매,물품,LDH,육군종합정비창,202407091300,M9533,선경,,정왕균,01038547544,경상남도 김해시 한림면 안곡로520-2,88.67,32573778
7,LCG0058,1,30809,***,"[24-육-150] 한, 아세안 국제 군수 포럼 항공권 발권",용역,LCG,육군본부,202407091230,M94CE,(주)탑투어,,최성규,0618104040,전라남도 여수시 시청로117 (선원동),87.817,41345640
30,LCG0060,1,31375,***,[24-육-152] 육군 기획홍보영상 촬영 및 편집 용역,용역,LCG,육군본부,202407091230,L57F7,주식회사 오로지스튜디오,,윤혁진,0627142484,광주광역시 북구 동문대로191번길51 (문흥동),87.821,17557320
2,EBB0286,1,1030,***,장비 일반고무제품류,물품,EBB,지상공통전력운영계약팀,202407091100,MAAA6,주식회사덕인,,장남인,0553851151,경상남도 양산시 유산공단3길33-0 (교동),84.806,1624710000
333,LKG0067,1,32220,***,'24-3차 전산운영용품 구매,물품,LKG,육군제53보병사단,202407091100,LDBF3,에스쓰리팸,,최종철,01025747222,"부산광역시 해운대구 달맞이길117번나길133-19, A동 101호(중동, 화영하이츠)",88.005,30318663
4772,SCG0018,1,32377,***,듄 전집(6권) 등 15종,물품,SCG,해군본부,202407091100,M783B,비러브드(Beloved),,함은경,01075111565,"경기도 양주시 고읍로11-7 (고읍동, 산내들마을 한양수자인) 107동 1201호",90,13717928
5939,SCG0017,1,32367,***,모자 등 3종 구매,물품,SCG,해군본부,202407091100,LFBB3,프리앤,,장태진,0522444166,"울산광역시 남구 은월로12번길12, 305호(옥동, 옥동현대아파트2단지상가1)",88,16708650
41,SFC0076,2,31311,***,24-덕-체단장 오폐수처리장 시설 처리 대행 용역,용역,SFC,제9691부대,202407091100,B6C80,가람환경건설주식회사,"Garam Env. Con Co.,LTD",조가람,0316686900,경기도 평택시 경기대로883-0,88.246,17298000
2866,LCN0037,1,29821,***,교육용 물품(만년필) 구매,물품,LCN,육군사관학교,202407091100,L15EF,씨앤에스랩,,채윤,01088053363,"서울특별시 강남구 언주로117 (도곡동, 개포4차우성아파트5동)203호",88,23461459
1769,UMM0891,1,29352,***,24-N-경호물자 세트 구매,물품,UMM,국군재정관리단,202407091100,JC8D6,전고스토어,,오인자,050207005016,전북특별자치도 전주시 완산구 견훤왕궁로59-1 (중노송동),87.995,60866080
1656,UMM0895,1,29052,***,24-M-군악기(수자폰 등 7종) 구매,물품,UMM,국군재정관리단,202407091100,MC0B2,박상(주),,박경훈,01079703641,"대전광역시 유성구 은구비남로33번길13-8, 3181호(지족동, 양지빌딩)",87.996,75895120
128,UMM0906,1,27363,***,(247253-F) 유전자 검사 재료 구매,물품,UMM,국군재정관리단,202407091100,J1CB6,주식회사 휴먼앤사이언스,,박희진,07048954651,충청북도 청주시 흥덕구 오송읍 연제만수길49-0,89.076,597009248
48,UMM0905,1,22563,***,(246245-F) 노트북 도입사업(리스자산),물품,UMM,국군재정관리단,202407091100,1542F,삼성전자 주식회사,SAMSUNG ELECTRONICS.                                                   *,전영현,15881351,경기도 수원시 영통구 삼성로 129(매탄동),83.026,2243881214
40,UMM0892,1,21647,***,(246032-G) 24년 화상회의체계 구축사업(리스자산),물품,UMM,국군재정관리단,202407091100,A722E,영현정보통신(주),a,김두식,028699501,"서울특별시 구로구 공원로6나길12-0 (구로동,경방빌딩) 301호",87.472,4794862012
24,MDR0037,1,32069,***,다공성 음압호스 구매,물품,MDR,제9965부대,202407091100,L38F3,테라이엔씨,,박성진,01027956144,"경기도 안양시 만안구 덕천로152번길25, 제18층  에이 1809비호(안양동,  안양아이에스BIZ타워센트럴)",88.104,43591400
1344,LIK0050,1,31979,***,UAV 정비용장비(동정압시험기) 구매계약,물품,LIK,제2군수지원여단,202407091100,KF2E4,이룸유통,,김민서,01085749838,"인천광역시 남동구 운연천로11, 1305동 601호",87.995,42894100
38,LHQ0035,1,30701,***,24년 SMS전송시스템 교체사업(전송장비 슈터기),물품,LHQ,제2작전사령부,202407091100,JEAC1,주식회사 아이엘미디어,,정은진,03180287660,"경기도 하남시 하남대로947, A동 703호 (풍산동, 하남테크노밸리 U1 CENTER)",97.495,36075000
206,LCF0407,2,12734,***,"파이프, 예비가열기용 등 71항목 구매(기장-014)",물품,LCF,육군군수사령부,202407091030,JAD8F,신기산업,,박재완,051-928-1744,부산광역시 북구 의성로59번길1 (덕천동),90.422,178790000
7,MCX0046,1,32330,***,생도증식(숙주나물 등 141종) 구매,물품,MCX,자운대근무지원연대,202407091030,DFA97,다해푸드,dahae.food,김기숙,0425876667,대전광역시 유성구 반석서로19번길35-0 (지족동),88.047,58694690
3439,LGI0060,1,32315,***,24년 UAV 정비용 장비 구매(피토 정압 시험기),물품,LGI,제3군수지원여단,202407091030,LB346,빈콘,,정수빈,01053123811,"인천광역시 서구 매밭로130, 1001-1202 (당하동)",88,85406415
3706,LGI0059,1,32313,***,24년 UAV 정비용 장비 구매(스펙트럼 분석기),물품,LGI,제3군수지원여단,202407091030,M6C85,제이에이치코퍼레이션,,조병진,01020595407,"충청북도 제천시 의림대로30길6, 101호(청전동)",88,31668000
11,SCP0079,1,32439,***,24-동 주거시설 도배 및 장판 설치 납품,물품,SCP,제8385부대,202407091030,C355F,일탑(주),iltop,이창우,0335358127,강원특별자치도 동해시 평릉1길16-0 (평릉동),88.054,70626300
494,SCP0078,1,32435,***,24-0함대 함정생할관 매트리스 청소 용역,용역,SCP,제8385부대,202407091030,KED46,주식회사내각종합관리,,유광래,07041462430,경기도 용인시 기흥구 죽전로10-0 6층(보정동),88,28983220
56,SDQ0072,1,32421,***,"박판, 금속제 등 5종 구매",물품,SDQ,해군제2수리창,202407091030,IB89D,대성물류,Daesung,김성대,070-8801-5709,"경기도 평택시 중앙2로13-0 (평택동, 센텀스카이빌딩)",88.027,15759200
278,SCQ0074,1,32420,***,24-평 함정 매트리스 소독 용역,용역,SCQ,제9911부대,202407091030,ICEBF,주식회사 태승시스템,,정옥순,0314032358,경기도 안산시 단원구 안산천남로267-0 (고잔동) 덕양빌딩 301호,88.004,30282710
5,LKS0046,1,32419,***,계룡스파텔 비품(냉장고 등 6종) 구매,물품,LKS,육군인사사령부,202407091030,I107A,주식회사 엘앤케이,lnk,김정란,0425258370,대전광역시 중구 계룡로816번길32-4 (오류동)4층,88.431,9869555
145,SFM0056,1,32129,***,휴대용 산소분석기 등 2품목 구매,물품,SFM,제3170부대,202407091030,KE270,마중물,,오경희,07082852302,"경상북도 포항시 북구 대안길56 (용흥동, 우방타운)123동 507호",88.005,63878597
34,LGT0066,1,32124,***,'24년 소형전술차량 내부 경광등 구매(24-GP-54),물품,LGT,제2307부대,202407091030,MA333,티에프,,신태식,0332416697,강원특별자치도 춘천시 동내면 너부래길19-34,88.016,18280350
5766,LCG0061,1,32033,***,[24-육-153] 전산운영용품 구매 4차,물품,LCG,육군본부,202407091030,LB44F,빅토리상회(Victory Company),,김다희,01050149158,"경기도 시흥시 월곶중앙로70번길12-0 (월곶동, 부성파인 하버뷰) 102동 803호",88,43183530
4,SCN0115,1,32437,***,24~27-00원 정수기 임차용역,용역,SCN,제7001부대,202407091030,K89C6,주원글로벌,,서진주,01074300888,"경상남도 창원시 성산구 원이대로774 (상남동, 성원아파트) 201동 2002호",88.345,28300400
1151,SCQ0072,1,32381,***,식탁유리 구매,물품,SCQ,제9911부대,202407091030,JF2E0,메이순주식회사,,최연순,01063071996,경기도 평택시 중앙2로13 (평택동),88,7876890
533,SCQ0071,1,32375,***,냉방기 5식 구매설치,물품,SCQ,제9911부대,202407091030,M06C7,지니어스케이,,김혜인,07046473089,"경기도 양주시 독바위로287번길51 (옥정동, 양주옥정 더원 파크빌리지) 2301동 601호",88,28013420
26,LGT0067,1,32350,***,'24년 양양 훈련장 교전장비 유지 보수(24-GS-26),용역,LGT,제2307부대,202407091030,DF9F3,주식회사 세븐전자코리아,SEVEN ELECTRONICS KOREA,김규근,0327776958,"인천광역시 중구 참외전로110-6, 1층 (인현동)",88.087,34338770
1037,LGI0061,1,32308,***,24년 TOD-Ⅲ형 보호·방수덮개 구매,물품,LGI,제3군수지원여단,202407091030,M82A1,에프엠이엔지,,임세훈,010-4529-9929,경기도 수원시 장안구 송정로46번길10-18(정자동),88.001,29040000
34,SCN0114,1,32323,***,24-진-42 체단장 매립지 토양오염도 검사용역,용역,SCN,제7001부대,202407091030,C6F28,신라대학교 산학협력단,Silla University IACF,최인순,0519996445,"부산광역시 사상구 백양대로700번길 140, 신라대학교(괘법동)",90.041,25630000
76,SCL0033,1,32303,***,공기청정기 필터 7종 구매,물품,SCL,해군사관학교,202407091030,B7816,주식회사 월드필터,"WORLD FILTER CO.,LTD.",정옥진,0319411784,경기도 파주시 풀무골로44 (야동동),88.042,20680000
10,SCQ0073,1,32415,***,덤벨 등 7종 구매,물품,SCQ,제9911부대,202407091030,G12A5,준디자인주식회사,"jun design co.,ltd",박형호,0319412203,"경기도 파주시 조리읍 명봉산로79번길44-130, 1동",88.353,2324530
98,SCH0107,1,32402,***,칼라강판 등 46종,물품,SCH,해군작전사령부,202407091030,MA9E9,예찬푸드,,이정숙,07078573987,부산광역시 사상구 새벽시장로78-5 (감전동) 1층,88.007,30916100
2053,SCQ0070,1,32373,***,야자매트 등 2종 구매,물품,SCQ,제9911부대,202407091030,LDBD6,세라몰,,장규혜,01030588633,"경기도 안산시 단원구 이삭로6, 3층 3219호(고잔동)",88.001,58402725
36,SCF0704,1,31753,***,재난대비 물자(넉가래 등 18종) 구매,물품,SCF,해군군수사령부,202407091030,L1287,마카툴 코리아,,이용석,01032576876,"경상북도 경주시 현곡면 나원길176, 나동",88.01,2465860
4996,SCF0705,1,31687,***,군사경찰 견식줄 등 13종 구매,물품,SCF,해군군수사령부,202407091030,H2BD8,해밀테크,haemil tech,박선화,05022651000,"전라남도 순천시 팔마5길84-0 (연향동), 201호",87.999,13332870
570,SCF0703,1,27546,***,"날개, 프로펠러용, 선박용 등 1종 구매",물품,SCF,해군군수사령부,202407091030,0965F,(주)신라금속,"SILLA METAL CO., LTD",김형진,0518315991,부산광역시 강서구 녹산산단17로14번길34-0 (송정동),97.779,175230000
1330,SCF0710,1,25656,***,워커리프트트럭 1SET 구매,물품,SCF,해군군수사령부,202407091030,LCAF6,더긋다,,심유리,01088588173,인천광역시 부평구 부평문화로72번길6 (부평동) 3층 일부,87.998,40999862
615,SCF0707,1,25614,***,초음파세척기 1EA 구매,물품,SCF,해군군수사령부,202407091030,M1AF7,제일산업,,김영안,055-265-1052,경상남도 창원시 의창구 의창대로282번길9-15 (중동),88.979,25198858
291,SCF0708,1,25551,***,재난대비물자 12종 구매,물품,SCF,해군군수사령부,202407091030,I5E85,주식회사 제이디글로벌,JDGLOBAL,김현영,0552879611,"경상남도 창원시 마산합포구 산호북4길30, 가동 상가212호(산호동, 용마맨션)",88.009,5782400
5693,SCF0698,2,25533,***,"유흡착재, 로프부착형 등 2종 구매",물품,SCF,해군군수사령부,202407091030,M3EEF,메인커머스,,오유림,01073205927,"충청북도 청주시 상당구 산성로98번길23, 7층 제7696(용담동)",88.096,23135320
1097,SCF0709,1,25456,***,"전지, 축전식 3EA 구매",물품,SCF,해군군수사령부,202407091030,L0787,하림상사,,최하림,01071794392,"경기도 수원시 장안구 파장로112-13, 402호(파장동)",87.995,15773260
1452,SCF0701,1,24310,***,(긴급) 멤브레인 조립체 1종,물품,SCF,해군군수사령부,202407091030,HB958,문테크,문테크,김순옥,05029899254,경상북도 김천시 부항면 안간1길65-26,87.996,50562980
830,SCF0702,1,24308,***,"(긴급) 조명등, 전기식 1종",물품,SCF,해군군수사령부,202407091030,L197D,육일공사,,김희정,07077856104,"전북특별자치도 전주시 덕진구 만성로147-0 (만성동, 전주 만성 에코르 1단지)101/1707",87.995,25114750
238,SCF0647,2,23119,***,의장 영관예식도 구매,물품,SCF,해군군수사령부,202407091030,LE3E0,주식회사 대림산업기술,,이필례,0314772119,경기도 군포시 엘에스로182번길28-7 (산본동) 2층,88.055,7057200
6,LPF0062,1,32081,***,간부숙소 신축 시설공사-다기능성페인트 192,물품,LPF,제51보병사단,202407091030,D0D7C,에스에이치씨피주식회사,SHCP,한향순,0417522186,충청남도 금산군 추부면 한사래길 6(),88.434,22584000
4,LDC0016,1,32307,***,부족 마일즈장비 제조납품,물품,LDC,육군과학화전투훈련단,202407091030,BB690,(주)유텍,"User Technology co., LTD",황인협,0448664000,"세종특별자치시  집현동로76 (집현동, 유타워)",83.287,733590000
5061,LCF0426,1,32408,***,칫솔케이스 등 2항목 구매(피복),물품,LCF,육군군수사령부,202407091030,LCAF4,아원종합상사,,우명옥,01091162121,"경기도 김포시 풍무로68번길10, 303동 401호(풍무동, 김포 풍무 꿈에그린 더 포레듀 3단지)",87.996,24489900
1925,LCF0420,1,31563,***,"윤활유,증기터빈용 1항목 구매(급연)",물품,LCF,육군군수사령부,202407091030,M9C46,청정클린,,유지원,01075863656,전북특별자치도 전주시 완산구 감나무3길12-6 (서신동),87.995,23534428
5,HCC0071,1,32268,***,그리스 등 1품목,물품,HCC,해군제1수리창,202407091000,MBA4F,디그린,,류리,01020579254,강원특별자치도 동해시 평원5길8-1 (평릉동) 1층 101호,88.018,2242350
7,HCC0074,1,32334,***,실납 등 73품목,물품,HCC,해군제1수리창,202407091000,JFB9B,청아철물설비,,김주희,010-7224-5200,강원도 동해시 단봉길23 (북평동),89.082,3192600
38,HCC0076,1,32429,***,집성판 등 13품목 (114),물품,HCC,해군제1수리창,202407091000,MA29B,태영산업,,김지우,010-3704-8574,강원특별자치도 동해시 일출로10-0 (발한동) 311호,88.025,7070470
43,HCC0075,1,32423,***,브이벨트 등 21품목(111),물품,HCC,해군제1수리창,202407091000,K9120,듀이,,이명교,01058295000,강원특별자치도 동해시 동굴4길6 (천곡동) 201호,88.01,9119000
14,HCC0073,1,32294,***,툴홀더 등 53품목,물품,HCC,해군제1수리창,202407091000,L0EFE,씨에스 강원,,김도연,01052181431,강원특별자치도 동해시 부곡6길6 (부곡동),88.181,2848590
7,HCC0072,1,32274,***,퀵몽키 등 34품목,물품,HCC,해군제1수리창,202407091000,C34B4,영동상사,yong dong sang sa,오민규,033-535-4411,강원도 동해시 중앙로174-0 (천곡동),88.263,1848300
111,MDD0097,1,32035,***,24년 국군수도병원 기계설비 성능점검 용역,용역,MDD,국군수도병원,202407081100,BED93,(주)우원티앤시,WOOWONTNC COPORATION,이선옥,028680075,"서울특별시 구로구 공원로71-0 (구로동, 구로신협빌딩)",87.756,101701820
1635,LDA0029,1,32224,***,(D052) 00부대 지뢰제거작전 물품 구매,물품,LDA,지상작전사령부,202407081100,F916C,주식회사 삼구기업,"SAM GU,.ltd",이경호,0314554144,"경기도 안양시 동안구 포도원로26-0 (호계동, 대림프라자)",88,33092830
280,UMM0876,1,18602,***,24-F-2SAWS 사이버방호체계 구축,물품,UMM,국군재정관리단,202407081100,08548,(주)조흥테크,cho heung,박희용,0626549336,"전라남도 강진군 강진읍 영랑로24, 3층",83.002,250311999
3,LMH0044,1,31888,***,호국훈련 살수차량 위탁운영(C066),용역,LMH,제7군단,202407081030,M6DBD,주식회사 금강물류,,유혁상,01067128655,"충청북도 청주시 청원구 주중로194 (주중동) ,104호 금강물류",91.464,44992500
61,LMK0028,1,32180,***,[24-C52] 24-4차 전산운영용품 및 기타운영지원 구매,물품,LMK,제6보병사단,202407081030,MA676,(주)코아에스티에스,,한기범,031-543-0150,경기도 포천시 가산면 가산로14번길87-0,88.007,46621962
51,HDF0050,2,28758,***,"24-187, 복지대대, 천국의계단 등 5종",물품,HDF,공군 제8전투비행단,202407081030,L4F9C,안테그라,,성동재,07086481939,"강원특별자치도 원주시 중앙로86, 2층 203호(중앙동)",88.029,17867120
16,MDK0050,1,32212,***,24-3차 청해부대 재보급물자 수송관리용역,물품,MDK,국군수송사령부,202407081030,JC6EF,주식회사 케이텍코퍼레이션,,이배명,0517114711,"부산광역시 중구 중앙대로96-0 (중앙동4가), 12층",88.096,32693359
29,LGQ0025,1,31941,***,24년 기능성 방한복 구매,물품,LGQ,제36보병사단,202407081030,K05B6,주식회사 진영씨엔에스,,최미라,025175874,"서울특별시 서초구 나루터로75, 403호 (잠원동, 금산빌딩)",88.142,21968743
90,LNF0031,1,31970,***,24-1차 재포장 재료 구매,물품,LNF,제1보병사단,202407081030,L8941,선담,,최성혜,01020567309,"경기도 파주시 번뛰기길23-21 (야당동, 예일아트빌) 9동 302호",88.013,24747493
274,MCM0013,1,31909,***,정보통신장비구매(모니터),물품,MCM,4284부대,202407081030,J447C,주식회사 북토토,,서영은,07046593092,"서울특별시 금천구 디지털로9길68, 1606호 내 101실 (가산동, 대륭포스트타워 5차)",88,8629522
221,HCQ0055,2,24798,***,공정화물의장시설 신축 시설공사(자동제어),물품,HCQ,공군제5공중기동비행단,202407081000,AE8CD,주식회사 코젠,"Korea Global Engineering co.,Ltd.",윤영근,025293200,서울특별시 서초구 바우뫼로43길 56양재동 3-4 경원빌딩,87.996,105936160
5,MCD0037,1,28866,***,2024년 군 급식 및 피복 만족도 조사,용역,MCD,국방부(운영지원과),202407051700,G0B52,(주)더밸류업컨설팅,the valueup consulting,조희숙,024645228,서울특별시 강남구 논현로86길29 (역삼동) 3층,,45400000
10,EBH0081,1,2090D,***,"수신기-송신기,무전기용(구매)",물품,EBH,해상공중전력운영계약팀,202407051100,K6150,석산전자 주식회사,,진희영,031-458-1525,"경기도 의왕시 오전공업길22, 201호(오전동, 동영벤처스텔)",86.571,636191500
39,LGC0021,1,31542,***,24년 탈취유닛 및 공조기 필터 제조 설치납품,물품,LGC,육군학생군사학교,202407051100,KD5F5,(주)태종필터,,이종태,0313176550,경기도 시흥시 수인로3106번길65-0 (안현동),88.041,47812500
20,LHQ0034,1,31971,***,24년 전산장비 임차용역,용역,LHQ,제2작전사령부,202407051100,CC1DE,마루기획,maroo event agency,이창욱,0537680430,대구광역시 남구 대명로21길9 (대명동) 1층,88.39,11633000
349,UMM0884,1,25376,***,(246243-D)교육장비(미디어월) 구축 사업,물품,UMM,국군재정관리단,202407051100,08023,주식회사 영진씨엔씨,SN,김미경,07042557066,"인천광역시 부평구 마장로168, 3층(산곡동)",88.001,90084283
56,UMM0883,1,23866,***,(246251-D) 사전학습지원 기반체계(노트북) 도입사업,물품,UMM,국군재정관리단,202407051100,A0986,한신정보주식회사,"hanshin information co.,Ltd",정상진,0552519686,경상남도 창원시 진해구 백구로59-0 (대천동),83.465,3238271906
2910,UMM0878,1,22382,***,"24-F-시험세트, 항공기 엔진용  구매(249116-F)",물품,UMM,국군재정관리단,202407051100,K68CA,선아골드넷,,김은아,01050659942,"전라남도 순천시 조례연동길5, 315동 801호(조례동, 순천조례3차 대주파크빌)",87.995,115885836
1971,LNR0020,1,31755,***,00부대 더 좋은 병영식당 취사기구 구매,물품,LNR,수도기계화보병사단,202407051100,K1FE7,썬블루,,이혜용,01023933322,경기도 파주시 문산읍 방촌로1213-20,87.995,95870741
192,LCF0425,1,12729,***,"시일, 밀봉형 등 58항목 구매(기장)",물품,LCF,육군군수사령부,202407051030,L0FB5,에스엔더블유테크,,명노헌,0517141295,부산광역시 강서구 가리새2로13번길14-0 (생곡동),88.647,65960870
2,SDF0100,1,31978,***,24-항-48 655 버스임차(2대) 용역,용역,SDF,제5738부대,202407051030,G9B6F,주식회사 하나관광여행사,HANA EXPRESS,노창규,0542755599,경상북도 포항시 남구 상공로76-1 (상도동),88.592,1899767
175,SFM0054,1,31867,***,방탄헬멧 땀받이 등 2품목 구매,물품,SFM,제3170부대,202407051030,J0D89,푸른세상,,이대식,0542476842,"경상북도 포항시 남구 상도남로11, 105동 1703호 (대잠동 자이)",88.003,52457207
88,DSS0037,1,31982,***,정보통신 운용재료 구매,물품,DSS,국군제1068부대,202407051030,LF13C,휴먼,,정선옥,01088631724,"경기도 하남시 역말로15번길35 (덕풍동, 덕풍쌍용아파트) 106-1703",88.011,23371346
396,SFN0056,1,31976,***,케이블타이 등 64종 구매 납품,물품,SFN,연평부대,202407051030,J6B27,정일컴퍼니,,서현일,0325151036,"인천광역시 남동구 용천로105번길8, 101동 1102호(구월동, 한화포레나 인천구월)",88.001,53043000
930,SCU0044,1,31932,***,의료기재(해상용 들것 등 4종) 구매,물품,SCU,해군 기동함대사령부,202407051030,L3C4C,이브닝,,김진희,01047350764,"서울특별시 중랑구 숙선옹주로9길25, 101동 1003호(묵동, 세방아파트)",88.009,18016431
2592,LKS0045,1,31913,***,영관급 지휘관 지휘봉 구매,물품,LKS,육군인사사령부,202407051030,J6AFF,케이제이컴퍼니,,김민경,01054688973,"충청북도 청주시 상당구 용암북로44번길3, 101호(용암동)",88,18875130
1047,LMH0043,1,31871,***,24년 군단 직할대 프린터 임차용역(C065),용역,LMH,제7군단,202407051030,C22E7,프린터스기술,printerstech,차성호,0328671663,"경기도 부천시 원미구 장말로71-0 (상동, 한아름마을) 1506-603",88,43955700
33,HDQ0065,1,32012,***,20비 24-223 EMPR 등 91종,물품,HDQ,제20전투비행단,202407051030,JFEAF,미주통상,,정채린,010-4411-2344,충청남도 계룡시 엄사면 엄사중앙로97,88.112,36330000
17,HDQ0063,1,32006,***,20비 24-226 캐노피 세척기 12대,물품,HDQ,제20전투비행단,202407051030,J7641,케이엠글로벌,,박미영,0415770063,"충청남도 천안시 서북구 검은들3길46, 8층 803-2(8020)호(불당동, 미래시티빌딩)",88.037,15002860
310,HDQ0064,1,32009,***,20비 24-222 에어릴 등 114종,물품,HDQ,제20전투비행단,202407051030,M8DA5,계룡흥업,,양관영,010-8454-2779,충청남도 계룡시 엄사면 번영4길8-14,88.006,14980990
174,SFM0053,1,31861,***,다목적 세정제 구매,물품,SFM,제3170부대,202407051030,K6869,삼성시스템,,우종근,0542741515,경상북도 포항시 남구 해동로72번길13 (해도동),88,31571306
809,MCS0085,1,28097,***,24- 간부숙소 및 구룡품안콘도 청소용역,용역,MCS,국방부계룡대근무지원단,202407051030,C531F,주식회사 보성기업,BoSeong Enterprise co.LTD,소완희,0515234952,부산광역시 해운대구 센텀중앙로90-0 (재송동) 본동 2312호,87.995,588511910
9,LPN0007,1,31697,***,개인전투천막 구매(육성-4),물품,LPN,수도군단,202407051030,L6FF9,주식회사 유노인더스트리,,정민영,07087112611,경기도 남양주시 화도읍 비룡로292번길11,88.006,36739690
12,EBH0061,2,0389A,***,PP-2K부품(구매),물품,EBH,해상공중전력운영계약팀,202407041430,C0636,주식회사 와이어블(Wiable Corp.),KRTnet Corporation,김문환,0220773145,"서울특별시 송파구 법원로11길28, 10층, 11층, 12층(문정동, 비케이타워)",84.226,414595477
328,SCF0700,1,27990,***,(긴급)코일형 스테인레스 강선 5.0 등 38종,물품,SCF,해군군수사령부,202407041300,CF5B2,대광산업,daegwang,이종명,01026787883,경상남도 창원시 마산회원구 양덕북5길97 (양덕동1층상가),87.997,33860430
3862,LCP0049,1,31625,***,'24년 전반기 병영도서관 및 독서카페 도서 구매,물품,LCP,육군항공사령부,202407041130,JE25D,엔플,,김병훈,07046472656,"충청북도 청주시 흥덕구 대농로55, 205동 3301호(복대동, 두산위브지웰시티2차)",90,11785730
153,LCF0418,1,30928,***,발광 다이오드 등 38항목 구매(통신),물품,LCF,육군군수사령부,202407041100,H33C2,주식회사 세연인터내셔널,SEYEON INTERNATIONAL,신현철,025390441,"경기도 구리시 수택천로16번길32, 2층 (수택동, 세연빌딩)",84.838,225100000
64,LDA0027,1,31540,***,00부대 차량정비고 셔터교체 설치납품,물품,LDA,지상작전사령부,202407041100,C085F,주식회사 에이치에스건설,"mire construction industry Co., Ltd.",박선희,0335737567,강원특별자치도 삼척시 우지길122-22 (우지동),88.019,25627000
6,MHP0012,1,30709,***,유해 유전자 검사 재료/시약 구매(유해화학물질),물품,MHP,국방부유해발굴감식단,202407041100,FE04D,주식회사 에이에스씨,"ASC Co.,Ltd",임승수,0316770131,"경기도 안성시 공단1로99 (신건지동, 안성제1산업단지)",88.366,6152300
13,LHM0075,1,29373,***,24년 신병교육대대 교육비품,물품,LHM,제15보병사단,202407041100,JF618,강원종합상사,,이재순,01085829282,강원특별자치도 화천군 간동면 온수길74,88.187,10854600
6,LKD0058,1,31063,***,육-00사단 방탄조끼 I 형 제조/납품,물품,LKD,제32보병사단,202407041100,L6FF9,주식회사 유노인더스트리,,정민영,07087112611,경기도 남양주시 화도읍 비룡로292번길11,88.12,133254170
1778,SFC0079,1,31723,***,잉크패드 리필 등 64품목 구매,물품,SFC,제9691부대,202407041030,L0824,대흥상사,,박현숙,07088689998,"전북특별자치도 익산시 약촌로228 (영등동, 동신아파트) 105-703",87.995,8013790
8,SCL0032,1,31724,***,45인승 버스 임차용역,용역,SCL,해군사관학교,202407041030,F38DB,주식회사 청주아일관광,AILTOUR,조경석,0432667730,충청북도 청주시 서원구 1순환로1130-5 (분평동),88.674,23935000
2,LGT0063,1,31361,***,'24-3차 영동지역 실내공기질 측정 용역(24-GS-25),용역,LGT,제2307부대,202407041030,IBEAE,주식회사 블루스쿼드,,안청모,0266748997,강원특별자치도 강릉시 경강로2326번길4-0 (포남동) 2층 215호,88.139,15472000
3,LGT0065,1,31360,***,'24-2차 영서 실내공기질 측정 용역(24-GS-31),용역,LGT,제2307부대,202407041030,E8E48,(주)알렉스 분석시험소,A.L.E.X,김만기,0337442817,강원특별자치도 원주시 지정면 청정로80-1,88.071,27037000
3,LGT0064,1,31358,***,'24-1차 영서 실내공기질 측정 용역(24-GS-24),용역,LGT,제2307부대,202407041030,E8E48,(주)알렉스 분석시험소,A.L.E.X,김만기,0337442817,강원특별자치도 원주시 지정면 청정로80-1,88.037,18692000
212,LNG0053,2,31685,***,'24년 예비군훈련장 방제용역(3개소),용역,LNG,육군 제1군단,202407041030,M42D1,태경환경,,서영경,01077696645,"경기도 광주시 마루들길292, 상가동 지하층 B02호(양벌동, 대주파크빌제1차B블럭)",88.015,7591320
1040,LNG0051,1,31414,***,탄두회수함 구매 설치 (12개),물품,LNG,육군 제1군단,202407041030,IEE9C,늘품,,임용근,01071147758,"경기도 오산시 운암로63-0 (오산동, 운암현대아파트)",88.003,18882961
16,HCC0069,1,31672,***,먹통 등 69품목,물품,HCC,해군제1수리창,202407041000,L0EFE,씨에스 강원,,김도연,01052181431,강원특별자치도 동해시 부곡6길6 (부곡동),88.041,3036260
5,HCC0070,1,31686,***,슬링벨트 등 5품목,물품,HCC,해군제1수리창,202407041000,C0914,(주)동건,DONG GUN CO.,윤영현,0332422612,강원특별자치도 동해시 전천로245-2 (북평동),88.088,372000
5,EBBE041,1,7930,***,손잡이조립체류(제조),물품,EBB,지상공통전력운영계약팀,202407031400,L8E9D,뉴테크코리아 주식회사,,이인순,07075763689,경기도 화성시 송산면 송산포도로510-13,88.249,30556760
32,LKP0116,1,31178,***,00부대 관사 제초용역(대구),용역,LKP,5군수지원사령부,202407031130,J3E15,성수개발 주식회사,,김성근,053-768-7732,대구광역시 달성군 가창면 가창로220길21-0,88.189,2582539
4,EBH0075,1,1300,***,안테나조립체(AS-992K)및부품,물품,EBH,해상공중전력운영계약팀,202407031100,3324F,충무정밀(주),"Choongmoo Precision .,Ltd",이창영,0236600600,서울특별시 강서구 강서로468-0 (등촌동) 에이스테크노타워 301호,84.409,701100000
10,LPC0031,1,31487,***,BTL 관사(행복마을) 도배 및 장판 설치납품,물품,LPC,제25보병사단,202407031100,M6916,주식회사 이엠이앤씨,,송승희,0319472337,"경기도 파주시 어을매로64-3, 1층(교하동)",88.077,86250400
3,LPC0030,1,31484,***,BTL 관사(미소마을) 도배 및 장판 설치납품,물품,LPC,제25보병사단,202407031100,K9C3B,주식회사 현도,,김정애,0318210975,"경기도 양주시 옥정로10라길44-0 (옥정동) ,101호",88.06,31149570
91,MDR0034,1,31355,***,화상회의시스템 구매,물품,MDR,제9965부대,202407031100,K1E93,주식회사 거송,,김종희,01035045709,"경상북도 구미시 송동로73, 122호(도량동, 대하상가)",88.13,19528395
141,UMM0873,1,27647,***,(247039-H)24-2차 상용SW 구매,물품,UMM,국군재정관리단,202407031100,C4A1C,주식회사 중앙첨단소재,,김영신,07050154884,"경기도 안양시 동안구 시민대로115, 5층 503호 (호계동)",85.038,662687000
13,UMM0886,1,26113,***,(246249-F) 전자칠판 등 제조설치,물품,UMM,국군재정관리단,202407031100,C61BA,엠에스원디지털 주식회사,"MSONE DIGITAL Co.,Ltd",하동순,0269338988,"서울특별시 영등포구 양평로149-0, 1106호 (양평동5가)",88.078,500238000
10,UMM0885,1,23313,***,(247228-F) 고속단정 제조,물품,UMM,국군재정관리단,202407031100,B437B,주식회사 우남마린,"WOONAM MARINE CRAFT CO., LTD.",김한준,0553318959,경상남도 김해시 상동면 동북로473번길14-23,89.464,585500000
939,UMM0874,1,23194,***,"24-F-연삭기,원통형 2점 구매",물품,UMM,국군재정관리단,202407031100,J8A51,레오컴퍼니,,유지민,01030513086,"경기도 의정부시 동일로397, 210동 1105호(장암동, 장암2단지주공아파트)",87.995,151314110
639,UMM0674,2,22450,***,(247129-F)장비운영소모품(병리5) 구매,물품,UMM,국군재정관리단,202407031100,K4C4F,이엠이컴퍼니,,성원민,01023624072,서울특별시 금천구 가산디지털1로171 (가산동) 3층 306-19,83.002,228062170
23,LKM0037,1,29919,***,'24~29년 얼음정수기 임차 용역,용역,LKM,제2632부대,202407031100,MA043,전주이야기,,이인환,07048080538,전북특별자치도 전주시 덕진구 노송여울2길154 (진북동),87.751,155246470
5,EBH0080,1,8020,***,24년 천마 수리부속(호스등_구매),물품,EBH,해상공중전력운영계약팀,202407031100,HD46C,대현테크,DAEHYEON TECH,전현규,0518319720,부산광역시 강서구 평강로171번길259-0 (대저1동),98.154,166087350
266,SCF0689,1,23767,***,"세척제,용매용 1종 구매",물품,SCF,해군군수사령부,202407031030,MB792,에스제이상사,,곽새롬,01064249366,"경상남도 김해시 관동로138, 1404동 301호(관동동, 죽림마을 동원로얄듀크아파트14단지)",88.084,8392550
225,LGT0062,1,31241,***,'24년 병영도서관 도서 구매(24-GP-52),물품,LGT,제2307부대,202407031030,A69F1,주식회사 성림,sung lim,이정훈,0334580900,강원특별자치도 철원군 동송읍 오지5길32-0,90.001,26672830
190,SCF0694,1,31306,***,혼다 GX-35 기화기 등 40종 구매,물품,SCF,해군군수사령부,202407031030,KBCC2,주식회사 유진기업,,차화진,07073117303,경상남도 창원시 의창구 원이대로271 (봉곡동)3층 314-B,88.016,12848400
149,SCI0076,1,31281,***,플랫 씰링 등 22종 구매,물품,SCI,제9121부대,202407031030,M7892,한청,,하영주,01058930114,경상남도 창원시 마산합포구 오동북9길9(오동동),88.013,20329699
299,SCK0082,1,31192,***,복사용지 등 118종 구매,물품,SCK,해군교육사령부,202407031030,L74BE,신기해요,,장민상,01035698003,경상남도 창원시 진해구 신항동로226-0 (용원동) 206동 702호,88.002,19640769
299,SCK0081,1,31136,***,복사용지 등 386종 구매,물품,SCK,해군교육사령부,202407031030,M4076,다람상회,,최순영,010-3467-8002,"경상남도 창원시 진해구 월남로142, 104동 1층 101호(남양동, 남양 에스티엑스칸)",88.101,32914138
191,SCF0693,1,31274,***,딥클린 젤(대용량) 세제 등 11종 구매,물품,SCF,해군군수사령부,202407031030,CE517,경남상사,,허정명,051-338-6138,경상남도 창원시 진해구 용원로90번길 11-1(),88.011,12768852
953,LCH0048,1,30936,***,잠수물자 부품 구매(특-24-물-46),물품,LCH,특수전사령부,202407031030,H9F80,백야상사,Baekya corp,김수현,01040740204,경기도 하남시 미사강변서로45 동원로얄듀크 2207-2503,88.001,23725740
153,LFR0011,1,31485,***,24년 후반기 교육예산 물품 구매,물품,LFR,육군기계화학교,202407031030,GD579,주식회사 엔에스지,nsg,조명수,0629749116,광주광역시 광산구 산월로21번길9-0 (월계동),88.002,19504810
104,SFD0060,1,31328,***,24년 후반기 국가기술 자격검정 도서 구매,물품,SFD,제9227부대,202407031030,ID3EB,대경솔루션,,신윤석,01051884845,"경상북도 포항시 남구 해동로37, 2층 209호 대경솔루션(해도동)",90.007,6881330
259,SCF0692,1,31255,***,폐기 신축관 조립체 등 3종 구매,물품,SCF,해군군수사령부,202407031030,MA78B,성신디펜스솔루션(주) 부산공장,,전봉욱,0519730900,부산광역시 강서구 녹산산단261로74번길54-0 (송정동),87.108,210100000
1375,SCF0695,1,24182,***,위보 노트북 쿨링 스탠드 등 12종 구매,물품,SCF,해군군수사령부,202407031030,J201F,제이컴,,김지은,07040075334,강원특별자치도 춘천시 충혼길52번길10 (온의동) 드림타워 3층 306-69,87.997,7901260
5,HCC0065,1,31435,***,배터리 등 99품목,물품,HCC,해군제1수리창,202407031000,JAA31,주식회사 다온종합상사,,윤정우,01063743031,"강원특별자치도 동해시 효가동효자로 708-2 ,2층",88.047,4244127
16,HCC0068,1,31471,***,오링 등 30품목,물품,HCC,해군제1수리창,202407031000,L8B5E,씨에스상사,,김효식,01052181431,"강원특별자치도 동해시 부곡6길6,(부곡동)",88.046,2555220
15,HCC0067,1,31468,***,뺀지 등 59품목,물품,HCC,해군제1수리창,202407031000,L0EFE,씨에스 강원,,김도연,01052181431,강원특별자치도 동해시 부곡6길6 (부곡동),88.218,2162560
2,EBHE021,1,4507,***,"24년 발전기 유지부품(5KW,700W)(구매)",물품,EBH,해상공중전력운영계약팀,202407021400,J1C61,주식회사 종금,,송정연,0313198872,경기도 시흥시 옥구천동로218 (정왕동) B동 805호,96.576,63782000
341,SCF0679,1,25644,***,"(긴급)바, 금속제(황동봉 C3604 12.7Ø) 등 42종",물품,SCF,해군군수사령부,202407021300,KD5B6,소망상사,,최인숙,01062487950,"경기도 평택시 안중읍 안현로서6길10, 406-비10호(대원빌딩)",87.998,49600710
214,SCF0680,1,25665,***,(긴급)에폭시 프라이머 코팅 키트 등 12종,물품,SCF,해군군수사령부,202407021300,GF65E,미래상사,miraeshangsa,김성길,051-310-0707,"부산광역시 사상구 낙동대로910, C동 253호(감전동, 마트월드)",88.059,7439400
94,MDD0093,2,25051,***,2024 동맥 초음파 실습모형 구매,물품,MDD,국군수도병원,202407021200,BDDFA,(주)메드닉스,"MEDNICS Co.,Ltd",신영순,0233973030,"서울특별시 금천구 벚꽃로 278, SJ테크노빌 912호(가산동)",99.495,7840000
82,LCF0409,1,27473,***,"부품킷트,고저 실린더용 등 2항목 구매(자주포)",물품,LCF,육군군수사령부,202407021130,F8458,케이에스이엔지주식회사,"KSENG CO., LTD.",김미옥,07047052878,강원특별자치도 평창군 평창읍 농공단지길26,83.025,389818390
16,EBB0284,1,1554,***,자주포 스프링류,물품,EBB,지상공통전력운영계약팀,202407021100,MAA92,삼영산업,,문헌태,0553333303,경상남도 김해시 분성로557번길60-7 (어방동),87.999,35765100
9,LHM0074,1,30804,***,(지통-5) 24년 소규모 수리ㆍ유지 UPS 구매,물품,LHM,제15보병사단,202407021100,DF36A,현대전력 (주),"hyundai electricity co.,ltd.",김서현,0334323051,강원특별자치도 화천군 화천읍 중앙로40,88.041,22423500
5,LCN0036,2,30239,***,24년 생도선발 1차 시험 수송 버스 임차용역,용역,LCN,육군사관학교,202407021100,JDFC5,(주)하나트레블,,임병식,024972477,경기도 김포시 양촌읍 양곡4로139 나-104,93.931,9230000
39,LNT0020,1,30630,***,축성도구 구매,물품,LNT,제28보병사단,202407021100,IE5E4,주식회사 라온아띠,,강세구,03118117929,경기도 양주시 옥정서로254 (옥정동) 사회적기업동,88.072,13215000
26,EBBE039,1,4160A,***,"부품키트,서보장치조립체,선회용(구매)",물품,EBB,지상공통전력운영계약팀,202407021100,JBCA9,시앤에스테크,,최재식,0513130420,부산광역시 사상구 학감대로252번길68-0 (주례동),88.009,47589400
423,UMM0877,1,30505,***,(247046-H)상황실 브리핑시스템 구축,물품,UMM,국군재정관리단,202407021100,B0A5B,주식회사 경기방재,"GYEONG GI BANG JAE CO., LTD.",최대현,0318711119,경기도 의정부시 의정로110번길 15(),87.996,124777256
76,UMM0872,1,29879,***,(24G033-H)IP전화기 유지보수 용역,용역,UMM,국군재정관리단,202407021100,G9278,셀코정보기술 주식회사,SELKOR INFORMATION TECHNOLOGY,임윤정,01043840193,서울특별시 도봉구 도봉로169나길78(도봉동),87.79,85695760
45,UMM0871,1,29845,***,(24G024-H)조종훈련장비 유지보수 용역,용역,UMM,국군재정관리단,202407021100,EEA86,청남정보통신 주식회사,chungnam information,박규대,0424718874,"대전광역시 서구 월평서로25번길42, 2층(월평동)",87.757,90735900
899,UMM0881,1,27544,***,(246264-E) 타이어 탈착기 2종 구매,물품,UMM,국군재정관리단,202407021100,DADF4,주식회사 교성,"Gyosung co., ltd",차국열,0332557650,강원특별자치도 춘천시 동면 춘천순환로387-0,82.997,518608147
3240,UMM0870,1,26261,***,(246263-D) 차량오일 수거기 등 2품목 구매,물품,UMM,국군재정관리단,202407021100,IFD61,샘물기업,,박민진,01038002037,"충청남도 천안시 서북구 불당23로10, 501동 1층 103호(불당동, 호반 베르디움 센트로 포레)",87.995,112796000
6,UMM0879,1,24083,***,(246244-E) 부대비품(영상편집기) 제조/설치,물품,UMM,국군재정관리단,202407021100,H78A6,주식회사 에이치케이시스템,HKSYSTEM,이해진,0216444834,경기도 남양주시 오남읍 진건오남로555번길17-6,94.881,87310000
6,MDP0005,2,30465,***,24-1차 전산장비(PC) 교체사업,물품,MDP,한미연합군사령부,202407021100,H78A6,주식회사 에이치케이시스템,HKSYSTEM,이해진,0216444834,경기도 남양주시 오남읍 진건오남로555번길17-6,91.033,43900000
201,LCF0380,2,23847,***,"침대, 비조정식 10항목 구매(의무)",물품,LCF,육군군수사령부,202407021100,J1C2B,서진디스플레이 주식회사,,김성구,0266791085,서울특별시 구로구 경인로53길15-0 (구로동) 다동 321호,88.055,46891228
420,LCF0374,2,08066,***,"디스플레이, 광전자식 등 14항목 구매(통신)",물품,LCF,육군군수사령부,202407021100,K0752,주식회사 엄지,,김유담,07040454163,경기도 성남시 중원구 광명로94번길14-1 (성남동) 지층,88.001,45016778
2,EBH0076,1,8008,***,24년 발칸 열영상야간조준기(제조),물품,EBH,해상공중전력운영계약팀,202407021100,M8F94,진해공업,,김재원,0553436724,경상남도 김해시 한림면 김해대로1099번안길42-18,88.143,53466000
1455,HCF0165,1,27172,***,"[항공자동기상관측장비]하우징,전자 구성품용 등 3종",물품,HCF,공군군수사령부,202407021030,HD213,수앤주,soo&joo,신경수,0315663120,"경기도 구리시 안골로44-1, 302호 (교문동,다건시티)",87.995,117806716
9,SCN0109,1,30238,***,24-00전대 상용 소프트웨어 구매,물품,SCN,제7001부대,202407021030,IEE10,주식회사 심시스글로벌(SIMSYSGLOBAL Inc.),,김윤제,0269539251,"서울특별시 서초구 동산로23, 6층 (양재동, 베델회관)",99.837,26100000
1679,LNG0050,1,30459,***,예비군훈련장 사격장 방탄보호판 구매 설치,물품,LNG,육군 제1군단,202407021030,MBAD2,와이디상사,,홍윤도,01090743416,경기도 광명시 광화로13번길9 (광명동)105동 1304호,88.002,39095070
79,LMH0042,1,30862,***,항공정비장비(KUH-1 전원공급기 어뎁터) 구매(C060),물품,LMH,제7군단,202407021030,L40B6,주식회사 정성글로벌,,정윤성,010-9567-5502,경기도 고양시 일산동구 고봉로678번길33-0 (설문동) A동,88.012,11185007
308,SCH0106,1,30741,***,엔진오일 등 25종 구매,물품,SCH,해군작전사령부,202407021030,KC8CE,형제종합상사,,하혜수,01051068738,부산광역시 해운대구 해운대해변로117-0 (우동)대우마리나102-301,88,21770000
295,HDQ0061,1,30806,***,20비 24-219 위험물 보관함 등 15종,물품,HDQ,제20전투비행단,202407021030,LC8BD,(s)클래스,,김성수,07076129238,충청남도 논산시 성동면 논산평야로436번길14-29,88.015,24288014
26,SCN0108,1,30001,***,도서 혈관초음파 등 13권 구매,물품,SCN,제7001부대,202407021030,CF5B2,대광산업,daegwang,이종명,01026787883,경상남도 창원시 마산회원구 양덕북5길97 (양덕동1층상가),90.005,1801547
69,HDC0030,1,30604,***,24-용-81 수송대대 작업장 증축 건설폐기물처리용역,용역,HDC,공군제1전투비행단,202407021030,B465D,주식회사 태경,taekyung,김순수,0635611310,전북특별자치도 고창군 고수면 태봉로221,88.003,18933800
34,SFM0052,1,30544,***,동행사복 등 18품목 제조,물품,SFM,제3170부대,202407021030,I2ADF,아이지컴퍼니,IG,윤건호,0552461130,경상남도 창원시 마산회원구 석전동17길52-0 (석전동),88.007,77821800
4,SFM0051,1,30523,***,플라스틱 박스 제조,물품,SFM,제3170부대,202407021030,HCED6,주식회사 부린,"BOO RIN CO., LTD.",강흥식,0538523249,경상북도 경산시 하양읍 지식산업2로4길33,88.502,62530000
179,SCI0075,1,30316,***,"부품키트, 유압펌프용 등 9종 구매",물품,SCI,제9121부대,202407021030,M244F,한산글로벌,,김영은,01040476556,"경상남도 창원시 마산합포구 고운로118, 102호 102-A016(신월동)",88.031,40740270
94,SCI0074,1,30335,***,시일조립체 등 3종 구매,물품,SCI,제9121부대,202407021030,D217B,주광유통,,허준영,070-4212-6138,경상남도 창원시 진해구 용원로90번길 11-1(),88,15060020
92,SCK0080,1,30713,***,얼굴가리개 등 20종 구매,물품,SCK,해군교육사령부,202407021030,I5E80,주식회사 진성하이텍,JINSUNG HITEC,조종열,0555525665,"경상남도 창원시 마산합포구 해안대로91, 상가 205호(해운동, 경민시티빌)",88.003,4545100
6,SCK0079,1,30572,***,24-2차 해고반 현장학습 버스 임차용역,용역,SCK,해군교육사령부,202407021030,C5D5E,주식회사 대진고속관광,DAEJIN TOUR,김재식,0555452226,경상남도 창원시 진해구 충장로 235(),88.006,1648560
311,LFP0007,1,30678,***,24년 후반기 학교 교육예산 비품 구매,물품,LFP,육군보병학교,202407021030,M2769,중앙인쇄 종합광고,,장재은,0615442566,전라남도 진도군 진도읍 철마길8,88.002,53050130
17,LNS0042,1,30666,***,'24~27년 식기세척기 임차용역,용역,LNS,제55보병사단,202407021030,JEEC6,에스지원,,김성진,02-6205-2020,"경기도 하남시 미사강변한강로135, 나동 0622호(망월동, 미사강변스카이폴리스)",88.009,56271500
294,SCN0111,1,30665,***,샤워기헤드 등 67종 구매,물품,SCN,제7001부대,202407021030,M6229,태양테크,,이지현,07070079628,"경상남도 창원시 마산회원구 3·15대로732-0 (합성동, 남산빌딩) 4층 4139호",88.011,33643670
44,SFN0055,1,30377,***,24-Y-물탱크 청소 용역,용역,SFN,연평부대,202407021030,FCB47,강원방역,kang won bangyeo,이진선,032-565-8037,"인천광역시 서구 봉오대로318번길23-0 (가정동, 하나아파트상가동3층10호)",87.801,108160500
1078,SFG0072,1,30060,***,체력단련기구 구매,물품,SFG,제9181부대,202407021030,M716D,지니유통,,곽용진,01034233777,경기도 하남시 하남대로830-0 (덕풍동)108동 1503호,87.995,51874680
1001,SFG0071,1,29774,***,"COVER, elecrical plate 등 9품목 구매(수리부속)",물품,SFG,제9181부대,202407021030,IE556,에이스 컴퍼니,,정택호,01045609111,"인천광역시 서구 건지로404, 207동 1501호(가좌동, 가좌한신휴플러스아파트)",87.997,37721600
2227,SFG0070,1,29773,***,잡초방지용 부직포 구매,물품,SFG,제9181부대,202407021030,M4F2C,이은글로벌,,최성경,01041413908,"경기도 김포시 유현로215, 222동 202호(풍무동, 풍무 센트럴 푸르지오)",88.001,14501250
387,SFC0069,2,24874,***,개인 보호 장구류(개인보호 킷 등 6품목) 구매,물품,SFC,제9691부대,202407021030,K85D3,달달스마일,,이혜선,01020074664,경기도 용인시 처인구 포곡읍 포곡로72-0 2층 204호 A184,88.002,5021410
74,SCF0686,1,30700,***,"하계취사복 하의 4,000SH 제조",물품,SCF,해군군수사령부,202407021030,L0755,수담,,김이본,07049103335,"경상북도 경주시 동천로56번길12 (동천동), 1층 103호 수담",89.959,44645985
582,SCF0672,1,29816,***,"케이블조립체,특수목적용,전기용 등 5종 구매",물품,SCF,해군군수사령부,202407021030,I5E80,주식회사 진성하이텍,JINSUNG HITEC,조종열,0555525665,"경상남도 창원시 마산합포구 해안대로91, 상가 205호(해운동, 경민시티빌)",82.995,282497000
132,SCF0666,1,28755,***,"(긴급) 스위치 유닛, 전력전달용 1종",물품,SCF,해군군수사령부,202407021030,B830C,태양전자,TAE YANG ELECTRDNICS,이상덕,055-546-3471,경상남도 창원시 진해구 충장로 73-14(),97.542,7708800
18,SCF0685,1,28442,001,우엉조림 구매,물품,SCF,해군군수사령부,202407021030,J1559,행복유통,,이윤영,055-546-0842,경상남도 창원시 진해구 태평로48번길2-0 (태평동)1층,88.137,6768
20,SCF0683,1,28400,001,체다 슬라이스치즈 구매,물품,SCF,해군군수사령부,202407021030,M54D7,키즈앤하우스,,조용호,01042223890,경상남도 양산시 덕계로80-0 (덕계동),88.13,4007
20,SCF0684,1,28387,001,깐메추리알 구매,물품,SCF,해군군수사령부,202407021030,IF555,류홀마트(합포점),,최정임,055-221-6798,경상남도 창원시 마산합포구 문화동로1-0 (월포동),88.183,5655
42,SCF0682,1,28375,001,돼지등갈비(냉동) 구매,물품,SCF,해군군수사령부,202407021030,J1559,행복유통,,이윤영,055-546-0842,경상남도 창원시 진해구 태평로48번길2-0 (태평동)1층,88.035,10240
15,SCF0674,1,28322,***,"헌병,의장 장갑류 2종 제조",물품,SCF,해군군수사령부,202407021030,L6FF9,주식회사 유노인더스트리,,정민영,07087112611,경기도 남양주시 화도읍 비룡로292번길11,88.355,11409120
43,SCF0681,1,28318,001,뼈발골닭다리정육 구매,물품,SCF,해군군수사령부,202407021030,G1EEC,지(g)-마트,G-mart,송낙천,0555523355,"경상남도 창원시 진해구 조천북로62 105(경화동,하이존상가 105~107)",88.122,13300
780,SCF0673,1,28258,***,전기전도도측정기 1EA 구매,물품,SCF,해군군수사령부,202407021030,JE46C,이루유통,,정윤식,01047270953,"경기도 용인시 기흥구 흥덕2로117번길14, 604동 103호(영덕동, 광교레이크스위첸)",87.995,5563930
1416,SCF0677,1,24372,***,"천,커튼용 구매 4,700MR 구매",물품,SCF,해군군수사령부,202407021030,JE25D,엔플,,김병훈,07046472656,"충청북도 청주시 흥덕구 대농로55, 205동 3301호(복대동, 두산위브지웰시티2차)",87.995,28937970
435,SCF0668,1,24192,***,"링,피스톤용 등 17종 구매",물품,SCF,해군군수사령부,202407021030,LA99E,이언,,박해리,01075508166,"경기도 부천시 경인옛로118번길33, 403호",83.002,238226990
1076,SCF0669,1,24190,***,조절밸브 등 7종 구매,물품,SCF,해군군수사령부,202407021030,I4D4D,엠제이원,mjone,김진욱,07078130803,"경상남도 김해시 번화1로84번길9-0 (삼문동, 젤미마을7단지e그린타운) 704동 1704호",88.015,45713450
23,SCF0671,1,24178,***,10톤 가레이지작키 1EA 구매,물품,SCF,해군군수사령부,202407021030,K41B3,해솔상사,,남예주,010-2537-8452,"경상북도 칠곡군 북삼읍 북삼로2길37, 3층 307호(우림하이츠)",89.13,1883500
20,SCF0601,2,21632,***,기능성침낭 43SE 제조,물품,SCF,해군군수사령부,202407021030,GED69,부림산업,Burim Industry,조주희,0553364424,경상남도 김해시 김해대로2646-0 (안동),96.11,14550000
3,LDC0015,1,28262,***,국제과학화전투경연대회 장비전시 부스 등 임차,용역,LDC,육군과학화전투훈련단,202407021030,K7936,토파즈,,전인수,07080987515,강원특별자치도 태백시 태백로1554-0 (문곡동) 2층 221호,90.228,137320000
106,LCH0047,1,30825,***,공수지상종합훈련장 선행연구용역(특-24-용-28),용역,LCH,특수전사령부,202407021030,H471D,주식회사 대홍관리,daehong1639,김금자,07042021639,부산광역시 동구 중앙대로286번길9-0 (초량동) 306호,87.747,87850000
4,HDM0044,1,30188,001,'24~'27년 청주(진천)지역 액화석유가스(LPG)통합구매,물품,HDM,공군제17전투비행단,202407021030,IA0B2,행운에너지,LUCKY ENERGY,이정희,0432317005,충청북도 청주시 흥덕구 강촌로211-0 (서촌동),84.681,1125
4383,HCF0168,1,29087,***,24-H-34/35 소형 타이어 탈착기등 2종,물품,HCF,공군군수사령부,202407021030,MA962,올어라운드라이트,,진영주,01059063224,"강원특별자치도 동해시 청운1길52-0 (쇄운동),501호",87.995,61610307
6,HCF0166,1,27834,***,[신궁 유도탄 부품]가스관조립체 등 6종 제조,물품,HCF,공군군수사령부,202407021030,GE214,조강테크,CHOKANGTECH,조재만,0517833768,부산광역시 사상구 가야대로196번길63 1층 (학장동),96.825,33067000
2,LDH0591,1,29388,***,(자재) 희석제 등 2종 구매,물품,LDH,육군종합정비창,202407011300,D0D7C,에스에이치씨피주식회사,SHCP,한향순,0417522186,충청남도 금산군 추부면 한사래길 6(),90.329,6852000
2,HCG0026,1,24788,***,24-사고예방 영상콘텐츠 제작 용역,용역,HCG,공군본부,202407011100,D8D03,주식회사 단군픽쳐스,,조상환,027146320,"서울특별시 강서구 금낭화로51, 3층(방화동)",50.463,17600000
11,MCS0083,1,30398,***,(군수-장비-06) 승용차용 매트 세척건조기 납품 설치,물품,MCS,국방부계룡대근무지원단,202407011100,MA167,도수산업,,안재홍,07047970581,"충청남도 천안시 동남구 풍세로798, 207호-A96호(청당동, 코르지아빌딩)",88.036,12563780
110,MDP0006,1,30466,***,24-1차 전산장비(모니터) 교체사업,물품,MDP,한미연합군사령부,202407011100,M6074,다로컴퍼니,,이미경,010-8883-1538,"경기도 시흥시 인선길63, 222동 204호(장곡동, 숲속마을 아파트)",88.076,24043930
407,MCS0084,1,30408,***,(지구병원-025) 장비운영소모품 15차 38종 구매,물품,MCS,국방부계룡대근무지원단,202407011100,JD180,서진글로벌,,박미선,01047542483,"인천광역시 연수구 아카데미로343번길63, 105동 1202호  (송도동, 송도자이더스타)",88,18681782
739,UMM0867,1,29385,***,24-N-벤딩머신 구매,물품,UMM,국군재정관리단,202407011100,L7B79,천지유통,,권윤지,01025901095,"경상남도 창원시 진해구 충장로657번길35, 202동 1801호",87.995,88051120
4659,UMM0859,1,24301,***,24-N-백면걸레 구매,물품,UMM,국군재정관리단,202407011100,LDF92,아트아키,,박충만,01091169457,"경기도 안양시 만안구 양화로135번길45 (박달동, 벽산아파트)104동402호",87.995,64083147
1304,UMM0857,1,23191,***,24-N-소형세차기 구매,물품,UMM,국군재정관리단,202407011100,L522B,주식회사 뮤템,,이진주,07088650809,경기도 용인시 기흥구 하갈로175 (상갈동),87.995,75367149
5,UMM0792,1,23155,***,24-F-풀 트레일러 제조,물품,UMM,국군재정관리단,202407011100,L8E9D,뉴테크코리아 주식회사,,이인순,07075763689,경기도 화성시 송산면 송산포도로510-13,87.997,82803805
1773,UMM0853,1,21662,***,24-D-쇼핑타운 장비비품 구매,물품,UMM,국군재정관리단,202407011100,L7970,제이와이 시스템,,신유연,01036958310,"경상남도 김해시 율하6로17-0 (장유동, 율하자이힐스테이트) 109-1104",87.995,72720330
31,UHC0015,2,26084,***,패트리어트 전원공급체계 장비 외주정비 용역계약,용역,UHC,공군 작사예하 방포사예하 제2여단,202407011030,1133F,이화전기공업 주식회사,EHWA TECHNOLOGIES INFORMATION CO.LTD,백성현,0234400204,"서울특별시 강남구 논현로 746, 석호빌딩(논현동)",92.937,904540000
5,LQH0034,1,30323,***,(육성)예비군중대 PC 제조/납품,물품,LQH,제3697부대,202407011030,H78A6,주식회사 에이치케이시스템,HKSYSTEM,이해진,0216444834,경기도 남양주시 오남읍 진건오남로555번길17-6,96.619,64200000
14,SDQ0069,1,29923,***,경량안전화 등 120종 구매,물품,SDQ,해군제2수리창,202407011030,K06BE,예은컴퍼니,,김소연,01031585843,경기도 평택시 안중읍 안현로서7길9 (동신 사랑마을 아파트) 205동402호,88.047,6856270
13,SDQ0067,1,29908,***,"슬리브, 추진축용, 선박용 등 43종 구매",물품,SDQ,해군제2수리창,202407011030,L0698,희망교역,,김옥선,010-2077-6975,"경기도 평택시 안중읍 안현로서6길10, 4층 402-H7호(대원빌딩)",90.495,87360000
14,LCM0047,1,30306,***,'24년 CBT제작용 상용SW 구매,물품,LCM,육군교육사령부,202407011030,DC750,주식회사 아이에스시지,"ISCG Co.,Ltd",권재영,025212337,"서울특별시 서초구 효령로53길45, 221호(서초동, 서초 이오빌)",96.1,43648000
101,HCM0054,1,27040,***,제4광역수사대 건물 신축 관급자재 자동제어,물품,HCM,공군교육사령부,202407011030,F20F2,중앙아이엔티주식회사,"Central Information  Technology Co., LTD.",인상익,0533822414,"대구광역시 북구 검단로 135, 107동 201호(검단동, 검단팩토리밸리)",88.189,73662600
100,LGQ0023,1,30074,***,'24년 응급처치키트 구매(육성),물품,LGQ,제36보병사단,202407011030,A4690,명진전기통신(주),myung jin,김진우,0335357351,강원특별자치도 동해시 봉오동길28-10(용정동),88.001,24463210
4,LNG0048,1,29829,***,'24년 누출검사 용역(10개소),용역,LNG,육군 제1군단,202407011030,HCA9E,재단법인 대경환경연구소,Foundation Daegyeong environment research institute,안교원,0549722599,경상북도 칠곡군 동명면 봉암1길27-1,88.796,9045000
34,SCH0105,1,30413,***,24-부 00기지 저수조 청소 용역,용역,SCH,해군작전사령부,202407011030,DA7EB,(주)가가이엔지,gaga,김호협,0516436119,부산광역시 부산진구 새싹로210번길6-16 (초읍동),88.291,19715680
90,HCQ0056,1,27238,***,공정화물의장시설 신축 시설공사(오버헤드크레인),물품,HCQ,공군제5공중기동비행단,202407011000,I206C,주식회사 가인씨엔에스,GAINC&S,윤순희,0314968911,"경기도 안산시 단원구 광덕서로92-0 406호(고잔동,대원빌딩)",88.416,224873550
38,LKP0115,1,29854,***,00부대 관사 제초용역(경남),용역,LKP,5군수지원사령부,202406281130,LCD83,주식회사 안,,김정숙,0556480454,경상남도 통영시 광도면 안정로365,88.812,2606000
34,EBH0073,1,1041,***,24년 발칸 총열부부품(제조),물품,EBH,해상공중전력운영계약팀,202406281100,JA1FD,주식회사 천명하이텍,,윤명자,0515143104,부산광역시 사상구 새벽시장로124(감전동),88.023,124450000
10,LIK0049,1,29868,***,'24년 취사기구(동력버너 부수기재) 구매계약,물품,LIK,제2군수지원여단,202406281100,MAE42,기준엠알오,,홍민기,0332542399,강원특별자치도 춘천시 동면 춘천순환로352-0,88.286,2119686
18,LMP0028,1,29715,***,24년 병영도서관 도서구입,물품,LMP,제3보병사단,202406281100,KDACA,주식회사 영진건설,,송혜빈,0334550542,"강원특별자치도 철원군 동송읍 오대로20-2,1층",90.037,45263602
6,LMP0029,1,29974,***,24년 부대비품(병영생활에어컨) 구매,물품,LMP,제3보병사단,202406281100,IC9AE,중앙산업(일렉트로닉),,한기춘,01040598987,강원특별자치도 철원군 동송읍 금학로205-0,99.296,13700000
652,UMM0856,1,23731,***,24-M-쿼드콘 구매,물품,UMM,국군재정관리단,202406281100,M79B5,주식회사 농업회사법인 포프리,,이동현,01077648557,전라남도 화순군 능주면 효죽로433,83.001,263158000
218,UMM0854,1,23298,***,24-N-FILTER BAG 등 2종 구매,물품,UMM,국군재정관리단,202406281100,M0372,유니온필텍 주식회사,,김도용,03180185490,"경기도 성남시 중원구 사기막골로62번길37-0 (상대원동), 스타타워 b110호",88.016,73502170
5488,MDG0160,1,29051,***,24-3차 취사기구(식판 등 8종) 구매,물품,MDG,국군의무사령부,202406281100,IC97E,영신상사,,박재완,01032433015,경기도 부천시 원미로177번길21-0 (원미동),87.995,37475000
12,MDG0154,2,25717,***,환자치료식 194종 구매,물품,MDG,국군의무사령부,202406281100,F5397,(주)진영씨엔씨,"Jin Young C&C Co.,Ltd.",김종진,0313235448,"경기도 용인시 처인구 중부대로1154, 301호 (삼가동,인앤인프라자)",88.693,62305100
2,MCD0035,1,26549,***,민간 아웃소싱 시범사업을 위한 제도화 방안 연구,용역,MCD,국방부(운영지원과),202406281100,D06F0,(사단) 한국정치학회,Korean Political Science Association,김범수,0234529555,서울특별시 마포구 동교로183-11 (동교동) 한국정치학회빌딩 4층 한국정치학회,,79999000
2,LMH0031,1,19311,***,다락대훈련장 간이 갈등영향분석 연구용역(C037),용역,LMH,제7군단,202406281100,H122B,유한회사 갈등조정센터,Conflict Mediation Incorp.,백도현,070-4409-5259,"경기도 성남시 분당구 탄천상로164, A동 2층 247호(구미동, 시그마2오피스텔)",93.512,23100000
10,EBH0066,1,1100,***,24년 성능개량 위치보고접속장치 수리부속(구매),물품,EBH,해상공중전력운영계약팀,202406281100,K9867,지나테크,,한선주,01071065977,충청남도 천안시 서북구 직산읍 직산로136-0 충남테크노파크 정보영상융합센터 606호,85.135,1077383913
60,LHN0054,1,28985,***,24년 공기청정기 필터 구매,물품,LHN,제7보병사단,202406281030,A5F12,고려정공 주식회사,"korea clean air co.,ltd",김순자,0313218500,경기도 용인시 처인구 모현읍 독점로268,87.996,35558800
281,MDN0007,1,29804,***,기술용역 재료 구매,물품,MDN,국군화생방방호사령부,202406281030,J2117,yes중앙스포츠,,임현길,01089651676,"경상북도 구미시 형곡로41길17, 4층 3호 (형곡동, 국제전원맨션2차)",88.004,23947020
33,LCG0054,1,29912,***,[24-육-145] 군악 의장 하계행사복 제조,물품,LCG,육군본부,202406281030,L6BFB,주식회사 마크온탑,,신승자,07076039643,서울특별시 영등포구 여의대방로43나길10-1 (신길동)  1층,88.085,44650000
32,LCG0053,1,29898,***,[24-육-142] 국군의날 기수단복 제조,물품,LCG,육군본부,202406281030,G7B27,현대종합상사,HYUNDAI,윤정만,0552461122,경상남도 창원시 마산회원구 봉암북10길2 (봉암동),88.017,79190738
199,SCK0078,1,29867,***,트라디오펜 등 330종 구매,물품,SCK,해군교육사령부,202406281030,K8BB4,주식회사 대경코리아,,조민구,07078581122,경상남도 창원시 의창구 원이대로271 (봉곡동) 3층 314-C호,88.012,12291100
16,LHG0041,1,29451,***,24년 안전점검 및 내진성능평가 용역 - 3자검증,용역,LHG,제1862부대,202406281030,M3C66,제이에이치안전엔지니어링 주식회사,,장윤선,0337448097,"강원특별자치도 원주시 입춘로45, 비동 705호(반곡동, 엔터비즈타워)",88.082,37549900
3,SCR0068,1,29993,***,24-000전대 항공교육 버스 임차용역,용역,SCR,해군제3함대사령부,202406281030,B7C90,(주)삼성고속관광,SAMSUNG EXPRESS,김효남,0613827988,전라남도 담양군 대전면 추성1로538-0,88.159,16450000
131,LKM0036,1,29736,***,"24년 3차 전산운영용품, 기타운영지원용품 구매",물품,LKM,제2632부대,202406281030,L21C4,송호,,송호림,01077483391,"전북특별자치도 전주시 완산구 흑석로31, 101동 404호(서서학동, 신용고궁 맨션)",88.004,23288733
3,LMZ0009,1,29733,***,24년 화력장비(급조폭발물처리장비) 구매,물품,LMZ,제2236부대,202406281030,CAAB4,강원상사,KWANG WON,김동국,0332422612,강원특별자치도 춘천시 남춘로17-0 (퇴계동),88.004,17787000
530,SFM0050,2,29336,***,권총집 등 44품목 구매,물품,SFM,제3170부대,202406281030,GECD1,(주)한일,hanil,김동신,0612798502,전라남도 목포시 용당로225-1 (용당동),88.046,55675010
247,SFN0054,1,29801,***,도서류 불변의 법칙 등 24종 구매 납품,물품,SFN,연평부대,202406281030,M4C12,파운트,,권석헌,01062069876,"인천광역시 부평구 마장로143번길25-4, 1동 201호(산곡동, 한마음 맨션)",90.001,9783450
3,HDR0006,1,30407,001,"24-LPG-1 취사, 난방연료 구매(거0)",물품,HDR,공군방공관제사령부,202406281030,H4642,속초가스충전소주식회사,siminenergy,임평모,0336355747,강원특별자치도 속초시 미시령로3239-0 (교동),98.16,44050161
31,HCC0064,1,29975,***,토너 등 25품목,물품,HCC,해군제1수리창,202406281000,K2119,주식회사제이케이컴퍼니,,오재국,01075986715,강원특별자치도 동해시 동해대로5464-0 (평릉동)2층 203-35호,88.027,5805070
6,HCC0063,1,29880,***,24 ~ 27-00창 정수기 12대 임차 용역,물품,HCC,해군제1수리창,202406281000,L8779,나이스,,김미정,033-733-2861,"강원특별자치도 원주시 무실로155, 104동 1401호(명륜동, 성원아파트)",88.748,11187090
5,LDH0584,1,27398,***,(자재) 튜브 등 12종 구매,물품,LDH,육군종합정비창,202406271300,K9657,주식회사 씨에스대현,,김채선,051-996-8443,경상남도 김해시 삼안로60번길8 (지내동),89.672,101853205
3,LDH0581,1,28127,***,발칸 계전기 구매,물품,LDH,육군종합정비창,202406271300,K6E2E,캐시드림,,이상미,010-2214-3997,"서울특별시 관악구 남부순환로256라길12-0 (남현동, 한백리츠빌) 203호",99.2,12320000
5,LDH0586,1,27403,***,(자재) 너트 등 31종 구매,물품,LDH,육군종합정비창,202406271300,CD1B2,SY전자,SY company,김석규,031-376-6432,경기도 화성시 중리북길52-0 (중동),88.311,87026350
32,EBB0282,1,1624,***,상자/바스켓류,물품,EBB,지상공통전력운영계약팀,202406271100,JA1FD,주식회사 천명하이텍,,윤명자,0515143104,부산광역시 사상구 새벽시장로124(감전동),89.212,200250000
4,LHM0072,1,29390,***,군-탄-8 공기압축기(150콤프) 장비 구매,물품,LHM,제15보병사단,202406271100,L9152,국제,,박찬규,0318274808,"강원특별자치도 화천군 간동면 느릅길25, 1층 02호",98.744,3560400
26,LHM0071,1,29383,***,"24년 야자매트, 더미 구매",물품,LHM,제15보병사단,202406271100,DF36A,현대전력 (주),"hyundai electricity co.,ltd.",김서현,0334323051,강원특별자치도 화천군 화천읍 중앙로40,88.021,43631560
357,LCN0035,1,27897,***,24-4차 전산운영용품 구매,물품,LCN,육군사관학교,202406271100,IF51E,씨티원 경기지점,,김은아,07087953338,"경기도 평택시 중앙로29, 537호 (통복동, 은호빌딩)",88.036,29757600
14,LGM0026,1,29194,***,"(24-물품-63) 24-8,9차 의무물자 구매",물품,LGM,제11기동사단,202406271100,J1D85,주식회사 다함메디,,한승엽,0317050041,"경기도 용인시 처인구 포곡읍 마성로386, 102호,103호",88.026,34722260
288,UMM0865,1,29346,***,(247026-H)사이버 방호체계 구매(설치),물품,UMM,국군재정관리단,202406271100,EFFA3,주식회사월드아이,WORLDI,신영구,027031700,"서울특별시 강북구 월계로37길15-0 (번동, 천보빌딩) 4층",87.996,113132850
4,UMM0864,1,29272,***,(24F195-I) 보급부대 근무분야 민간위탁(경기 고양),용역,UMM,국군재정관리단,202406271100,F52B9,공우이엔씨 주식회사,KONGWOO ENC Corporation,이한기,0262760252,"서울특별시 영등포구 여의대방로43라길6-0 (신길동, 신길프라자3층)",98.37,1814000000
2902,UMM0842,1,23727,***,24-N-목재절단기 2대 구매,물품,UMM,국군재정관리단,202406271100,IF633,필유통상사,,문락필,07088398230,"경기도 부천시 범안로80-0 (범박동, 부천범박힐스테이트2단지)202동 301호",87.995,73290350
177,UMM0851,1,23168,***,24-M-00부대 조경관리 용역,용역,UMM,국군재정관리단,202406271100,L1645,주식회사 공감,,이경희,0613244290,"전라남도 함평군 함평읍 광남길83 ,3층",88.014,145627670
61,LNR0019,1,28331,***,00부대 전력시설 개선 수배전반 제조 설치 납품,물품,LNR,수도기계화보병사단,202406271100,EBE4C,엔에스하이텍 주식회사,NSHITEC,김상준,0315424932,경기도 포천시 소흘읍 소흘로89-13,88.029,77732637
31,LDA0026,1,29243,***,00부대 음성녹취시스템 교체납품,물품,LDA,지상작전사령부,202406271100,A8292,엠에스전자통신주식회사,*,최민용,024745005,서울특별시 강동구 성내로 52성원빌딩,91.15,25705680
16,LHG0039,1,29449,***,24년 안전점검 및 내진성능평가 용역-1공구,용역,LHG,제1862부대,202406271030,F3987,주식회사 다담엔지니어링,dadam engineering,가상현,0269531061,강원특별자치도 원주시 양지로70 (반곡동),87.782,126430000
1939,SCQ0068,3,29078,***,자석홀더 등 137종 구매,물품,SCQ,제9911부대,202406271030,M6434,주식회사 공감과공유의제작소,,이선정,01045141396,"경기도 부천시 원미구 성곡로63번길104,3층(도당동)",88.002,71327180
78,SDQ0066,1,29331,***,분전반용 누전차단기 등 126종 구매,물품,SDQ,해군제2수리창,202406271030,M0A95,비에이엠티,,이현경,01045609536,"경기도 평택시 지제동삭1로41, 118동 2404호(지제동, 지제역 더샵 센트럴시티)",88.044,18135208
23,MCX0041,1,29280,***,24-자운대 전산장비 통합 유지보수 용역,용역,MCX,자운대근무지원연대,202406271030,F8DB2,티앤에스 주식회사,TNS Co.Ltd,김지안,07044016804,"충청남도 공주시 백미고을길10-9 (금성동) ,3층 364호",88.038,15511330
2,SFH0092,1,29431,***,24-B-피복 탈수기 등 3품목 구매 납품,물품,SFH,제9196부대,202406271030,C3F95,툴데포,Tooldepot,홍승표,0328188909,인천광역시 연수구 청솔안로5번길12-0 (청학동),99.982,2420000
27,LNG0047,1,29413,***,'24년 토양오염도검사 용역(22개소),용역,LNG,육군 제1군단,202406271030,BFC60,(재)서해환경과학연구소,Seohae Environment Science Institute,신철호,0632216420,전북특별자치도 전주시 완산구 장승배기로263 (평화동1가),88.214,14269000
2,LKH0020,1,29378,001,24-4차 예비군 수송버스 임차용역(김해),용역,LKH,제6128부대,202406271030,C1EB0,주식회사 명신관광,myeongsin tour,안종주,0552385040,"경상남도 창원시 성산구 상남로37,비이 101호 (상남동 덕산베스트텔)",89.089,434000
42,LNQ0033,1,29077,***,′24년 건축물 석면조사 용역,용역,LNQ,제17보병사단,202406271030,E5112,(주)대한환경보건연구소,korea environment health lnstitute,서보경,070-7763-8320,"경기도 의정부시 청사로45,801호(금오동,플래티넘프라자)",88.013,30024505
81,SCI0073,1,29199,***,전기 압력 게이지 등 3종 구매,물품,SCI,제9121부대,202406271030,D5F9F,에스와이테크,sytech,정미경,055-296-0229,경상남도 창원시 의창구 팔용로 355(),88.082,11462360
22,EBHE019,1,4797A,***,"표시기,점검,액체용",물품,EBH,해상공중전력운영계약팀,202406271030,I5B53,이지텍,iztec,최준석,0553753164,경상남도 양산시 상북면 소토1길14-0,88,93456720
1939,SCQ0068,2,29078,***,자석홀더 등 137종 구매,물품,SCQ,제9911부대,202406271030,M6434,주식회사 공감과공유의제작소,,이선정,01045141396,"경기도 부천시 원미구 성곡로63번길104,3층(도당동)",88.002,71327180
42,SCN0107,1,28492,***,의무물자(아세사이드액 등 16종) 구매,물품,SCN,제7001부대,202406271030,JB03C,웰팜,,정성백,0542860880,"경상북도 포항시 남구 중앙로154, 805호 (해도동,학산타워빌딩)",88.017,43133310
3,SFM0049,1,29168,***,육면군화 등 6품목 제조,물품,SFM,제3170부대,202406271030,L138A,주식회사 네오홀딩스,,박형익,0314270966,"경기도 의왕시 경수대로209-0 (고천동), 월드비젼 401호",88.332,9021267
38,SCU0043,1,26919,***,공기청정기 필터 (27평형) 등 18종 제조(구매),물품,SCU,해군 기동함대사령부,202406271030,HE4E7,사단법인 한국장애인미래정책포럼,,배영환,0237753969,서울특별시 영등포구 선유로9길10 (문래동6가)2층 203호(에스케이브이원센터,88.033,18843232
186,SCF0663,1,29197,***,유리 등 3종 구매,물품,SCF,해군군수사령부,202406271030,BCAAC,신영에이텍,SHIN YOUNG A-TECH,이상기,0552510253,경상남도 창원시 마산회원구 봉암공단2길22-5 (봉암동),92.161,6686000
398,SCF0664,1,27665,***,(긴급)주철 등 5종,물품,SCF,해군군수사령부,202406271030,F0F22,(주)비아이엔씨,"BINC.,CO.LTD.",김여기,07074573900,서울특별시 서초구 양재동언남 18길3 (양재동  2층),97.154,41215400
4937,SCF0661,1,23766,***,마칭 훈련용 모자 등 3종 구매,물품,SCF,해군군수사령부,202406271030,E04D0,대양산업개발 주식회사,"DAEYANG I D CO.,LTD.",전광식,0552377522,"경상남도 창원시 의창구 도계로 71(도계동, 진한데파트)",87.995,22855140
581,SCF0665,1,19890,***,육전케이블 등 2종 구매,물품,SCF,해군군수사령부,202406271030,1003F,연합정밀(주),"YEONHAB PRECISION CO.,LTD",김은주,0415665992,충청남도 천안시 동남구 목천읍 학수소사길219-27,89.898,115870000
265,LKP0114,1,29423,***,24년 3분기 부대계약부식(빵류) 제조/구매,물품,LKP,5군수지원사령부,202406271030,LA68B,보배푸드,,박경영,031-242-9576,경기도 수원시 장안구 수성로381번길8-0 (조원동),88.019,110935870
291,LKP0112,1,27131,001,24년 부대계약 후식(바나나) 구매,물품,LKP,5군수지원사령부,202406271030,IFD57,태민,,황혜경,024201244,서울특별시 송파구 올림픽로32길57-6 (방이동),83.002,3070.52
16,LHG0040,1,29450,***,24년 안전점검 및 내진성능평가 용역-2공구,용역,LHG,제1862부대,202406271030,F3987,주식회사 다담엔지니어링,dadam engineering,가상현,0269531061,강원특별자치도 원주시 양지로70 (반곡동),87.957,136330000
5,LCG0049,1,24927,***,[24-육-128] 예비전력발전세미나 주제 연구(Ⅰ),용역,LCG,육군본부,202406261300,IF9FB,육군3사관학교 산학협력단,,김우람,0543304542,경상북도 영천시 고경면 호국로495-0,,29096400
3,LCF0403,1,29113,***,"뚜껑,주입구용 등 26항목 제조(궤도-003)",물품,LCF,육군군수사령부,202406261130,M2E84,동창원산업(주),,정창,0553459455,경상남도 의령군 용덕면 의합대로123-7,88.329,22353473
2,EBB0277,1,4040A,***,2024 인체제독용물자세트 수리부속(제조),물품,EBB,지상공통전력운영계약팀,202406261100,C9AA1,이엔테크 주식회사,"E.N Tech Co., Ltd.",백동석,0326764500,"경기도 부천시 오정구 신흥로511번길13-42, 601호(오정동, 오정물류단지 4-2-2)",86.501,1042727400
30,MCJ0006,1,28983,***,1센터 외부 조경(예초) 관리 용역,용역,MCJ,국방통합데이터센터,202406261100,M55D6,푸른솔나무병원 주식회사,,김영미,0312759700,경기도 용인시 기흥구 강남서로18-0 (구갈동) 104호,88.031,5821430
61,MCS0082,1,29028,***,방독마스크 등 26종 구매,물품,MCS,국방부계룡대근무지원단,202406261100,JE8E3,주식회사 계룡대종합상사,,이영수,0425368585,"충청남도 계룡시 신도안면 계룡대로663-0, 2층(무궁화회관)",88.02,32483770
19,SCG0016,1,19945,***,'24년 가상현실 기반 해군체험관 통합유지보수 용역,용역,SCG,해군본부,202406261100,KEACA,코잇 주식회사,,권오현,010-3004-4144,경기도 포천시 소흘읍 한성길61  2층,88.213,29995890
12,LHM0069,1,29002,***,24년 식중독지수 알리미 구매,물품,LHM,제15보병사단,202406261100,JBEFE,드림즈,,박미경,01046792856,"강원특별자치도 화천군 화천읍 옹기점길17-3, 103동 1401호(화천 건영 아모리움)",88.708,5281550
160,LPM0025,1,29080,***,24년 더 좋은 병영식당 취사기구 구매계약,물품,LPM,제9보병사단사령부,202406261100,E13BE,주식회사 한국공조설비,"HANKOOK HVAC Co., Ltd.",정상기,0319110376,경기도 고양시 일산서구 덕산로312번길79-0 (덕이동),88.057,29539050
2,UMM0852,1,28837,***,24-M-사업장 비배출시설계폐기물 처리용역,용역,UMM,국군재정관리단,202406261100,K90A4,주식회사 옹진해운,,차태정,032-881-5007,인천광역시 옹진군 연평면 연평로821번길75,80.953,191020566
2512,UMM0841,1,27956,***,24-N-사거리 측정기 구매,물품,UMM,국군재정관리단,202406261100,M15F4,리모네케이,,김화영,01090112921,"서울특별시 구로구 신도림로11, 601동 102호(신도림동, 신도림3차대림아파트)",87.995,149572525
44,UMM0840,1,27937,***,(246242-C) 공기청정기 필터 제조,물품,UMM,국군재정관리단,202406261100,GCCF0,(주)파란필터산업,"Paranfilter Industry.Co.,Ltd.",윤영훈,0313578606,경기도 화성시 우정읍 버들로827-20,88.109,180248997
62,UMM0843,1,23692,***,(24G190-I) 정수기 임차 용역,용역,UMM,국군재정관리단,202406261100,L1B88,큐어컴퍼니,,이지행,01034379149,강원특별자치도 횡성군 서원면 신평석화로905,87.935,113092638
998,UMM0833,1,22824,***,24-N-철근탐지기 2대 구매,물품,UMM,국군재정관리단,202406261100,A7726,태양도기제작소,TAEYANG MEASURES,이종언,0226457265,서울특별시 양천구 목동로1길 32(),88.074,51169800
104,UMM0771,1,13476,***,24-N-주야간 전선 관측장비 제조(248106-F),물품,UMM,국군재정관리단,202406261100,E94F2,주식회사 삼신씨엔에스,"SAMSHIN CNS CO.,LTD",정명호,0313187830,경기도 시흥시 금화로332번길13-22 (산현동),88.444,641546155
2,UAC0024,1,24053,***,24년 전반기 옵셋인쇄기 롤러피복교체 외주정비 용역,용역,UAC,국방출판지원단,202406261100,G0120,주식회사 금성테크롤,kumsuntechroller,전형갑,0317632798,경기도 광주시 도척면 다람로36번길31-8,88.217,11985000
5,LGM0025,1,28922,***,(24-대보수-17) 간접가열보일러 제조설치 납품,물품,LGM,제11기동사단,202406261100,D84D3,주식회사 동광보일러,"DONGKWANG BOILER CO., LTD.",박정연,0262588989,충청남도 아산시 수장로67-0 (배미동),88.124,120660000
3,EBB0278,1,4040B,***,2024 인체제독용물자세트 수리부속(구매),물품,EBB,지상공통전력운영계약팀,202406261100,KEC50,주식회사 비츠로,,선동호,062-961-0221,광주광역시 광산구 하남산단9번로195-11 (도천동),85.497,299999000
324,LCH0046,1,28378,***,함정장비 수리부속 구매(특-24-물-41),물품,LCH,특수전사령부,202406261030,H1450,주식회사 우영물산,"WooYoung Mulsan Co.,Ltd",박미순,0557141129,부산광역시 강서구 미음산단로139번길9 (구랑동) 202호,87.997,37959500
206,SCI0072,1,29018,***,"탐지기, 가스용 등 8종 구매",물품,SCI,제9121부대,202406261030,M29AE,연주테크,,박영미,01048783854,"경상남도 창원시 성산구 외동반림로219-0 (반림동), 102동 1204호",88.002,86595700
277,SCH0104,1,28605,***,24-56호 독서대 등 307종 구매,물품,SCH,해군작전사령부,202406261030,M893E,주식회사 동금솔루션,,성유진,0552975801,"경상남도 창원시 마산합포구 3·15대로427, 1동(상남동)",88.01,20986350
1900,LNJ0002,1,28932,***,24-4차 전산운영용품 구매,물품,LNJ,육군 제1포병여단,202406261030,J9E67,잉크가이경기1센터,,원용봉,0326514210,경기도 부천시 부천로298 (도당동),88.001,23496510
190,SFD0058,1,28890,***,모듈형 탄약실셈기 구매,물품,SFD,제9227부대,202406261030,G48BC,스쿨룩스 일산,skoolooksilsan,이여장,01033939576,경기도 고양시 일산서구 중앙로1371 (주엽동),88.001,21605000
307,SCH0103,1,29004,***,톤백마대 등 2종 구매,물품,SCH,해군작전사령부,202406261030,M78AA,꼭지,,이재원,01095567272,"부산광역시 북구 금곡대로303번길35-0 (화명동), 702-38호",88.028,10412524
1582,HCM0053,1,28989,***,24-06-212 마약검사키트 등 2품목 구매,물품,HCM,공군교육사령부,202406261030,I4714,창조물산,CHANG JO PRODUCT,임경희,0313390861,경기도 용인시 처인구 모현읍 곡현로315번길149-5,88,36632120
124,SFL0031,1,28813,***,도서(고래 등 66종)구매,물품,SFL,제3283부대,202406261030,JD26A,이로운세상,,손경례,07040421380,"경상북도 포항시 북구 흥해읍 흥해로17-1, 3층",90.002,3548522
252,LHD0034,1,28769,***,사격훈련장 CCTV구매(X054),물품,LHD,제21보병사단,202406261030,L9821,(주)비스페이스,,김덕순,07088330404,"인천광역시 남동구 함박뫼로347번길162, 402-1, 406호(남촌동, 비스페이스)",88.081,14779606
30,SFH0090,1,29119,***,24-B-오수관로 준설작업 용역(도서지역),용역,SFH,제9196부대,202406261030,I9CCB,주식회사에이티건설,ATgunsul,고재광,07078051633,인천광역시 남동구 남동서로236번길30-0 (논현동) 논현2차푸르지오시티323호,88.007,52714855
281,SFH0088,1,29106,***,24-B-정기 등 55품목 제조 납품,물품,SFH,제9196부대,202406261030,K447D,주식회사 포빌리언,,이두성,07046862728,"인천광역시 계양구 계산새로71, D동 1107호(계산동, 하이베라스)",88.007,18008830
19,MCF0015,1,29097,***,가스열펌프(GHP) 배출가스 저감장치 구매 설치,물품,MCF,국립서울현충원,202406261030,M4121,주식회사 이알인터내셔널,,김문섭,0319402560,"서울특별시 영등포구 양평로30길14, 12층 1213호(양평동6가)",97.085,39382880
54,HCM0052,1,28970,***,24-06-215 나사절삭기 1품목 구매,물품,HCM,공군교육사령부,202406261030,KC0C1,강림,,이재혁,01098159393,경상남도 창원시 마산회원구 양덕북5길96 (양덕동),88.037,12074531
91,SCI0071,1,28958,***,"캡, 튜브용 등 15종 구매",물품,SCI,제9121부대,202406261030,F3E58,신동하이텍,shindonghitec,이동열,055-251-0253,경상남도 창원시 마산회원구 봉암공단2길22-5 (봉암동),88.048,6778560
37,LNF0029,1,28276,***,24년 전기안전관리대행 용역,용역,LNF,제1보병사단,202406261030,DC9C5,(주)서광전력기술단,seo kwang electric poewr corporation,박정국,031-258-0588,"경기도 수원시 권선구 장다리로 87,  3층(권선동)",88.287,66384050
14,SCP0077,1,29130,***,에어필터 등 31종 구매,물품,SCP,제8385부대,202406261030,K2717,일진펌프앤그린씰 주식회사,,박수홍,0335215030,강원특별자치도 동해시 공단7로41-0 (구호동),88.205,13867110
506,LDC0014,1,28771,***,교전훈련장비 수리부속 구매(24-12차),물품,LDC,육군과학화전투훈련단,202406261030,DEACD,태양이엔지 주식회사,TAEYANG ENG,박준희,0553539885,경상남도 밀양시 중앙로 129(),82.998,331725880
539,SCF0659,1,27625,***,(긴급)와이어 로프 조립체 세트 등 62종,물품,SCF,해군군수사령부,202406261030,J1CDC,백제기업,,백진영,01074493999,"충청남도 천안시 동남구 청수로99-0 102동 1203호 (청수동,극동아파트)",88.001,29509090
1044,SCF0660,1,27345,***,"(긴급)회전자,엔진 포핏밸브용 등 4종",물품,SCF,해군군수사령부,202406261030,H8E64,일맥상사,ilmac corp,김정은,01031342702,"경기도 성남시 분당구 미금로23, 104-904",87.997,18770440
15,SCF0658,1,21853,***,항공교통관제 시뮬레이터 유지보수 용역,용역,SCF,해군군수사령부,202406261030,G9278,셀코정보기술 주식회사,SELKOR INFORMATION TECHNOLOGY,임윤정,01043840193,서울특별시 도봉구 도봉로169나길78(도봉동),87.755,116552110
5,SCF0657,1,14959,***,P-3 엔진시험기 유지보수 정비,물품,SCF,해군군수사령부,202406261030,IE03D,주식회사 이알시스템,,이창우,0432390300,충청북도 청주시 청원구 내수읍 은곡길72-55,85.591,104435000
21,MCM0012,1,24377,***,사이버 교육용 라이선스 구매,물품,MCM,4284부대,202406261030,M13E4,에이치제이엘,,이호준,010-6451-5602,서울특별시 영등포구 의사당대로38 (여의도동) 101동 412호,90.189,27230000
23,MCM0011,1,24374,***,조사분석 라이선스 구매,물품,MCM,4284부대,202406261030,F21E1,주식회사  인섹시큐리티,INSEC-SECURITY,김종광,028635687,"서울특별시 금천구 가산디지털1로19, 406호, 407호, 408호, 409호(가산동,대륭테크노타운18차)",97.757,281570300
45,LQG0055,1,29085,***,00부대 사무자동화 비품(책상 등) 제조 납품,물품,LQG,육군 52보병사단,202406261030,J36E2,사회적협동조합 대광,,허만종,0545416666,경상북도 상주시 함창읍 영동길9-32,88.039,81439900
6,LHR0033,2,26896,***,24~27년 전기식 식기세척기 임차용역,용역,LHR,육군 제37보병사단,202406261030,K926B,에이포하우스 주식회사,"A4 House Co., Ltd.",김홍민,07048015533,서울특별시 성동구 성수일로77-0 (성수동1가) 서울숲IT밸리 15층 1509호,88.084,75951209
6,LHR0032,2,26879,***,24~27년 가스식 식기세척기 임차용역,용역,LHR,육군 제37보병사단,202406261030,JEEC6,에스지원,,김성진,02-6205-2020,"경기도 하남시 미사강변한강로135, 나동 0622호(망월동, 미사강변스카이폴리스)",87.748,57159950
506,LDC0014,2,28771,***,교전훈련장비 수리부속 구매(24-12차),물품,LDC,육군과학화전투훈련단,202406261030,DEACD,태양이엔지 주식회사,TAEYANG ENG,박준희,0553539885,경상남도 밀양시 중앙로 129(),82.998,331725880
2,EBHE017,1,0730P,***,24년 신궁 피아식별기 전지,물품,EBH,해상공중전력운영계약팀,202406261000,D4BA5,주식회사 탈로스,,채재호,0313376500,"경기도 안양시 동안구 학의로282(관양동,금강펜테리움IT타워 A-1704호)",88.75,60459000
22,HCC0059,1,29025,***,석필 등 47품목,물품,HCC,해군제1수리창,202406261000,K6697,탑오피스,,김재엽,010-2022-5009,강원도 동해시 평릉동422-1,88.105,7611269
44,HCC0058,1,28820,***,볼트 등 38품목(102),물품,HCC,해군제1수리창,202406261000,M3878,우리에이치제이,,안희준,01042637376,"강원특별자치도 동해시 일출로10, 3층 303호(발한동)",88.048,68365000
7,HCC0062,1,29123,***,모멘트 TPU 등 3품목,물품,HCC,해군제1수리창,202406261000,C0914,(주)동건,DONG GUN CO.,윤영현,0332422612,강원특별자치도 동해시 전천로245-2 (북평동),88.034,5881000
5,HCC0061,1,29120,***,공병 등 11품목,물품,HCC,해군제1수리창,202406261000,C34B4,영동상사,yong dong sang sa,오민규,033-535-4411,강원도 동해시 중앙로174-0 (천곡동),88.508,1314100
12,HCC0060,1,29117,***,잉크 등 15품목,물품,HCC,해군제1수리창,202406261000,JAA31,주식회사 다온종합상사,,윤정우,01063743031,"강원특별자치도 동해시 효가동효자로 708-2 ,2층",88.231,6311576
2,EBB0272,1,0042,***,24년 광학장비부품류(지명),물품,EBB,지상공통전력운영계약팀,202406251430,F7886,(주)우경광학,"Woo Kyung optics co.,ltd.",류재복,0314955319,경기도 안산시 단원구 해봉로330번길 8,92.539,56492000
6,EBB0271,1,7528,***,24년 120밀리 적재모의훈련탄,물품,EBB,지상공통전력운영계약팀,202406251430,DE4A2,에이테크솔루션(주),"A-TECHSOLUTION.CO.,LTD",유영목,0313508164,경기도 화성시 정남면 가장로 277(),85.802,245470540
2,LDH0578,1,25862,***,K1전차 클램프 등 2종 구매,물품,LDH,육군종합정비창,202406251300,KD3C7,선우테크,,권은향,010-8454-8474,"경상남도 창원시 의창구 반계로104-21 (팔용동, 벽산블루밍아파트B단지)103동701호",88.503,1612200
9,LCF0340,2,24921,***,105밀리 방청심지 제거 캡 세트 1항목 제조(궤도016),물품,LCF,육군군수사령부,202406251130,M3A1A,(주)대일정공,,최우연,055-343-8123,경상남도 김해시 진례면 서부로436번길37-28,88.076,40410442
7,EBB0273,1,1619,***,자주포 일반부품류,물품,EBB,지상공통전력운영계약팀,202406251100,MAAA6,주식회사덕인,,장남인,0553851151,경상남도 양산시 유산공단3길33-0 (교동),84.69,4078221000
8,LGQ0020,2,28325,***,'24년 안티드론건 구매,물품,LGQ,제36보병사단,202406251100,EDFB1,시스레인주식회사,SYSLANE,김대중,0317760293,"경기도 성남시 중원구 사기막골로124, 제메가센터동 제9층 제912호 (상대원동, 에스케이엔테크노파크)",91.963,40020000
2,HDP0027,1,28640,***,(24-용역-50) 24년 특수건강진단 민간위탁,용역,HDP,공군제19전투비행단,202406251100,LCCE0,케이메디컬의원,,이상재,0415445353,"충청남도 아산시 탕정면 한들물빛6로16, 7층, 8층",88.018,56994249
145,LPM0024,1,28620,***,24-3차 전산운영용품 구매 계약,물품,LPM,제9보병사단사령부,202406251100,M85FE,제이손,,옥광주,01087465846,"경기도 고양시 일산동구 고봉로20-26, A동 501호(장항동, 코오롱레이크폴리스III)",88.066,17515924
979,LCN0034,1,28486,***,24년 전문도서(국내 및 국외서) 구매,물품,LCN,육군사관학교,202406251100,J8F72,모든상사,,김기태,01030074266,경기도 오산시 부산중앙로42 (부산동),90,16934150
76,HDG0019,1,28583,***,<24-51> 공군 10비 심정 써징 용역,용역,HDG,공군제10전투비행단,202406251100,H7484,주식회사 백양이앤씨(ENC),baegyang enc,박지만,0317944029,"경기도 하남시 미사강변동로73, 624호(망월동, 미사강변노블레스)",88.022,33673850
269,LIK0048,1,28579,***,00부대 4중대 ASP 방화지대 구축 용역,용역,LIK,제2군수지원여단,202406251100,M8323,주식회사 사월조경,,신예림,0319118580,경기도 고양시 일산서구 킨텍스로282-0 (주엽동) 문촌마을 19단지 상가동 1층 108호,88.006,10770500
114,LIK0047,1,28580,***,00부대 1중대 ASP 방화지대 구축 용역,용역,LIK,제2군수지원여단,202406251100,KC4A9,진광조경주식회사,,김정순,01082675625,강원특별자치도 태백시 황지로273 (황지동),88.004,14967360
243,SFJ0012,1,28568,***,음파 조류퇴치 시스템 구매,물품,SFJ,제2112부대,202406251100,M3E25,우성,,안효미,010-8939-0779,"인천광역시 서구 가정로406, 105동 4403호(가정동, 루원지웰시티푸르지오)",88.006,56263020
410,UMM0836,1,27682,***,24-M-전시자원소요산정모델 장비 교체,물품,UMM,국군재정관리단,202406251100,M48ED,비키,,김민지,01032288959,"경상남도 사천시 정동면 여옥길36, 106동 803호(송보파인빌아파트)",88.006,93896065
737,UMM0835,1,27538,***,24-N-덕트 청소용역,용역,UMM,국군재정관리단,202406251100,HC43E,주식회사 성은종합환경,seong eun,최영란,0312360095,경기도 수원시 영통구 신원로55 (신동) 테크트리 영통 지식산업센터 612호,87.996,75163030
116,UMM0823,1,26984,***,(24G025-H)출입통제체계 유지보수 용역,용역,UMM,국군재정관리단,202406251100,MAB95,주식회사 반석시스템,,김욱진,0622262500,"광주광역시 광산구 하남산단6번로57, 에이동512호 (오선동,케이비아이지식산업센터)",87.747,141471599
838,UMM0849,1,26114,***,(246223-F)재난구조장비 구매,물품,UMM,국군재정관리단,202406251100,D06BB,신화비엠씨(주),"ShinHwa BMC Co.,Ltd",임춘심,0323619119,"인천광역시 남동구 서창남순환로6, 401호 (서창동, 신화빌딩)",82.995,255419540
31,UMM0794,1,26106,***,24-F-군사경찰 방탄복 제조,물품,UMM,국군재정관리단,202406251100,KBD20,모아패션&정경아드레스,,정경아,010-6710-3124,서울특별시 금천구 시흥대로61길30 (시흥동),88.033,53519775
53,UMM0846,1,25888,***,(246260-E) 무공훈장 부상(기념 메달) 제조,물품,UMM,국군재정관리단,202406251100,MA2EC,주식회사 중앙플러스,,유설,0315292795,경기도 남양주시 진접읍 경복대로바람골길65-0,87.997,168952500
4106,UMM0832,1,25865,***,24-F-정전류조정기 등 8종 구매,물품,UMM,국군재정관리단,202406251100,HAA11,찬호상사,Chanho Trading,윤점숙,01049100898,"경기도 하남시 미사강변동로177-0 (망월동, 미사강변도시12단지) 1205-2505",87.995,94622560
220,UMM0834,1,24452,***,(247262-C) 병리장비운영소모품(2) 47품목 구매,물품,UMM,국군재정관리단,202406251100,E186F,주식회사 한스피엠아이,HANS P.M.I Corp.,한경아,0313463092,경기도 군포시 고산로151번길28-0 (당정동) 403호,97.892,65231500
188,UMM0848,1,22499,***,(247227-E) 총상모형 등 18품목 구매,물품,UMM,국군재정관리단,202406251100,B9497,(유)목양,mokyang,이상근,0417426111,충청남도 논산시 연무읍 연무로 320(),88.024,188348537
4,UMM0847,1,21381,***,(24F201-A) 식자재 민간위탁배송 용역,용역,UMM,국군재정관리단,202406251100,CBABB,(주)산양미트,sanyang meat,이청우,0337317561,강원특별자치도 원주시 소초면 송황유사길 23(),99.796,368135870
828,UMM0837,1,09685,***,24-N-전자저울 구매,물품,UMM,국군재정관리단,202406251100,DA648,범진아크릴,BUMJINACRYL,신범식,01042473802,서울특별시 중구 마른내로57-0 (인현동1가) 1층,87.999,60958330
181,UAC0025,1,26268,***,2024년 2-2차 CTP판출력기 구매,물품,UAC,국방출판지원단,202406251100,K2F58,주식회사 에스앤피,,김유미,0318806498,"경기도 안산시 상록구 샘골로136, 2층 204호-166 (본오동)",83.07,279559452
4,MCD0028,2,23537,***,국방과학기술 전문인력 소요분석 연구,용역,MCD,국방부(운영지원과),202406251100,C7CD2,사단법인 안보경영연구원,SMI,김주형,025445937,"서울특별시 강남구 언주로527, 10층 (역삼동)",,46200000
157,HDP0026,1,27056,***,23-F-정비고 개보수 증축 통합배선 설치 용역,용역,HDP,공군제19전투비행단,202406251100,IFE3E,주식회사 나래넷츠,,이용수,0323237901,"경기도 부천시 오정구 석천로345, 304동 701호(삼정동, 부천테크노파크)",87.999,148398440
9,EBB0206,3,8940A,***,'24년 축전식 전지(밀폐형),물품,EBB,지상공통전력운영계약팀,202406251100,AE5D3,한국전지공업(협),korea battery industry cooperative,조남준,0234812401,"서울특별시 강남구 도곡로3길 25, 삼성애니텔 901호(역삼동)",85.907,4650162000
939,HCM0051,1,28295,***,24-06-198 총상 모형 박스 등 4품목 구매,물품,HCM,공군교육사령부,202406251030,K4E26,필라델피아사이언티픽 솔루션,,이준호,01035372360,강원특별자치도 횡성군 안흥면 서동로상안2길112,87.996,44030850
41,SCI0069,1,28271,***,필밸브 등 12종 구매,물품,SCI,제9121부대,202406251030,M1E67,일용상사,,권윤주,010-4611-6464,경상남도 창원시 의창구 북면 동곡로35-0 (창원무동휴먼빌아파트(2단지)) 205-804,88.017,4889271
1818,DSS0035,1,28243,***,청소용품 구매,물품,DSS,국군제1068부대,202406251030,LD821,누리에이디,,서영진,0314377750,경기도 안산시 상록구 광덕1로382-0 (이동) 덕성프라자 408호,88,19050651
63,LFP0006,1,28050,***,24년 공기청정기 필터 구매,물품,LFP,육군보병학교,202406251030,CE303,예일크린테크 (주),"YEIL CLEANTECH CO.,LTD",박환수,0319498520,경기도 파주시 탄현면 소리개길164-15,88.03,47804750
1757,SFG0069,1,28467,***,동아리활동 물품 구매(체육용품),물품,SFG,제9181부대,202406251030,J7668,에덴유통,,신용희,01071574323,경기도 의정부시 용현로143 (민락동) 현대아파트3차 303동 1206호,88,8815360
2,SCI0070,1,28498,***,코팅기 등 3종 구매,물품,SCI,제9121부대,202406251030,M1E67,일용상사,,권윤주,010-4611-6464,경상남도 창원시 의창구 북면 동곡로35-0 (창원무동휴먼빌아파트(2단지)) 205-804,88.042,1403111
332,LMR0043,1,28592,***,24년 군 주거시설 소규모보수 (지휘관 관사 제초용역),용역,LMR,제5군단사령부,202406251030,HDEC0,(주)시원조경,siwon,윤선영,0314161283,"경기도 안산시 상록구 조구나리1길47-1 ,301호 (이동)",88,18595870
55,SCH0100,1,28487,***,열화상 카메라 3EA 구매,물품,SCH,해군작전사령부,202406251030,F3F28,동진기업,DONG JIN,정성용,0513100938,부산광역시 사상구 낙동대로910 (감전동) C-301호,88.005,2909750
6,SCH0099,1,28488,***,접이식 침대 5EA 구매,물품,SCH,해군작전사령부,202406251030,I42B5,만복유통,manbok trading co.,김선복,0519191588,"부산광역시 해운대구 재반로212번길31, 지하호(반여동, 삼보빌라)",88.723,1132000
144,SCH0098,1,28489,***,24-00전대 제초관리 용역,용역,SCH,해군작전사령부,202406251030,ECC73,주식회사 조은랜드,jounland,노태구,0552517224,경상남도 창원시 마산회원구 팔용로21-1 (양덕동),88.003,11896216
158,SFL0029,1,28512,***,산악화 등 90품목 구매,물품,SFL,제3283부대,202406251030,K4D28,가람기프트,,이경미,07047155174,"경상북도 포항시 남구 동해면 호미로2790번길10-4 ,  202호",88.008,40013720
3811,LCZ0018,1,28641,***,"24년 동원훈련장 물자(캐노피, 테이블) 구매 계약",물품,LCZ,동원전력사령부,202406251030,M81DD,피두치아,,김윤정,01053092795,"경기도 고양시 덕양구 충장로118-30, 214동 1402호(행신동, 샘터마을)",88,10615212
94,SFD0057,1,28659,***,체력단련장 물품(캐디기등 17품목)구매,물품,SFD,제9227부대,202406251030,M8F12,디앤알,,이봉로,01064063688,"경상북도 포항시 북구 칠성천길40, 4층-36(죽도동)",88.095,16379340
124,SFL0030,1,28529,***,공수인양장구 물품 구매,물품,SFL,제3283부대,202406251030,JDCE0,주원산업,,유인청,01046878001,경상북도 포항시 남구 오천읍 냉천로340번길35,88.003,29385750
276,SCH0102,1,28591,***,24-55호 케이블타이 등 331종 구매,물품,SCH,해군작전사령부,202406251030,J9E38,주식회사 고앤구,,구인순,01094595278,"경상남도 창원시 성산구 중앙대로61번길4, 351호(중앙동, 캔버라타운)",88.002,28218175
52,SCQ0067,1,28571,***,의약품 및 의료물품(케토크린플라스타 등 67종)구매,물품,SCQ,제9911부대,202406251030,J1D85,주식회사 다함메디,,한승엽,0317050041,"경기도 용인시 처인구 포곡읍 마성로386, 102호,103호",88.038,25218130
244,SCH0101,1,28581,***,24-54호 고체풀 등 342종 구매,물품,SCH,해군작전사령부,202406251030,J4F91,다인,,전영례,07042550057,경상남도 창원시 진해구 충장로130번길25 (제황산동),88.006,13682412
294,LCF0391,1,26595,***,"베어링,슬리브형 등 77항목 구매(총포)",물품,LCF,육군군수사령부,202406251030,M3A1A,(주)대일정공,,최우연,055-343-8123,경상남도 김해시 진례면 서부로436번길37-28,88.261,154763828
4158,SFC0075,1,28391,***,24-덕-상용정보통신장비 보관함 등 5품목 구매,물품,SFC,제9691부대,202406251030,HD51E,하나유통,hanayutong,김양래,01023300395,"제주특별자치도 제주시 오도9길94-0 (노형동, 노형아뜨리에3차)B동B01호",87.995,16162557
2,SCQ0064,1,25194,***,24-평 00숙소 유선TV방송 및 인터넷 설치 관리 용역,용역,SCQ,제9911부대,202406251030,A5067,에스케이브로드밴드 주식회사,"SK Broadband Co., Ltd.",박진효,0262663121,서울특별시 중구 퇴계로 24(),86.469,425326802
118,SCK0076,1,27192,***,원심분리기(소형) 1대 구매 설치,물품,SCK,해군교육사령부,202406251030,KF42B,유한회사 정석,,정안나,07086913805,"전라남도 목포시 영산로93-1, 3층 321호(명륜동, 전남빌딩)",88.009,5695170
4,SCF0655,1,28625,***,"OO함 해상보급장치 NO.1, 2 RAS 외주정비",물품,SCF,해군군수사령부,202406251030,J685B,피엠에스,,권차순,0553385878,경상남도 김해시 상동면 상동로685번길142-44,83.858,347456900
8,SCF0649,1,27253,***,함정 취사장/승조원 식당 리모델링 정비,물품,SCF,해군군수사령부,202406251030,B63EB,주식회사종합해사,JONGHAP MARITIME INC.,정규화,0514137701,부산광역시 영도구 남항남로22-0 (남항동3가),83.43,1404040000
9,SCF0648,1,27136,***,함정 조명계통(LED) 교체 용역,용역,SCF,해군군수사령부,202406251030,H8B65,주식회사 지엔이피에스,G&EPS,이창호,0613920628,"전라남도 장성군 남면 나노산단2로106, 비동",85.691,308886200
464,SCF0636,1,26172,***,"(긴급) 펌프, 회전식 등 3종",물품,SCF,해군군수사령부,202406251030,B6383,국제전기,kook je electrical industry,김승민,0518184449,부산광역시 강서구 유통단지1로41-0 (대저2동)126동120호,88.152,10295205
174,SCF0635,1,26167,***,"(긴급) 송풍기, 날개 축방향형 1종",물품,SCF,해군군수사령부,202406251030,B811E,대한냉동,,서원하,055-546-1472,경상남도 창원시 진해구 충장로 291(),88.706,7154710
4,SCF0656,1,26132,***,고속단정 선체 외주정비,물품,SCF,해군군수사령부,202406251030,H1E99,주식회사 반도마린,"BANDO MARINE Co.,Ltd.",김종백,0518311950,부산광역시 강서구 미음산단로327 (미음동),87.827,284000000
4,SCF0654,1,25803,***,해군 탄약 항온항습기 유지보수 정비,물품,SCF,해군군수사령부,202406251030,AED00,주식회사 동흥하이랙,"Dong Heung Hi-RAC Co.,Ltd.",김하일,0221138484,"서울특별시 금천구 벚꽃로 254, 월드메르디앙 벤처센터 709호(가산동 60-24)",83.499,360197580
4391,SCF0638,1,25575,***,"(긴급) 밸브, 글로브형 등 4종",물품,SCF,해군군수사령부,202406251030,M4E44,명정산업,,김송림,01020361060,경기도 하남시 감일중앙로20-0 103동 204호,87.995,28994660
438,SCF0639,1,25523,***,RF필터 3품목 구매,물품,SCF,해군군수사령부,202406251030,G46FC,주식회사 아이스펙,I-Spec.Co.Ltd.,한순갑,0552653697,경상남도 창원시 의창구 팔용로371번길8-0 (팔용동),84.017,528673000
1330,SCF0640,1,22876,***,잠수사 리콜 1종 구매,물품,SCF,해군군수사령부,202406251030,M7F83,탑클라우드유통,,박지은,01057631618,"서울특별시 은평구 서오릉로267, 801호(구산동, 세영아파트)",87.995,36397240
1007,SCF0650,1,22808,***,"연결봉, 피스톤용 등 23종 구매",물품,SCF,해군군수사령부,202406251030,JC8D6,전고스토어,,오인자,050207005016,전북특별자치도 전주시 완산구 견훤왕궁로59-1 (중노송동),87.995,123893000
520,SCF0646,1,21154,***,인입식 비트 A형 4EA 구매,물품,SCF,해군군수사령부,202406251030,H5E65,주식회사 수연티앤씨,Suyeon T&C,김세영,07082226315,"서울특별시 성북구 성북로4길52-0 (돈암동, 한진아파트) 210-404",82.995,214405000
4,LQP0029,1,27681,***,24년 스테레오 위성영상 구매,물품,LQP,제1891부대,202406251030,H2187,(주)에스아이아이에스,"SI Imaging Services Co.,Ltd.",김문규,0423410401,"대전광역시 유성구 과학로169-84, 132호 (어은동, 한국항공우주연구원 국가위성정보활용지원센터)",83.263,409161000
7,LMU0032,1,27202,***,24-015 24-1차 일반폐기물 위탁처리 용역,용역,LMU,제7군수지원단,202406251030,GF5CE,주식회사 대영산업개발,daeyoung,최대성,0313561545,경기도 화성시 서신면 해운로458번길2-0,84.499,31490500
6,LKT0062,1,27947,***,24-220차 육성예산지원 개인천막 제조납품,물품,LKT,제1989부대,202406251030,G5C59,주식회사 해피코리아,HAPPYKOREA,곽양근,0522397570,울산광역시 울주군 온양읍 화산발리로627-0,99.01,47158000
77,LHK0043,1,28598,***,24년 예비전력예산(동원훈련장 자산취득비)2층침대,물품,LHK,제2군단,202406251030,LF474,주식회사 메이드스틸,,이정원,07088508399,경기도 파주시 법원읍 법원2산단1로11,88.032,105654000
258,LGN0009,1,28638,***,'24~27년 얼음정수기 임차 용역,용역,LGN,제5925부대,202406251030,M8F31,해오름컴퍼니,,김재경,025877972,경기도 용인시 수지구 동천로285 (동천동),87.751,108770050
4,LDC0013,3,24806,***,손망실 마일즈장비 제조납품,물품,LDC,육군과학화전투훈련단,202406251030,B9E1E,(주)네스랩,NESSLAB,이재호,0428671081,대전광역시 유성구 테크노2로 194(),84.655,182393200
340,LCF0394,1,27462,***,스위치 및 전선 조립체 등 14항목 구매(특무),물품,LCF,육군군수사령부,202406251030,LBEBA,주식회사 엔아이티,,전규성,0544340901,"경상북도 김천시 혁신로288-5, 303호(율곡동, 스네일파크)",88.737,87181227
3,LCF0392,1,27455,***,"패널,전기-전자장비용 등 22항목 제조(특무)",물품,LCF,육군군수사령부,202406251030,M2E84,동창원산업(주),,정창,0553459455,경상남도 의령군 용덕면 의합대로123-7,88.43,30767910
294,LCF0391,2,26595,***,"베어링,슬리브형 등 77항목 구매(총포)",물품,LCF,육군군수사령부,202406251030,M3A1A,(주)대일정공,,최우연,055-343-8123,경상남도 김해시 진례면 서부로436번길37-28,88.261,154763828
42,HCC0057,1,28547,***,튜브 등 30품목(101),물품,HCC,해군제1수리창,202406251000,JFB9B,청아철물설비,,김주희,010-7224-5200,강원도 동해시 단봉길23 (북평동),88.046,25668500
88,ETAE002,1,4709P,***,해상감시레이더-II 철탑공사(군산) 정보통신감리용역,용역,ETA,감시전자총괄계약팀,202406241500,A70D7,삼보기술단,sambo consultants,최규섭,0314794881,"경기도 안양시 동안구 엘에스로92, 28동 207호(호계동, 국제유통단지)",88.018,74680120
2,LDH0575,1,27342,***,K9자주포케이블조립체및스위치구매,물품,LDH,육군종합정비창,202406241300,M9243,주식회사 씨앤티솔루션,,김양훈,055-237-1177,경상남도 창원시 의창구 차룡단지로19(팔용동),88.493,4931520
63,LPK0013,1,28002,***,"24년 2,3분기 소규모 전산운영용품 구매",물품,LPK,제8기동사단,202406241130,J1FB3,현지유통,,임헌규,01095690909,"경기도 동두천시 동두천로27, 507동 17층 1701호(송내동, 송내주공5단지)",88.041,4906240
907,HCQ0038,2,21899,***,24-124 멀티-엔진세척장비 등 1종,물품,HCQ,공군제5공중기동비행단,202406241100,H25F1,지비아이 코리아 (GBI KOREA),GBI KOREA,박동철,0517845997,"부산광역시 해운대구 센텀중앙로97-0 (재송동), 센텀스카이비즈 606호",88.891,109269000
124,LGP0109,1,27762,***,24년 식품검사장비 운영소모품 구매,물품,LGP,제1군수지원사령부,202406241100,D66E5,일우디지컴(주),ILWOO Digicom,고영남,02-3667-9726,"서울특별시 영등포구 경인로80길 3-11, 영우빌딩3층(문래동1가)",88.002,46336984
52,LFK0046,1,27881,***,24년 2수송연대 자산취득품목 구매,물품,LFK,육군종합군수학교,202406241100,F769A,더펜상사주식회사,THE PEN,고혜숙,0518320067,부산광역시 강서구 미음산단로139번길9 (구랑동),88.016,8850500
569,LNT0019,1,27885,***,"'24년 병영식당 청소세척(후드,덕트,바닥청소)용역",용역,LNT,제28보병사단,202406241100,H21D7,우리환경,WOORI Environment,김세연,0318929907,"경기도 용인시 수지구 풍덕천로189번길7, 1층, 1호(풍덕천동)",88.001,81338880
3,UMM0778,1,24640,***,24-N-탐조등 19인치 제조 (248122-F),물품,UMM,국군재정관리단,202406241100,2304F,대양전기공업(주),"DAEYANG ELECTRIC CO.,LTD.",서영우,0512005405,부산광역시 사하구 장평로 245(),98.927,545828800
639,UMM0816,1,23184,***,24-N-유도가열기 구매,물품,UMM,국군재정관리단,202406241100,F0F22,(주)비아이엔씨,"BINC.,CO.LTD.",김여기,07074573900,서울특별시 서초구 양재동언남 18길3 (양재동  2층),98.566,94999990
9,UMM0822,1,21666,***,24-F-연료탱크 등 2종 제조,물품,UMM,국군재정관리단,202406241100,KA69A,부성,,이승현,0555870620,경상남도 함안군 칠원읍 용산5길101-0,88.168,100266800
137,DSS0029,2,25401,***,노트북 구매,물품,DSS,국군제1068부대,202406241030,K0230,유니버스,,김선민,01042899007,경기도 용인시 처인구 금학로403-0 (김량장동),88.053,67566501
209,SCH0097,1,28178,***,24-53호 수정테이프 등 299종 구매,물품,SCH,해군작전사령부,202406241030,H40B0,주식회사 부영상사,Bu-Young Sang Sa,성윤미,0557141117,"부산광역시 강서구 미음산단로139번길9 (구랑동), 102호",88.016,8736700
16,SCF0643,2,27746,***,24-보-소방시설 점검 용역,용역,SCF,해군군수사령부,202406241030,G3989,경창소방이엔지 주식회사,GYEONGCHANG FIREFIGHTING ENGINEERING,배진영,0552668119,"경상남도 창원시 성산구 마디미로3번길2-0 (상남동, 대웅상가603호)",88.041,12558884
32,SCI0068,1,27991,***,포스트잇 디스펜서 등 49종 구매,물품,SCI,제9121부대,202406241030,M6AC3,진해상사,,김동국,07070792933,경상남도 창원시 마산회원구 삼호로38-0 (양덕동),88.024,1935000
18,LHN0052,1,27775,***,24년 상용이불 세탁 위탁 용역,용역,LHN,제7보병사단,202406241030,LE57D,굿모닝환경,,우수창,0315679236,경기도 남양주시 홍유릉로328-2 (금곡동),88.02,21800890
1747,SCQ0066,1,28081,***,멤브레인필터  등 2종 구매,물품,SCQ,제9911부대,202406241030,IE9FD,제이에스컴퍼니,,오정심,01098082774,"경기도 시흥시 엠티브이24로20 , 105호(정왕동)",88.004,82574680
2,MCX0038,1,27830,***,24-간사교 등 식기세척기(3대) 임차 용역,용역,MCX,자운대근무지원연대,202406241030,GE8BC,주식회사 건웅시스템(kunwoong Inc.),kunwoong Inc.,오덕수,070-5165-7800,강원특별자치도 원주시 장전길66 (태장동),88.042,46645530
137,LKH0018,2,28213,***,"‘24년 데시앙, 무지개아파트 제초 용역",용역,LKH,제6128부대,202406241030,J0BD3,주식회사 동부조경,,배영한,0552317622,"경상남도 창원시 마산회원구 내서읍 중리상곡로129, 303-2호(한성빌딩)",88.021,10319400
137,LKH0018,1,28213,***,"‘24년 데시앙, 무지개아파트 제초 용역",용역,LKH,제6128부대,202406241030,J0BD3,주식회사 동부조경,,배영한,0552317622,"경상남도 창원시 마산회원구 내서읍 중리상곡로129, 303-2호(한성빌딩)",88.021,10319400
173,MDK0048,1,28152,***,24년 진해 탄약항 예초용역,용역,MDK,국군수송사령부,202406241030,K99EE,주식회사 한성종합관리,,장재영,0555519905,경상남도 창원시 성산구 용지로77 (중앙동),88.003,17127034
4726,SDF0099,1,28120,***,항공용 챠드백 등 2종,물품,SDF,제5738부대,202406241030,G60A3,광명테크,KWANGMYONGTECH,김명숙,0617614861,전라남도 광양시 대림오성로94-0 (광양읍),88,19892700
6,LKF0051,1,28102,***,24년 00부대 취사피복 제조 구매,물품,LKF,제6755부대,202406241030,M5A93,동방산업,,최정화,01065340052,대구광역시 서구 문화로14길10 (이현동),88.127,30623978
1343,MCT0038,1,28000,***,하키부 운동용품(유니폼 등 16종)구매,물품,MCT,국군체육부대,202406241030,K7427,영웅종합상사,,유진아,01029580582,"경기도 포천시 가산면 가산로348번길42, 2층",88,7265810
21,MCT0037,1,28001,***,레슬링부 운동용품(레슬링 화 등 2종)구매,물품,MCT,국군체육부대,202406241030,MB2D4,새롬상사,,최준호,01064249366,경상남도 김해시 수가로242-9(응달동),91.816,6364000
2,SFD0056,1,27815,***,24-P-예비군 병력수송 버스 임차 용역,용역,SFD,제9227부대,202406241030,C74E9,(주)영신관광,ys-tour,양상엽,0542410303,경상북도 포항시 북구 삼호로 12-2(),88.547,23453680
4,LPS0006,1,27911,***,00부대 동원훈련 대형버스 임차 용역,용역,LPS,제60보병사단,202406241030,A4C51,(주)현대관광,"Hyundai Tour Co., LTD.",손준용,0222369331,"서울특별시 광진구 천호대로629, 3층 (중곡동,대영빌딩)",88.103,55256470
22,SCH0096,1,27949,***,디지털카메라 2EA 구매,물품,SCH,해군작전사령부,202406241030,JE88F,선영테크,,문제원,07047721096,경상남도 창원시 성산구 원이대로580번길3-0 (중앙동) 3층 344호,88.017,5524163
90,MCX0040,1,27935,***,"24-자운대 주거시설 (도배, 장판) 교체",용역,MCX,자운대근무지원연대,202406241030,JA8BF,주식회사 디원디자인,,서정근,0425863304,"대전광역시 유성구 죽동로279번길36 (죽동) ,1층 101호",88.01,41415800
22,DSS0032,1,27321,***,"PC 1,200대 구매(리스물건)",물품,DSS,국군제1068부대,202406241030,FDCD0,(주)다컴시스템,"dacomsystem Co., Ltd.",국상민,07046676899,서울특별시 영등포구 양산로43 (양평동3가) 5층 502호,88.262,792792000
1,UAB0037,1,22802,***,"휴양시설, 기숙사 민·관·군 개발운영 연구용역",용역,UAB,국군복지단,202406211500,LC74C,주식회사 플랜에이디벨롭먼트,,서은진,07082873623,"서울특별시 영등포구 국제금융로8길19, 9층 903호 (여의도동, 중앙빌딩)",66.199,38677000
2,EBB0269,1,8431,***,궤도장비 부품류(장갑차용),물품,EBB,지상공통전력운영계약팀,202406211400,MAAA6,주식회사덕인,,장남인,0553851151,경상남도 양산시 유산공단3길33-0 (교동),84.208,898556000
21,EBBE036,1,9107C,***,궤도부품류(덮개 등),물품,EBB,지상공통전력운영계약팀,202406211400,L16AC,환호테크,,서선희,0513283412,부산광역시 사상구 가야대로103번길10(감전동),88.025,31611000
3,EBH0057,1,8C05D,001,"24년 방탄판, 레벨Ⅳ용(대형)",물품,EBH,해상공중전력운영계약팀,202406211300,L5EBE,카본헥사 주식회사,,김준석,0613330661,전라남도 나주시 남평읍 풍림죽림길86-0,68.378,199280
3,EBH0058,1,8C05E,001,"24년 방탄판, 레벨Ⅳ용(중형)",물품,EBH,해상공중전력운영계약팀,202406211300,L5EBE,카본헥사 주식회사,,김준석,0613330661,전라남도 나주시 남평읍 풍림죽림길86-0,68.116,189850
10,EBB0267,1,2410,***,K-9 엔진부품류(구매),물품,EBB,지상공통전력운영계약팀,202406211100,J72A6,오승산업,,오세화,0513114051,부산광역시 사상구 학감대로252번길83 (주례동),88.029,34666900
9,UAZ0016,1,27428,***,24-00부대 항온항습기 구매,물품,UAZ,합동군사대학교,202406211100,J2E26,한마음,,안진권,0428253568,"대전광역시 유성구 반석로7 (반석동) 4층 404-A06호(반석동, 애니빌프라자)",88.108,10023100
8,HCQ0054,1,28151,***,24-161 가스보일러 등 1종,물품,HCQ,공군제5공중기동비행단,202406211100,HEF16,송나라상사,SONGNARA,송화자,01048415579,부산광역시 사상구 가야대로277번길30(주례동),98.132,23879500
35,EBBE035,1,5060,***,"밴드,지지용",물품,EBB,지상공통전력운영계약팀,202406211100,L16AC,환호테크,,서선희,0513283412,부산광역시 사상구 가야대로103번길10(감전동),88.069,61100550
119,HDF0049,1,27658,***,24년 00대대 제초용역,용역,HDF,공군 제8전투비행단,202406211100,BD344,세경산전 주식회사,sae kyung san jun,신홍환,0337470446,강원특별자치도 원주시 가현로26 (가현동),88.007,17029920
837,UMM0811,1,26356,***,24-F-주파수 측정세트 구매 (249046-F),물품,UMM,국군재정관리단,202406211100,DC632,정엔터프라이즈,JOUNG ENTERPRISE,이지효,0327620331,"인천광역시 동구 화도로29,2층(화수동,2층)",82.995,253809000
911,UMM0819,1,23991,***,(247238-D)병원전 외상소생술 전신 마네킨 구매,물품,UMM,국군재정관리단,202406211100,M7AA6,주식회사 현백,,김경백,0513372578,부산광역시 강서구 낙동북로43번길38-16(강동동),88.003,129094805
738,UMM0821,1,23788,***,(246266-C) 마이크로필름 촬영기 등 3종 구매,물품,UMM,국군재정관리단,202406211100,EF559,주식회사 산돌비엠티,"SANDOL BMT Co., Ltd.",김은아,023251225,"서울특별시 마포구 양화로3길 82, 국민빌딩 2층(합정동 426-21 국민빌딩 2층)",97.289,202400000
1638,UMM0820,1,23164,***,(246255-C) 외상처치 시뮬레이션 킷 등 5종 구매,물품,UMM,국군재정관리단,202406211100,M10B5,정투유통,,정주영,05025800107,충청남도 아산시 삼동로40 (모종동)3층 301-37호,87.995,83663730
4167,UMM0813,1,17342,***,"24-F-절곡기, 유압식 구매",물품,UMM,국군재정관리단,202406211100,LE972,지엘(GL)몰,,박두원,01030532137,서울특별시 관악구 법원단지길65 (신림동) B03호,87.995,113738021
7,LKM0035,1,27412,***,'24~25년 렌탈프린터 임차 용역,용역,LKM,제2632부대,202406211100,I5963,수OA,SU OA,조성진,063-446-3270,전라북도 군산시 구영6길133-4 (영화동),88.108,105467016
2,SFG0060,1,24559,***,24-K-해상기상관측부이 유지보수 용역,용역,SFG,제9181부대,202406211030,G6B6C,주식회사 씨텍,"SEATECH Co., Ltd",장필순,0517752200,부산광역시 사상구 모라로22-0 (모라동) 부산벤처타워 1509호,85.167,318799429
5,LHG0035,1,27705,***,신영23-28 병영생활관 신축 관급(자동제어) 제조 설치,물품,LHG,제1862부대,202406211030,JEE1B,주식회사 믿음이엔지,,유영희,0336822525,강원특별자치도 고성군 죽왕면 향목서길26,88.351,42222220
8,LNG0043,1,24972,***,"정비근무, A/B포병 부대개편(에너지효율 등 본인증)",용역,LNG,육군 제1군단,202406211030,A4BB0,사단법인한양경제연구원,Hanyang Economic Research lnstitute,신광철,0317594555,경기도 성남시 수정구 위례광장로21-6 (창곡동) 나 202호,88.262,13716000
10,LGT0061,1,27748,***,작전지휘시설 신축 선행연구(24-GD-85),용역,LGT,제2307부대,202406211030,F3E8C,주식회사 동남엔지니어링,"DONG NAM ENGINEERING CO.,LTD",김남훈,0337447229,강원특별자치도 삼척시 봉황로97 (남양동),88.125,79932000
16,SFN0053,1,27736,***,24-Y-실내공기질 검사 용역,용역,SFN,연평부대,202406211030,F4249,주식회사엔플러스이,"NPLUSE Co.,  Ltd.",윤수정,16615451,"경기도 남양주시 경춘로1995, 2층(화도읍)",88.054,7370350
142,SCH0095,1,27697,***,24-52호 무지 종이컵 등 200종 구매,물품,SCH,해군작전사령부,202406211030,KC51F,진명,,조종열,0512940005,부산광역시 강서구 유통단지1로57번길34 (대저2동) 106동217호,88.04,13719800
285,HDQ0057,1,27675,***,20비 24-192 후방카메라 등 4품목,물품,HDQ,제20전투비행단,202406211030,K9B3F,주식회사 가온이엔지,,정윤석,0416331101,"충청남도 홍성군 홍성읍 의사로72번길26, 1층",88.001,24313226
25,SCR0067,1,27648,***,24-3수리창 물탱크청소용역,용역,SCR,해군제3함대사령부,202406211030,AACDD,대청기업(주),"DAECHEONG INDUSTRY Co.,Ltd",유도희,0616529445,전라남도 여수시 웅천2길5-55  1층 (웅천동),88.006,1895820
3,HDG0018,2,23672,***,24-102 활주로 재도장용 페인트 등 4종 제조,물품,HDG,공군제10전투비행단,202406211030,0301F,대화페인트공업 주식회사,"DaeHwaPaint Mfg Co., Ltd.",이건택,0314912041,경기도 안산시 단원구 신원로 190(성곡동),88.292,51451500
4,SDF0096,1,27617,***,24-항-47 623 버스임차(1대) 용역,용역,SDF,제5738부대,202406211030,C1B98,(주)세영고속관광,SEY0UNG EXPRESS TOUR,이태기,0552425544,경상남도 창원시 마산회원구 무학로712-0 (회원동),88.646,1220000
63,SDF0095,1,27613,***,24-항-42 0관 제초용역,용역,SDF,제5738부대,202406211030,FDCB2,(주)늘봄조경,neulbom,황선미,0547410977,"경상북도 경주시 유림로5번길65-12, 2층 (황성동)",88.069,2545375
5,SDF0094,1,27608,***,24-항-40 폐합성수지 처리용역,용역,SDF,제5738부대,202406211030,B767D,주식회사 태산파우텍,TAESAN POWTECH,김현구,0537657045,경상북도 고령군 다산면 다산산단로54-42,88.493,1724389
50,LCM0035,1,27604,***,24-1차 드론봇 외국원서 번역사업,용역,LCM,육군교육사령부,202406211030,M12F6,주식회사 제이제이커뮤니케이션즈,,조주이,01057976720,"서울특별시 금천구 디지털로9길68-0 17층 1706호(가산동, 대륭포스트 타워 5차)",88.056,6049395
105,LPF0060,1,27587,***,24년 예비군 육성지원(비디오월) 설치납품,물품,LPF,제51보병사단,202406211030,B0A5B,주식회사 경기방재,"GYEONG GI BANG JAE CO., LTD.",최대현,0318711119,경기도 의정부시 의정로110번길 15(),88.003,30020801
3300,SDF0098,1,27690,***,조종형 티셔츠(긴팔) 등 12종 구매,물품,SDF,제5738부대,202406211030,M050C,주식회사 은상컴퍼니,,최은미,07041097450,"경기도 안산시 단원구 고잔2길45, 7층 701-376호(고잔동, 코스모프라자)",88.001,14370480
2,HCQ0053,1,27695,***,"시험대, 항공기 발전기용 외주정비",용역,HCQ,공군제5공중기동비행단,202406211030,I05B4,주식회사 위드인텍,WithinTek,김덕수,0220818991,"서울특별시 금천구 가산디지털1로58(가산동, 에이스한솔타워)1014호",97.678,51389470
2,LNG0040,1,24064,***,오수처리시설공사 설계용역(24-경기북부-오수-1공구),용역,LNG,육군 제1군단,202406211000,FD465,열린환경기술 주식회사,"yeolrin environment technology co.,Ltd",김완중,0429332226,대전광역시 대덕구 덕암로222 (덕암동) 7,0,0
2,LPF0053,1,22403,***,재)24-27년 신병교육대대 병영식당 민간위탁 이동급식,용역,LPF,제51보병사단,202406211000,FDADF,주식회사 푸드윈,FOODWIN,김봉환,0314529426,"경기도 군포시 공단로149-0 (당동, 아이밸리 군포)",,9855000000
4,HDE0007,1,24124,***,우주안전 발전 생태계(거버넌스) 구축 연구 용역,용역,HDE,공군항공안전단,202406201400,BDDFB,한국항공대학교 산학협력단,korea aerospace university-industry cooperation foundation,오현웅,023000390,"경기도 고양시 덕양구 항공대학로76-0 (화전동, 한국항공대학교내)",,36890000
15,LKG0064,1,26414,***,00교회 사면보강 설계용역,용역,LKG,육군제53보병사단,202406201400,CBE85,주식회사 경성,KyungSung.co.Ltd,김민수,0515183990,부산광역시 금정구 금샘로561-1 (남산동),88.038,41407000
7,LFN0023,1,22470,***,24년 3사관학교 생도식당 민간위탁급식 용역,용역,LFN,육군3사관학교,202406201400,G1811,삼성웰스토리 주식회사,SAMSUNG WELSTORY INCORPORATED,정해린,03151714408,경기도 성남시 분당구 구미로8-0 (구미동),,10164000000
2,EBB0261,1,1488,***,'24년 표준차 유지부품,물품,EBB,지상공통전력운영계약팀,202406201100,MAAA6,주식회사덕인,,장남인,0553851151,경상남도 양산시 유산공단3길33-0 (교동),84.268,251373000
12,LFK0044,1,27409,***,24년 3분기 조리병 실습재료 구매,물품,LFK,육군종합군수학교,202406201100,LDBEE,주식회사 예스푸드,,이종혁,0425358840,대전광역시 서구 괴정로166번길18 (가장동),88.093,24694394
39,MCN0021,1,27206,***,군사경찰피복(동계 행사복 등 2종) 제조 구매,물품,MCN,국방부근무지원단,202406201100,GD9B9,주식회사 하이디,"HEIDI Co.,Ltd",김건수,0216449624,경기도 파주시 법원읍 파주로2550-0,88.027,43447518
9,LCN0033,1,26307,***,41차(국궁장 이동식화장실 제조 설치),물품,LCN,육군사관학교,202406201100,M14E0,유한회사 가온산업건설,,정한별,01088617220,전북특별자치도 김제시 월촌공단길74-14 (연정동),88.001,9602000
119,LCF0385,1,27093,***,230mm급 다련장 창정비시설 신축 관급자재(자동제어),물품,LCF,육군군수사령부,202406201100,AC744,주식회사 벽우,BYUKWOO,한기흥,0413574444,충청남도 당진시 시곡로327(시곡동),87.997,288717621
3,UMM0831,1,27359,***,(24F154-B) 24년 식기세척기 임차용역,용역,UMM,국군재정관리단,202406201100,JEEC6,에스지원,,김성진,02-6205-2020,"경기도 하남시 미사강변한강로135, 나동 0622호(망월동, 미사강변스카이폴리스)",88.078,90090050
5,UMM0826,1,27180,***,(24F197-A)특수건강진단위탁용역(경상 전라),용역,UMM,국군재정관리단,202406201100,HB690,미래한국병원,MIRAE HANKOOK HOSPITAL,임영국,0415456114,충청남도 아산시 번영로230번길13 (모종동),85.867,313272402
36,UMM0829,1,22947,***,(246239-E) 육군 군기 7종 제조,물품,UMM,국군재정관리단,202406201100,I87EF,유한회사 은가비,EUNGABI,이은희,01086001244,광주광역시 광산구 산음능동길115-28 (지산동),87.997,50742100
11,UMM0828,1,22937,***,(246246-C) 학교교실 장비도입(PC 등 제조),물품,UMM,국군재정관리단,202406201100,A4921,주식회사 트리엠,"TreeM Co., Ltd.",김동수,0220241900,"서울특별시 성동구 상원길19, 4층(성수동1가, 신한 IT TOWER)",88.098,1100906400
202,UMM0830,1,22636,***,(247222-E) 의무장비(수술등 천장식) 구매,물품,UMM,국군재정관리단,202406201100,I1F79,주식회사 메디플링크,mediflink,이상선,02-554-5362,"서울특별시 강남구 논현로8길12, 201-1 (개포동)",91.292,45900000
5464,UMM0739,1,21730,***,24-D-휴게실 편의장비 비품 구매,물품,UMM,국군재정관리단,202406201100,M06D2,어뮤즈,,권오준,01065140747,"충청북도 청주시 흥덕구 서현로66 (가경동, 청주 가경 IPARK) 101동 1601호",88,57549105
452,UMM0801,1,21431,***,24-M-정훈물자 구매,물품,UMM,국군재정관리단,202406201100,L16D4,예림유통,,김정옥,01063934392,"경기도 수원시 장안구 상률로32 (율전동, 밤꽃마을뜨란채) 103-1504",87.998,63607650
177,UMM0770,1,21019,***,24-N-고래-2호 등 7종 제조,물품,UMM,국군재정관리단,202406201100,K57E2,창대기업,,박영진,07046934993,경기도 광주시 초월읍 무갑길23번길51-20,88.061,125160600
4,UMM0824,1,17001,***,'(24F162-A) 근무분야 민간위탁 용역(강원 인제),용역,UMM,국군재정관리단,202406201100,F52B9,공우이엔씨 주식회사,KONGWOO ENC Corporation,이한기,0262760252,"서울특별시 영등포구 여의대방로43라길6-0 (신길동, 신길프라자3층)",98.075,1687000000
3,UMM0825,1,16923,***,(24F161-A) 근무분야 민간위탁 용역(강원 강릉),용역,UMM,국군재정관리단,202406201100,F52B9,공우이엔씨 주식회사,KONGWOO ENC Corporation,이한기,0262760252,"서울특별시 영등포구 여의대방로43라길6-0 (신길동, 신길프라자3층)",97.874,1288000000
24,UMM0761,2,14207,***,(246168-E) ’24년 스크린 도입사업(리스자산),물품,UMM,국군재정관리단,202406201100,C2AA9,진전에스엘,Jin Jun Screen,박용균,029224077,"경기도 양주시 남면 검준2길79, (1동), 검준2길 81(3동)",88.248,130844522
946,MDG0159,1,22621,***,24년 의무장비(소독기 저온 멸균형 중형(EO gas))구매,물품,MDG,국군의무사령부,202406201100,E1EA9,유한회사 창해,"chang hae Co., Ltd",류제성,0626118816,광주광역시 광산구 풍영철길로15(콜롬버스월드 302호),87.997,25715140
336,LCF0386,1,27100,***,230mm급 다련장 창정비시설 신축 관급자재(GHP실외기),물품,LCF,육군군수사령부,202406201100,BD3A1,태성냉동공조(주),tae sung freezing co,서종권,0558550017,경상남도 사천시 축동면 사천대로 2206(),87.997,140051600
119,LCF0385,2,27093,***,230mm급 다련장 창정비시설 신축 관급자재(자동제어),물품,LCF,육군군수사령부,202406201100,AC744,주식회사 벽우,BYUKWOO,한기흥,0413574444,충청남도 당진시 시곡로327(시곡동),87.997,288717621
1289,LCF0388,1,10549,***,환자관찰장치 10항목 구매(의무),물품,LCF,육군군수사령부,202406201100,L13FD,럭키필드,,조평길,0315225953,"경기도 남양주시 가운로2길114, 110호 (다산동, 미성프라자)",87.995,34079681
12,EBH0025,2,4100G,***,지상감시레이더 부품(구매),물품,EBH,해상공중전력운영계약팀,202406201100,JB635,(주)소닉컴텍,,문지환,0325013577,"인천광역시 부평구 부평대로337, 부평 제이타워3차 지식산업센터 제5층 제523호 (청천동)",88.545,121442885
17,EBB0263,1,9050,***,'24년 다목적굴착기 부품(구매),물품,EBB,지상공통전력운영계약팀,202406201100,LF488,한영기계,,박대정,051-322-0949,부산광역시 사상구 새벽로63번길53-0 (학장동),88.068,183999000
5,EBB0262,1,7107,***,'24년 지뢰살포기 부품(제조),물품,EBB,지상공통전력운영계약팀,202406201100,IF39E,주식회사 나우이노,,황재희,0544340901,경상북도 김천시 해오름1로1길6-10 (율곡동),88.322,99120000
4,EBB0259,1,6610,***,K계열 궤도장비 부품류,물품,EBB,지상공통전력운영계약팀,202406201100,MAAA6,주식회사덕인,,장남인,0553851151,경상남도 양산시 유산공단3길33-0 (교동),86.023,1277483000
5,EBB0266,1,4912,***,2024 특수보호의(Level A),물품,EBB,지상공통전력운영계약팀,202406201100,0044F,주식회사 한컴라이프케어,HANCOM LIFECARE INC.,김선영,03151839000,경기도 용인시 처인구 양지면 중부대로1960번길53,84.843,915058144
260,LCF0384,1,08544,***,"고정구,항공기정비용 등 3항목 구매(항공공구)",물품,LCF,육군군수사령부,202406201030,J6660,주식회사 엠제이엠,,김무진,0535628476,대구광역시 서구 새방로29길6-17 (상리동),98.249,103988500
189,SCN0106,1,27262,***,서바이벌총기 등 9종 구매,물품,SCN,제7001부대,202406201030,JFB7A,다혁솔루션,,허혁,01075346764,경상남도 창원시 성산구 반송로43-0 (반지동) 1층,88,23512900
18,SFH0086,1,27397,***,24-B-스탠드형 냉난방기 구매설치(도서지역),물품,SFH,제9196부대,202406201030,D4CBC,(주)세이버이엔지,"SAVER ENG CO.,LTD",강유경,0324330469,"인천광역시 연수구 센트럴로415-0 (송도동), 106동 3404호(송도동,힐스테이트 송도 더테라스)",88.463,5594000
26,MDS0010,1,27381,***,공기조화기 필터 제조 납품,물품,MDS,제3707부대,202406201030,A5F12,고려정공 주식회사,"korea clean air co.,ltd",김순자,0313218500,경기도 용인시 처인구 모현읍 독점로268,88.181,29185000
95,MCT0036,1,27076,***,농구부 운동용품(농구화 등 7종)구매,물품,MCT,국군체육부대,202406201030,B454B,진영상사,,전옥순,02-541-9584,서울특별시 서초구 신반포로43길23-14 (잠원동) 재산빌딩 402호,88.565,19110000
2362,SFG0067,1,27362,***,제빙기 및 광케이블 측정기 등 5품목 구매,물품,SFG,제9181부대,202406201030,I4278,인스미디어,INSMEDIA,윤인상,0315725718,"경기도 남양주시 덕송2로10번길3-90, 104호 (별내동)",88,61925690
306,LMH0041,1,27365,***,00 과학화훈련장 민간위탁관리 용역(C052),용역,LMH,제7군단,202406201030,F24CD,(주)진양개발,jinyang development,이음분,0326125303,"경기도 부천시 조마루로398번길23, 나동 101호 (원미동, 매이채)",88.004,37922760
1845,SFG0066,1,27361,***,냉난방기 등 3품목 구매 설치,물품,SFG,제9181부대,202406201030,LCD25,글로벌유통,,권병태,01022450373,"경기도 부천시 소사구 중동로19, B101호(송내동, 래미안부천어반비스타)",88.001,59564410
10,LMK0027,1,27255,***,[24-C42] 24년 폐수처리시설 슬러지 청소용역,용역,LMK,제6보병사단,202406201030,K0738,주식회사 에버,,반재영,01074008119,경기도 남양주시 진접읍 팔야로124번길46,88.057,24993980
2,SCN0105,1,26981,***,의약품(이모젭 등 3종) 구매,물품,SCN,제7001부대,202406201030,G3D14,주식회사 내일약품,"Naeil Pharm co.,ltd.",안진호,0314260011,"경기도 안양시 동안구 흥안대로125, 4층, 지하1층(호계동, 동안빌딩)",91.062,34735000
26,LNH0011,1,27218,***,'24-1차 병영생활관 에어컨 구매(제조),물품,LNH,육군제7163부대,202406201030,K005C,에스비유통,,오수복,01090631344,"세종특별자치시  나성북1로12 , 7층 706-99",88.117,5409603
60,SCQ0063,1,27139,***,구조용각형각관 등 14종 구매,물품,SCQ,제9911부대,202406201030,JD249,우주상사,,최기식,01058988226,경기도 남양주시 별내면 청학로114번길34 (청학주공아파트) 706-301,88.011,6687230
246,SCN0104,1,27118,***,24-진-40 00마을 및 관사 제초용역,용역,SCN,제7001부대,202406201030,E91D7,삼정조경주식회사,samjuong,임재담,0559625358,경상남도 함양군 안의면 광풍로161-13,88.016,57717150
39,SCH0094,1,26570,***,24-51호 가시레이저 등 10종 구매,물품,SCH,해군작전사령부,202406201030,I5E80,주식회사 진성하이텍,JINSUNG HITEC,조종열,0555525665,"경상남도 창원시 마산합포구 해안대로91, 상가 205호(해운동, 경민시티빌)",88.005,27200600
200,LGD0011,1,27348,***,3분기 교육물품 구매,물품,LGD,육군종합행정학교,202406201030,HFA88,주식회사 서울,Seoulpower Electric Corporation,서우형,0434217724,충청북도 단양군 매포읍 평동7길21,88.002,42595835
2,SFM0048,1,27125,***,24-S-상장공장 정비장비 외주정비 용역,용역,SFM,제3170부대,202406201030,HA21D,P．H．E（포항중장비）,P.H.E,박화영,0542550078,경상북도 포항시 남구 연일읍 동문로94번길37-0,95.677,8880000
4,MCX0037,1,26966,***,자율운영급식(대패삼겹살 등 118종) 구매,물품,MCX,자운대근무지원연대,202406201030,LCF43,선진유통,,오승임,0426226897,대전광역시 대덕구 동춘당로52번길14-0 (송촌동) 1층,89.838,54075850
340,MCX0036,1,26953,***,샤워기 헤드 등 96종 구매,물품,MCX,자운대근무지원연대,202406201030,MB782,물댄동산,,전미나,01096666016,대전광역시 유성구 도안동로422-0 (원신흥동) 102동 301호,88.015,43464700
240,LFC0049,1,27257,***,"24 보온,보냉 이중국통 구매",물품,LFC,육군훈련소,202406201030,J75A0,함초롬,,최홍석,01026318102,"충청남도 아산시 탕정면 선문로221번길70, 406호",88.012,46678600
41,SFH0087,1,27406,***,24-B-물탱크 청소 용역,용역,SFH,제9196부대,202406201030,K5662,주식회사 명성종합환경,,오세정,16700309,"인천광역시 서구 심곡로8번길3-27, 104호 (심곡동)",87.747,123564540
2049,SFC0074,1,27149,***,24-덕-디지털전용지 등 42품목 구매,물품,SFC,제9691부대,202406201030,I5D99,나경기획,nakyong company,유정훈,0318613656,경기도 동두천시 동광로87-0 (생연동) 203호,88.01,43742690
4,SCF0620,1,26269,***,육군경비정 디젤엔진(MTU 12V183) 총분해 정비,물품,SCF,해군군수사령부,202406201030,D80A2,(주) 우리해양기술,WOORI OCEANTECH,윤석봉,0519731280,부산광역시 강서구 녹산산업북로249-0 (송정동),85.745,2187424800
8,SCF0624,1,26266,***,함정 수밀개폐구 정비,물품,SCF,해군군수사령부,202406201030,C8F7D,(주)포코엔지니어링,"POKO ENGINEERING CO., LTD",김귀동,0512008960,부산광역시 사하구 감천항로405번길21-0 (구평동),84.571,819651000
163,SCF0625,1,26171,***,(긴급)회로카드 조립체 1종,물품,SCF,해군군수사령부,202406201030,ECF32,세종상사,,노정래,010-9384-8831,경상남도 창원시 진해구 여명로52 (여좌동),92.251,8876800
28,SCF0634,1,26018,***,'24년 함정 하우스 건현 청락/도장 용역,용역,SCF,해군군수사령부,202406201030,M1154,주식회사 준서,,이희선,0514188863,부산광역시 영도구 봉래나루로254-0 (봉래동4가),88.073,988581033
5,SCF0632,1,26007,***,DDH-II 화재감시장치 정비,물품,SCF,해군군수사령부,202406201030,E2E61,주식회사 플렛디스,"FlatDis Co., LTD",권병헌,0326230977,경상남도 창원시 진해구 웅천서로41번길93(제덕동),83.96,213631736
29,SCF0631,1,26003,***,'24년 함정 Non-Skid 청락/도장 용역,용역,SCF,해군군수사령부,202406201030,C3B2F,조아해양산업(주),"JO-A MARINE INDUSTRIAL CO,.LTD",김위산,0517541448,부산광역시 수영구 수미로63번길6-0 (망미동) 401호,88.107,4644224000
4,SCF0633,1,25929,***,"전투함(DDG, DDH-II) 화재감시장치 유지보수 정비",물품,SCF,해군군수사령부,202406201030,A80CA,비아이산업주식회사,"B-I Industrial Co., Ltd",김영수,0514415670,부산광역시 강서구 공항로767번다길32 (대저2동),83.822,230881400
3,SCF0622,1,25701,***,LST-II 탄약승강기 외주정비,물품,SCF,해군군수사령부,202406201030,A8797,(주)대명엘리베이터,"daemyung elevator co., ltd.",김동건,0522882700,"울산광역시 북구 활밤로 19(효문동, (주)대명엘레베이터)",84.175,170084000
575,SCF0618,1,25690,***,(긴급)강철조각 1종,물품,SCF,해군군수사령부,202406201030,HC427,제일테크,JEILTECH,김문길,0512656997,부산광역시 사하구 다대로613-0 (다대동) 자유마트 220호,90.488,86564500
2,SCF0630,1,22744,***,00함 No.1 FAS 램 텐션 축전기 외주정비,물품,SCF,해군군수사령부,202406201030,J685B,피엠에스,,권차순,0553385878,경상남도 김해시 상동면 상동로685번길142-44,83.6,108360000
51,SCF0615,1,21267,***,개스킷 등 10종 구매,물품,SCF,해군군수사령부,202406201030,MB792,에스제이상사,,곽새롬,01064249366,"경상남도 김해시 관동로138, 1404동 301호(관동동, 죽림마을 동원로얄듀크아파트14단지)",88.007,4248890
13,LKT0061,1,27030,***,24-217차 육성예산지원 침낭 제조납품,물품,LKT,제1989부대,202406201030,DE986,성도교역,sungdo co ltd,최계영,023062353,"서울특별시 서대문구 수색로138-0, 2층(북가좌동)",88.149,52254882
91,LHG0034,1,27429,***,을지회관 신축 관급자재(자동제어) 제조 설치,물품,LHG,제1862부대,202406201030,FBF62,주식회사 성일시스템,"SUNGIL SYSTEM CO.,LTD.",오기철,0325460672,인천광역시 계양구 경명대로1017번길31(계산동),88.009,100862430
477,LCF0383,1,12207,***,"송풍기, 원심식 2항목 구매(화생방)",물품,LCF,육군군수사령부,202406201030,FE043,주식회사 에코비투,ecob2co.ltd,하영임,023532356,"경기도 고양시 덕양구 삼원로73, 721호(원흥동, 원흥한일윈스타)",97.066,100606000
18,HCC0055,1,27145,***,가위 등 365품목(099),물품,HCC,해군제1수리창,202406201000,L7479,수지유통,,최수지,01062487950,"강원특별자치도 동해시 서동로721-6, 1층(신흥동)",88.091,6055980
1,UAB0045,1,26811,***,국군복지단 가격조사 위탁용역,용역,UAB,국군복지단,202406191700,A5A83,사단법인 한국물가정보,Korea Price Information Corp,노영현,0318701031,경기도 파주시 회동길354-0 (서패동),87.767,179959450
287,SDF0073,2,22419,***,GASKET 등 40종 구매,물품,SDF,제5738부대,202406191430,JE867,에스에이치테크,,김상호,01043907780,"경상북도 포항시 남구 동해면 일월로11번길22, 102호(천호골든아파트)",95.351,126722000
2591,HCG0028,1,27031,***,24-보안스티커 구매,물품,HCG,공군본부,202406191130,F070B,탑시스템,TOP SYSTEM,오승관,01033053818,"경기도 수원시 권선구 권선로532, 1층",88.002,17159030
38,EBB0253,1,7410,***,브라켓류(제조),물품,EBB,지상공통전력운영계약팀,202406191100,I52B6,티케이(T.K)테크,T.K TECH,김재욱,051-303-5134,부산광역시 강서구 대저로3번길52-15 (대저1동),88.105,84020660
1855,LDA0024,1,27028,***,24-3차 전산 및 기타운영지원용품,물품,LDA,지상작전사령부,202406191100,LE653,와이제이물산,,김영란,0312826657,"경기도 용인시 기흥구 신갈로138번길12-0 (신갈동, 신미주아파트) 101동 1004호",88,69268900
155,LIK0046,1,26787,***,00부대 3중대 ASP 방화지대 구축 용역,용역,LIK,제2군수지원여단,202406191100,KA9C9,주식회사 덕원조경,,최지용,0334527772,강원특별자치도 철원군 갈말읍 호국로4967,88.008,28671097
5801,LGM0024,1,26714,***,(24-물품-57) 24-5차 정보통신체계운영 용품 구매,물품,LGM,제11기동사단,202406191100,J1FBB,대성기업,,황갑열,07078350178,경상남도 김해시 김해대로1870-0 (삼계동) 102동 603호,88.001,21543710
271,LHQ0033,1,26969,***,00공병단 중형 굴삭기 어테치먼트 예초기 구매,물품,LHQ,제2작전사령부,202406191100,M4C12,파운트,,권석헌,01062069876,"인천광역시 부평구 마장로143번길25-4, 1동 201호(산곡동, 한마음 맨션)",88.001,36530610
45,MDG0158,2,26409,***,00병원 공조기 필터 교체 설치납품,물품,MDG,국군의무사령부,202406191100,C2A89,(주)세방씨앤에프,"SE BANG CLEAN FILTER CO.,LTD.",장해진,0549752800,경상북도 구미시 산동읍 5공단중앙로158-0,88.018,12756711
44,UMM0814,1,26699,***,(246196-C) 특정지역 특수피복 제조,물품,UMM,국군재정관리단,202406191100,L6FF9,주식회사 유노인더스트리,,정민영,07087112611,경기도 남양주시 화도읍 비룡로292번길11,88.934,323718000
4,UMM0796,1,26129,***,(24F196-A) 특수건강 위탁용역(경기 강원),용역,UMM,국군재정관리단,202406191100,LCCE0,케이메디컬의원,,이상재,0415445353,"충청남도 아산시 탕정면 한들물빛6로16, 7층, 8층",79.17,1050493956
301,UMM0791,1,25866,***,(246235-E) 항공기용 위성통신 단말기 교체,물품,UMM,국군재정관리단,202406191100,C29C9,주식회사 모두텔,Modootel Ltd.,박종식,0519531331,"부산광역시 해운대구 센텀동로71, 607호 (우동, 벽산e-센텀클래스원2차)",93.672,132804300
6,UMM0768,1,24103,***,24-N-방공 고속지령대 제조 설치(248174-F),물품,UMM,국군재정관리단,202406191100,A5DBA,한국전기통신주식회사,"KOREA TELECOMMUNICATION CO.,LTD",지정식,0325792233,인천광역시 서구 가정로77번길 50-10(가좌동),93.482,235000000
248,UMM0787,1,23850,***,(24F241-B) 24년 통합관리시스템 하드웨어 교체,물품,UMM,국군재정관리단,202406191100,KFB9E,은서유통,,윤운태,01024075879,충청남도 보령시 남포면 봉덕삼현길305-136,87.997,51300060
4,UMM0812,1,23272,***,24-D-이동마트 차량(3.5톤) 제조,물품,UMM,국군재정관리단,202406191100,G6EA2,주식회사 와풀,woowful,송봉주,0226783080,경기도 김포시 월곶면 김포대로2708-37,88.614,146021200
287,UMM0785,1,20379,***,24-N-0함대 물탱크 청소용역,용역,UMM,국군재정관리단,202406191100,H43E2,주식회사 뉴하나회,newhanahaey,이경춘,07042475991,"인천광역시 서구 완정로158-0, 7층 702호 (마전동, 중앙빌딩)",87.767,74555690
1108,UMM0793,1,20330,***,(247133-E) 장비운영소모품(외과2) 38종 구매,물품,UMM,국군재정관리단,202406191100,KEE37,올커니,,김은재,07052144167,경기도 양주시 양주산성로164번길87-19 (남방동),87.999,68048540
2,UMM0817,1,20081,***,'(24F187-A) 근무분야 민간위탁 용역(경기포천),용역,UMM,국군재정관리단,202406191100,A54DE,광인산업(주),KWANGIN,김형주,025401799,"서울특별시 용산구 원효로51, 308호(산천동, 삼성테마트)",97.868,1800302000
5,UMM0646,2,19725,***,24-N-전원변환기(DC24V 400A) 제조(248153-F),물품,UMM,국군재정관리단,202406191100,BAAC1,주식회사 현대파워,"HYUNDAEPOWER CO., LTD.",박치만,0323273271,"경기도 부천시 원미구 송내대로388, 201동 904호 (약대동, 부천테크노파크)",87.937,424000000
362,UMM0783,1,17971,***,(246026-G)24년 대형화면전시체계 교체사업(리스자산),물품,UMM,국군재정관리단,202406191100,DDECB,주식회사 더나은산업,THENAEUN,이예나,07077973608,"경기도 고양시 일산동구 백마로223, 430호 (장항동, 현대에뜨레보)",82.997,375167860
92,UAB0044,1,26222,***,’25년도 국군복지단 달력 제조,물품,UAB,국군복지단,202406191100,CE524,충무기획인쇄,choongmoo,김영수,0222633223,서울특별시 중구 서애로5길 9(),88.023,27671900
10,MDR0033,1,26838,***,기상관측장비 교체,물품,MDR,제9965부대,202406191100,BA014,주식회사 세진정보통신,"SEJIN INFORMATION & COMMUNICATION Co., LTD",김선미,0553315600,경상남도 김해시 칠산로291번길16-5 (화목동),88.06,30294653
104,MDG0157,1,26115,***,24년 의무장비(격리병실음압유지기) 구매,물품,MDG,국군의무사령부,202406191100,GA28E,주마메디칼,jumamedical,김정희,0315291919,경기도 남양주시 진접읍 금강로1553-21 (신우아파트) 상가 112호,97.804,8620000
37,LKF0045,1,26877,***,24년 00부대 유휴시설 건설폐기물 처리용역,용역,LKF,제6755부대,202406191100,F0354,동성이엔티,DONGSUNG ENT,류기남,0548561231,경상북도 안동시 일직면 중반들길14-45,87.952,180722925
16,LDA0025,1,27045,***,[24-D44] 본청 UPS 교체 설치납품,물품,LDA,지상작전사령부,202406191100,DE98E,아이에프텍 주식회사,"IFTECH Co.,LTD",허창회,0314240273,"경기도 안양시 동안구 학의로250 (관양동, 관양 두산 벤처다임)8층 805호,2층 205호208호",88.024,190902369
58,LCF0379,1,26711,***,"창, 관찰용 등 2항목 구매(항공)",물품,LCF,육군군수사령부,202406191100,JAD8F,신기산업,,박재완,051-928-1744,부산광역시 북구 의성로59번길1 (덕천동),91.951,20100000
2,LMU0031,1,26830,***,24-016 24-1차 지정폐기물 위탁처리 용역,용역,LMU,제7군수지원단,202406191030,JAD1D,주식회사 삼동그린,,노정일,0313573664,"경기도 화성시 향남읍 백토관리길61-36, 에이동, 비동",84.43,41458890
344,HDQ0055,1,27091,***,20비 24-187 정품잉크 등 32종,물품,HDQ,제20전투비행단,202406191030,K19D0,주식회사 오로드,,박인태,07088306082,충청남도 천안시 서북구 신당새터2길15 (신당동),88.005,30722352
62,SDF0093,1,27026,***,일자 비트 등 7종 구매,물품,SDF,제5738부대,202406191030,IAB67,주식회사 백운테크,BAEKWOON TEC.,김진호,01097206616,경상남도 창원시 진해구 용원북로17번길15-0 (용원동) 1층,88.04,12113400
607,SDF0092,1,27035,***,OSR6118-TG 등 18종 구매,물품,SDF,제5738부대,202406191030,J719B,동산 주식회사,,김진아,0612770357,전라남도 목포시 삼학로303-1 (용해동),88.004,5141463
136,LNF0027,1,26770,***,전차훈련용 폭음기 제조 구매,물품,LNF,제1보병사단,202406191030,M346A,영재유통,,윤채영,01033414045,"경기도 시흥시 신흥마을1길37, 101동 1405호(신천동, 상아아파트)",88.021,36002130
31,SCN0103,1,26760,***,트루잔 배터리 27TMX 20EA 구매,물품,SCN,제7001부대,202406191030,I5E80,주식회사 진성하이텍,JINSUNG HITEC,조종열,0555525665,"경상남도 창원시 마산합포구 해안대로91, 상가 205호(해운동, 경민시티빌)",88.068,5598000
1839,LPN0006,1,27078,***,24-2차 전산운영용품 구매,물품,LPN,수도군단,202406191030,H3249,제이유테크,jutech,정혜님,07047722900,"경기도 남양주시 다산순환로166, 7층 701호(다산동, 다산신화타워)",88,57648500
153,MDD0094,1,27021,***,24년 국군외상센터 건축물 정밀안전점검 용역,용역,MDD,국군수도병원,202406191030,K5F8C,현성엔지니어링 주식회사,,김난희,0319947795,"경기도 고양시 일산동구 호수로358-25, 810호 (백석동,동문타워Ⅱ)",88.034,20637600
8,MCS0076,2,24716,***,24-공군 전시항공기·유도탄 도장용역,용역,MCS,국방부계룡대근무지원단,202406191030,M4FE1,한길이엔지 주식회사,,전용성,0535532486,"대구광역시 북구 동북로117, 4층 403호 (산격동, 소프트웨어벤처타워)",88.144,12230000
81,SCI0067,1,26751,***,"스위치, 전자식 등 8종 구매",물품,SCI,제9121부대,202406191030,J4F91,다인,,전영례,07042550057,경상남도 창원시 진해구 충장로130번길25 (제황산동),88.065,55650747
5,HDQ0056,1,27096,***,24-전자파 상시측정장비 유지관리 용역,용역,HDQ,제20전투비행단,202406191030,K3CFF,주식회사 블루스카이,,임재분,01094150910,"대구광역시 달서구 달구벌대로1130, 3층 304-3호(신당동)",88.683,34482850
43,SFG0064,1,26744,***,아세트아미노펜정 등 184품목 구매,물품,SFG,제9181부대,202406191030,J1D85,주식회사 다함메디,,한승엽,0317050041,"경기도 용인시 처인구 포곡읍 마성로386, 102호,103호",88.047,54679900
5,SFG0062,1,26742,***,혈압계 구매,물품,SFG,제9181부대,202406191030,K603F,주식회사 혼정보통신,,유정아,0423480540,대전광역시 중구 동서대로1218-0 (태평동) 7층,88.097,636808
107,SFG0061,1,26741,***,봉투 등 130품목 구매,물품,SFG,제9181부대,202406191030,I0CC8,민스타니,minstany,강민아,01033198034,"경기도 김포시 김포대로926번길46, 305동 1202호(북변동, 풍년마을삼성아파트)",88.016,27441000
25,LNF0026,1,26745,***,24년 공기청정기 필터 제조 구매,물품,LNF,제1보병사단,202406191030,I772A,주식회사천태이엔지,CHUNTAE ENG,김은애,0315750792,경기도 남양주시 진접읍 팔야로57-0,88.006,94560050
1087,LQH0033,1,26737,***,(육성)예비군중대 모니터 구매,물품,LQH,제3697부대,202406191030,JE3B4,주식회사맥스코리아,,추봉식,0317957766,"경기도 하남시 하남대로622번안길100, 100-1 (천현동)",88,12915852
297,LQH0032,1,26735,***,(육성)예비군중대 프린터 구매,물품,LQH,제3697부대,202406191030,I733A,제이딜(J.Deal),J.Deal,김소연,01025232329,"경기도 고양시 일산동구 정발산로15, 415호 (장항동,드림월드빌딩)",88.043,5943100
5666,LDG0062,2,25203,***,수입포 등 10개 품목 구매,물품,LDG,육군 탄약지원사령부,202406191030,M2829,앤트,,조은하,01050213874,"대전광역시 서구 구봉산북로165-0 (관저동, 다온숲3단지) 3.6-1103",88,47640708
1383,LDG0063,2,25202,***,155밀리 고폭탄용 고무가스켓 등 7개 품목 구매,물품,LDG,육군 탄약지원사령부,202406191030,LFEE7,소망기획,,김청라,07071769339,"충청남도 예산군 예산읍 벚꽃로155번길50, 101동 401호(예산발연계룡리슈빌아파트)",88,30154000
4076,LDG0061,2,25204,***,고지용 엔진톱 구매,물품,LDG,육군 탄약지원사령부,202406191030,K94D6,주식회사 엠케이,,차정수,01050840017,강원특별자치도 동해시 발한로31-7 (부곡동),88,9661620
126,HDP0025,1,26976,***,"타이어 등 9종(24-146, 151)",물품,HDP,공군제19전투비행단,202406191030,I9E6E,다올,DAOL,이시우,07048374570,"충청북도 청주시 흥덕구 2순환로1222, 1동 17층 15호(강서동, 신해블루지움)",88.054,26009440
2,SDQ0065,1,26983,***,"냉각기, 윤활유식, 엔진용 구매",물품,SDQ,해군제2수리창,202406191030,LF95F,태평실업,,김지우,01037048574,"경기도 평택시 안중읍 안현로서6길10-0, 402-B11호",98.627,11060000
7,SCK0075,1,26794,***,시스템 스톱워치 구매,물품,SCK,해군교육사령부,202406191030,M6E80,제이제이,,노선영,01023171220,"경상남도 창원시 성산구 용지로169번길13, 3층 306호(용호동, 라이크빌-1)",88.952,1373567
92,LKT0060,1,26952,***,24-213차 육성예산지원 전투용 응급처치키트 구매,물품,LKT,제1989부대,202406191030,F3FFF,유한회사 다연,DAYEON,김광영,0613936251,전라남도 장성군 금산로147-9,88.062,79059659
79,LNF0028,1,26935,***,24-2차 전산운용용품 구매,물품,LNF,제1보병사단,202406191030,M8025,노을컴퍼니(NoelCompany),,최하나,01073171736,"경기도 파주시 경의로997-41 (야당동, 스카이 삼성캐슬 야당) 105-302",88.005,65787065
18,LHN0051,2,26543,***,2024년도 내진성능평가 및 지반조사 용역,용역,LHN,제7보병사단,202406191030,L9548,건흥엔지니어링주식회사,,장한조,0335323837,"강원특별자치도 동해시 동해대로5443 (평릉동, 동해시종합버스터미널) 1층 108호",88.021,79531252
383,LHD0032,1,26891,***,(부대계약)2분기 전산운영용품 등(X051),물품,LHD,제21보병사단,202406191030,I6DE9,이투유통,ETWO Company,유순한,07042561477,"강원특별자치도 원주시 송림길40-29, 102호 (개운동)",88.056,64476390
25,LKH0016,1,26889,***,'24년 차량발전기 및 시동기용 시험대 구매,물품,LKH,제6128부대,202406191030,FEE59,피앤에스,p&s,성기우,01055013502,"경상남도 창원시 성산구 중앙대로37, 519호 -5호(중앙동, 경남오피스텔)",88.137,25416610
813,SFG0063,1,26743,***,MCU PCB 및 정재염 등 38품목 구매,물품,SFG,제9181부대,202406191030,G1C12,주식회사 소낙,SONAC trading,하장보,0312389915,"경기도 수원시 팔달구 권선로751, 201동 501호 (인계동, 동양파라곤)",87.996,55532200
4,SCF0613,1,27079,***,'24년 항만수송정(YF) 유도관 및 추진기 외주정비,물품,SCF,해군군수사령부,202406191030,F6841,우주산업플랜트 주식회사,wooju,최창식,0552865098,경상남도 창원시 의창구 봉강가술로537번길42-0 (대산면),86.925,442990000
5,SCF0612,1,27075,***,'24년 항만경비정(HP) 유도관 및 추진기 외주정비,물품,SCF,해군군수사령부,202406191030,F6841,우주산업플랜트 주식회사,wooju,최창식,0552865098,경상남도 창원시 의창구 봉강가술로537번길42-0 (대산면),83.473,628990000
273,SCF0610,1,25801,***,(긴급)엑츄에이터 등 2종,물품,SCF,해군군수사령부,202406191030,IB89D,대성물류,Daesung,김성대,070-8801-5709,"경기도 평택시 중앙2로13-0 (평택동, 센텀스카이빌딩)",94.474,12340500
22,SCF0611,1,25502,***,'24년 함정 실내 청락/도장 용역,용역,SCF,해군군수사령부,202406191030,DF164,주식회사 케이에스금상,kumsang,남인순,051-761-1345,"부산광역시 기장군 기장읍 대변로154, 322호",88.196,1276000000
7,SCF0604,1,24216,***,함정 화장실/세면장 리모델링 정비,물품,SCF,해군군수사령부,202406191030,B63EB,주식회사종합해사,JONGHAP MARITIME INC.,정규화,0514137701,부산광역시 영도구 남항남로22-0 (남항동3가),83.986,2719530000
550,SCF0606,1,23547,***,해류유속계 구매,물품,SCF,해군군수사령부,202406191030,CAD67,(주)지오테크시스템,GeoTech System Corp.,유호상,0220683070,"경기도 부천시 조마루로385번길122, 106호 (춘의동, 삼보테크노타워)",95.686,44870000
274,SCF0605,1,23132,***,부식 방지제 등 31종 구매,물품,SCF,해군군수사령부,202406191030,HAC5F,에코플루이드,ECOFLUID Co.,정은,0557232326,경상남도 김해시 주촌면 서부로1409번길83-6,90.209,370000000
15,SCF0602,1,23075,***,군사경찰 행사복 등 7종 제조,물품,SCF,해군군수사령부,202406191030,G4C32,（주）씨앤에스코리아（CNS KOREA）,CNS KOREA,최춘,0326241770,"경기도 부천시 석천로397,  201동 1103호 (삼정동, 부천테크노파크쌍용3차)",88.026,29142450
1097,SCF0596,1,22595,***,소자 등 24종 구매,물품,SCF,해군군수사령부,202406191030,L6BC4,보니어,,나용재,01073749087,"경기도 시흥시 매화2로48번길4-5 (매화동, 매화동다세대) 402호",88.008,149968450
28,SCF0607,1,22369,***,"군악, 의장 행사모 구매",물품,SCF,해군군수사령부,202406191030,E5144,주식회사 나루지엠에스,narugms,조승현,025989154,"서울특별시 서초구 사임당로19길 40-8,  2층(서초동)",96.857,7952960
1445,SCF0594,1,21271,***,필터 하부조립체 등 3종,물품,SCF,해군군수사령부,202406191030,L4084,이루다,,이정원,07076129238,충청남도 계룡시 엄사면 번영3길91-0 (대동황토방아파트) 109동 603호,87.996,153316469
359,SCF0592,1,20101,***,"게이지, 기체흐름 측정용 등 3종 구매",물품,SCF,해군군수사령부,202406191030,ECF32,세종상사,,노정래,010-9384-8831,경상남도 창원시 진해구 여명로52 (여좌동),90.873,65289600
421,SCF0609,1,19358,***,전원공급기  등 4종 구매,물품,SCF,해군군수사령부,202406191030,G76F3,주식회사 매사,"MESA Co., LTD.",강종효,0261234150,"서울특별시 영등포구 선유로49길23,  1001호, 1107호, 1108호 (양평동4가,아이에스비즈타워2차)",83.004,234500729
1027,SCF0608,1,19347,***,"스위치, 누름식 등 4종 구매",물품,SCF,해군군수사령부,202406191030,L1A30,크린상사,,이규순,024726974,"서울특별시 강동구 천중로50길23, 2층(길동)",87.996,124485180
13,SCF0603,1,18506,***,동계취사모 등 2종 제조,물품,SCF,해군군수사령부,202406191030,K9A32,주식회사 순수팩토리,,신지원,023712101,경기도 고양시 덕양구 삼원로40-1 (삼송동),88.049,7058470
170,SCF0590,1,17857,***,"시일, 밀봉형 등 5종 구매",물품,SCF,해군군수사령부,202406191030,F3E58,신동하이텍,shindonghitec,이동열,055-251-0253,경상남도 창원시 마산회원구 봉암공단2길22-5 (봉암동),88.075,5585770
86,MDF0025,1,26034,***,24-2차 상용 SW 구매(EMS7),물품,MDF,국군지휘통신사령부,202406191030,I44EA,주식회사 우진지앤에스,WOOJINGNS,김화경,0269532443,"서울특별시 송파구 법원로11길7, 제11층 제1120호(문정동,문정현대지식산업센터)",88.002,119569676
2,MCR0042,2,18803,***,정책현안 연구용역(1. 북한의무기체계와..),용역,MCR,국방대학교,202406191030,F3522,국방대학교산학협력단,KNDU R and DB Foundation,문호석,0418316361,충청남도 논산시 양촌면 황산벌로1040,,24500000
1123,LQG0054,1,27010,***,예비군훈련대 방탄보호판 개폐장치 설치 납품,물품,LQG,육군 52보병사단,202406191030,KCB2A,해밀컴퍼니,,박소유,01091158480,서울특별시 강서구 초원로6길36-0 (방화동) 2층,87.995,190285600
8,HCC0053,1,26685,***,전지 등 1품목 (096),물품,HCC,해군제1수리창,202406191000,K9120,듀이,,이명교,01058295000,강원특별자치도 동해시 동굴4길6 (천곡동) 201호,97.113,6300000
4,EBH0055,1,5030,***,24년 비호용 전원공급기(제조),물품,EBH,해상공중전력운영계약팀,202406181400,E5875,주식회사 시너스텍,,손옥경,0519045125,부산광역시 기장군 정관읍 산단4로159,86.698,364355320
4,LHQ0029,1,23192,***,24년 장기미래비전연구수행 정책연구과제사업,용역,LHQ,제2작전사령부,202406181400,C7CD2,사단법인 안보경영연구원,SMI,김주형,025445937,"서울특별시 강남구 언주로527, 10층 (역삼동)",,29750000
2,EBH0051,1,8010A,***,24년 천마 궤도 부품류(제조),물품,EBH,해상공중전력운영계약팀,202406181400,3715F,디씨에이치(주),"Daichang Marine Tech CO., LTD",김효성,0518326078,부산광역시 사상구 모덕로27번길 126(),83.393,368900000
516,SCF0573,1,22729,***,(긴급)엘리베이터 가스켓 등 16종,물품,SCF,해군군수사령부,202406181300,D73D5,정수프라자,jsplaza,정차용,0542815115,경상북도 포항시 남구 상도로5 (상도동)  1층,87.999,32075800
208,SCF0574,1,24135,***,"(긴급)잉곳,주석-청동용 등 3종",물품,SCF,해군군수사령부,202406181300,G0F4B,주식회사 비에스씨,"BSC Co., Ltd",신관영,0553464224,경상남도 김해시 진영읍 본산로212번길26-1,88.886,33550000
28,MDD0092,1,24092,***,2024 전산장비(영상CD등록기) 구매,물품,MDD,국군수도병원,202406181200,FA945,아이지엠 주식회사,IGM,김삼수,07082998284,"경기도 수원시 영통구 덕영대로1556번길16, D-503호 (영통동, 디지털엠파이어빌딩)",95.956,23000000
115,LCF0332,2,14648,***,"볼,밸브용,배기구멍형 등 37항목 구매(궤도)",물품,LCF,육군군수사령부,202406181130,HB7CA,주식회사화일,HWAIL COMPANY,권영신,0317065823,경기도 성남시 분당구 야탑로28-0 (야탑동) 우당빌딩 201호,83.789,334312430
27,EBB0258,1,3019,***,곡사포 일반부품류(제조),물품,EBB,지상공통전력운영계약팀,202406181100,J72A6,오승산업,,오세화,0513114051,부산광역시 사상구 학감대로252번길83 (주례동),88.021,178709100
22,MCS0078,2,25221,***,비밀보관함 2종 구매,물품,MCS,국방부계룡대근무지원단,202406181100,J0DF7,주식회사 티에스,,이재원,010-9556-7272,충청남도 계룡시 엄사면 엄사중앙로97-0,88.056,3487490
8,LBB0018,1,26328,***,'24~27년 얼음정수기 임차 용역 (경기 고양),용역,LBB,육군제7789부대,202406181100,M6340,주식회사 오거스트,,장원진,07040445360,"대전광역시 서구 둔산중로14번길36, 5층 517호 (탄방동)",89.949,28663234
1271,UAC0022,1,26274,***,인쇄용지 2종 구매(스노아트지 250gA 등 2종),물품,UAC,국방출판지원단,202406181100,IFCE3,디에스컴(DS Com),,김수현,01036654563,"경기도 시흥시 서울대학로264번길12 (정왕동, 시흥배곧 C2블럭 호반 써밋플레이스)205-3302",88,43278630
4775,LGP0108,1,26435,***,24-2차 일반 전산운영용품 구매,물품,LGP,제1군수지원사령부,202406181100,M82A5,엠제이글로벌,,권민정,01093872603,"경상남도 양산시 신기강변1길11-0 (신기동, 양산우방아이유쉘) 106-1603",88,33348270
794,UAC0023,1,26275,***,디지털인쇄재료 4종 수시 구매,물품,UAC,국방출판지원단,202406181100,L1253,누리상사,,권예진,01091975790,"경기도 구리시 건원대로34번길77 (인창동, 주공아파트)605-1606",88,42712500
2,EBBE034,1,9220,***,'24년 정수장비 부품(구매),물품,EBB,지상공통전력운영계약팀,202406181100,GEDA6,주식회사 경원이엔지,"Kyungwon ENG co., ltd",류수정,0337444240,강원특별자치도 원주시 태장공단길42-1 (태장동) 205호,88.968,110388000
7,MDR0032,1,26562,***,브리핑장비 노후 교체,물품,MDR,제9965부대,202406181100,C6061,주식회사 중부보안,"Jungbu security co.,LTD.",도대욱,0422545966,대전광역시 서구 벌곡로1280(가수원동),88.061,25086491
50,LHQ0032,1,26241,***,24년 전반기 2차 디지털인쇄기/칼라복합기 재료 구매,물품,LHQ,제2작전사령부,202406181100,J35B0,온누리상회,,박귀자,01053040664,"대구광역시 북구 매천로220,104-1205(태전동)",88.005,41438000
3,UMM0799,1,26240,***,(24F133-I) 보급부대 근무분야 민간위탁(대전 유성),용역,UMM,국군재정관리단,202406181100,F52B9,공우이엔씨 주식회사,KONGWOO ENC Corporation,이한기,0262760252,"서울특별시 영등포구 여의대방로43라길6-0 (신길동, 신길프라자3층)",98.379,1566000000
3,UMM0798,1,26233,***,(24F132-I) 보급부대 근무분야 민간위탁(경남 김해),용역,UMM,국군재정관리단,202406181100,F52B9,공우이엔씨 주식회사,KONGWOO ENC Corporation,이한기,0262760252,"서울특별시 영등포구 여의대방로43라길6-0 (신길동, 신길프라자3층)",97.615,1298000000
16,UMM0809,1,24279,***,"(24F199-I) 충청, 경상, 전라지역 작업환경측정 위탁",용역,UMM,국군재정관리단,202406181100,H98B2,주식회사 진주고려병원산업보건센터,Corporation  Jinjukoreahospital  I&#8203;ndustrial Physician Center,최우호,055-754-8183,경상남도 진주시 동진로275-0 (상대동),85.563,304228940
11,UMM0808,1,24277,***,"(24F198-I) 경기, 강원지역 작업환경측정 위탁용역",용역,UMM,국군재정관리단,202406181100,I1A19,주식회사 이엔직업환경연구소,EN occupational environment lab,이신우,0518070201,부산광역시 부산진구 서면문화로47 (부전동) 6층,80.389,1634900000
139,UMM0781,1,24058,***,(247037-H)웹 방화벽 구축,물품,UMM,국군재정관리단,202406181100,C51FC,(주)데이타솔루션,"DATASOLUTION Co,. Ltd",유호종,0534214001,대구광역시 중구 동덕로 64-15(대봉동28-7),88.022,56886695
142,UMM0806,1,23688,***,(24F184-I) 24년 제초용역,용역,UMM,국군재정관리단,202406181100,IFC82,주식회사 승현,,최윤호,0333728428,강원특별자치도 영월군 영월읍 선돌길149,88.113,131982900
466,UMM0803,1,23684,***,(24G180-I) 24년 병영 및 행정시설 전문방제용역,용역,UMM,국군재정관리단,202406181100,C061B,(주)청남종합개발,chung nam,이강세,031-443-5337,"경기도 안양시 동안구 경수대로927, 201호(비산동, 삼익상가)",87.773,125487000
63,UMM0779,1,23507,***,(246258-C) 특정지역 특수피복 제조(신사복류),물품,UMM,국군재정관리단,202406181100,K9A32,주식회사 순수팩토리,,신지원,023712101,경기도 고양시 덕양구 삼원로40-1 (삼송동),88.008,124313710
37,UMM0782,1,23303,***,(246236-F) 공기청정기 필터 제조,물품,UMM,국군재정관리단,202406181100,BE469,(주)더원필터,derwon filter,조병덕,0319771872,경기도 고양시 일산동구 공릉천로71번길38-9 (사리현동),88.004,87947000
5519,UMM0769,1,23099,***,(246220-C) 전투장구류 클린소독기 구매,물품,UMM,국군재정관리단,202406181100,M6364,휴텍레이저,,박상호,07076129238,"충청북도 청주시 서원구 사운로46번길2, 102호(사직동)",87.995,91185807
53,UMM0789,1,22498,***,24-F-00사격장 폐탄수거용역,용역,UMM,국군재정관리단,202406181100,F5719,삼오해양주식회사,samo ocean corporation,박영자,0612843562,전라남도 목포시 옥암로54번길33 (옥암동)301 호,85.667,266484000
575,UMM0773,1,22388,***,(247213-D)외상처리 마네킨 등 2품목 구매,물품,UMM,국군재정관리단,202406181100,L1AAF,세종산업,,박주영,0537209911,대구광역시 서구 달서로43길4-0 (비산동),87.995,151437304
3,UMM0797,1,22173,***,24-N-0함대 유해환경작업자 건강검진 용역,용역,UMM,국군재정관리단,202406181100,LCCE0,케이메디컬의원,,이상재,0415445353,"충청남도 아산시 탕정면 한들물빛6로16, 7층, 8층",87.853,90202958
110,UMM0777,1,21391,***,24~27-N-얼음정수기(131대) 임차용역,용역,UMM,국군재정관리단,202406181100,J5CA4,삼성기술 주식회사,,차현화,07088049968,전라남도 강진군 강진읍 중앙로45-5,91.603,195039854
225,UMM0775,1,21157,***,(247132-D)장비운영소모품(외과1) 41종 구매,물품,UMM,국군재정관리단,202406181100,IA256,주식회사 정현,JH Company,심정현,01032676878,"경기도 의정부시 둔야로45번길11, 1층 1170호 (의정부동)",87.995,63780300
603,UMM0780,1,21134,***,(247136-C) 장비운영소모품(병원) 125종 구매,물품,UMM,국군재정관리단,202406181100,G4F78,이앤씨케이블 주식회사,ENC cable(주),내성경,0236663033,서울특별시 구로구 경인로53길15-0 (구로동) 중앙유통단지 다동 1204호,83.046,265176610
1,UMM0598,3,20176,***,차세대 D-PIS 구축 장비(백업 어플라이언스) 구매,물품,UMM,국군재정관리단,202406181100,H37BE,주식회사 보스테크,BOSTECH,이헌웅,0236675803,"서울특별시 영등포구 당산로41길11, W동 비133호, 제15층 1511호,1512호(당산동4가, 당산 SK V1 center)",98.562,39303000
2,UMM0810,1,19937,***,(24F156-I) '24년 근무분야 민간위탁(양주 덕정),용역,UMM,국군재정관리단,202406181100,A54DE,광인산업(주),KWANGIN,김형주,025401799,"서울특별시 용산구 원효로51, 308호(산천동, 삼성테마트)",98.141,1617135000
25,UMM0707,2,18677,***,24-N-주파수변환기 제조,물품,UMM,국군재정관리단,202406181100,BCECD,에이씨피코리아주식회사,"AC POWER KOREA CO.,LTD",김대환,0314553370,"경기도 군포시 고산로148번길17(당정동,군포아이티밸리303호, 304호)",88.259,75192000
1328,UMM0776,1,17956,***,(24F177-A)  민간 제초관리 용역,용역,UMM,국군재정관리단,202406181100,HD27C,주식회사 그리다 조경,grida,박현열,01048462018,경상남도 거제시 거제면 옥산1길3,87.995,172921800
31,MDR0028,2,24518,***,방탄복 제조,물품,MDR,제9965부대,202406181100,IF9D9,주식회사 엠아이티에스프리시즌,"MITS PRECISION Co., Ltd.",김홍석,0316638068,경기도 화성시 안녕남로50번길22 (안녕동),88.02,41177000
336,MDG0151,1,24318,***,24-3차 소방기구(소화기 등 4종) 구매,물품,MDG,국군의무사령부,202406181100,I7030,비에스상사,B.S.sangsa,공영자,01047185051,"부산광역시 남구 천제등로38번길67-0 (대연동, 청운빌라) , 302",88.001,6818320
233,MDG0155,1,23296,***,24년 의무장비(고주파수술기 하지정맥용) 구매,물품,MDG,국군의무사령부,202406181100,K29E5,디디인터내셔널,,황윤섭,01020467530,인천광역시 부평구 열우물로90-0 (십정동) 109동 23층 4호(더샵부평센트럴시티),88.02,21655518
243,MDG0156,1,23295,***,24년 의무장비(수액조절기 분석기) 구매,물품,MDG,국군의무사령부,202406181100,EBA52,유한회사 엔디클릭,endi click,최용석,07075844063,"전라남도 장성군 황룡면 강변로452-16, 3층 302호",87.999,22755700
4,MCD0032,1,23564,***,의무시설 시설공사비 적정 편성 기준 연구,용역,MCD,국방부(운영지원과),202406181100,G48D0,(주)에프오알엠도시건축공간연구소,FORMs Architects,권시형,07077164315,"서울특별시 송파구 법원로11길25-0, A동 1310호(문정동, 에이치비즈니스파크)",,38000000
5,MCD0022,3,17740,***,국방 연구개발 법제 개선 연구,용역,MCD,국방부(운영지원과),202406181100,A83FF,한국법제연구원,Korea Legislation Research Institute,한영수,0448610343,세종특별자치시  국책연구원로15-0 (반곡동),,99000000
176,LMU0030,1,25800,001,(24-급-030) '24-2차 부대계약 식자재(빵류) 계약,물품,LMU,제7군수지원단,202406181100,JAE2A,푸디스트 주식회사,,박정훈,0221742660,서울특별시 용산구 청파로363(서계동),82.999,232764.22
5,LGT0057,2,24361,***,'24년~'27년 얼음정수기 임차 용역(24-GS-8),용역,LGT,제2307부대,202406181100,L9DD8,세준,,김귀남,01068775548,강원특별자치도 평창군 용평면 서낭골길12-15,88.133,149320600
210,HDQ0053,1,26603,***,20비 24-185 냉장고,물품,HDQ,제20전투비행단,202406181100,IE8AB,제이유테크,,유제욱,07046400549,충청남도 천안시 서북구 쌍용17길25-0 (쌍용동),88.009,137377300
67,HCQ0051,1,26568,***,5비 김해기지 간부숙소 신축(가구),물품,HCQ,공군제5공중기동비행단,202406181100,DC50E,에스알주식회사,SR,이상민,0432353638,충청북도 청주시 서원구 남이면 척산화당로 105-4에스알(주),88.091,363129770
115,HCQ0050,1,26557,***,5비 김해기지 간부숙소 신축(자동제어),물품,HCQ,공군제5공중기동비행단,202406181100,I40FE,베스트 주식회사,"BEST CO., Ltd",남상미,0428223017,대전광역시 유성구 갑동로25번길53-28 (갑동),88,100425329
3,EBH0040,2,8026,***,24년 위장망체계 지지대세트류,물품,EBH,해상공중전력운영계약팀,202406181100,KDBEA,도균테크,,김도균,0513015821,부산광역시 사상구 낙동대로1318번길52-0 (삼락동),86.067,4158785059
2,EBH0049,1,2540G,***,신형 방탄헬멧(대형),물품,EBH,해상공중전력운영계약팀,202406181100,1316F,(주)대성테크,"DAE-SUNG TECH CO., LTD.",문혜숙,0518314440,부산광역시 강서구 녹산산단261로74번길 33(),88.571,9644107500
8,EBH0054,1,0115,***,24년 케이블조립체류(통신장비용)(제조),물품,EBH,해상공중전력운영계약팀,202406181100,1003F,연합정밀(주),"YEONHAB PRECISION CO.,LTD",김은주,0415665992,충청남도 천안시 동남구 목천읍 학수소사길219-27,84.934,493900000
6,EBH0053,1,0114,***,24년 케이블조립체류(비차폐용)(제조),물품,EBH,해상공중전력운영계약팀,202406181100,1003F,연합정밀(주),"YEONHAB PRECISION CO.,LTD",김은주,0415665992,충청남도 천안시 동남구 목천읍 학수소사길219-27,83.693,1068500000
344,HCF0114,2,17576,***,[무장장착장비 부품]밸브조립체 등 10종,물품,HCF,공군군수사령부,202406181030,MB288,원욱,,김선한,010-5502-9269,"경상남도 창원시 성산구 용지로169번길13, 3층 320호(용호동, 라이크빌-1)",99.378,84397858
287,LCH0039,1,26447,***,00부대 특전피복 구매(9-24-물-1),물품,LCH,특수전사령부,202406181030,M8B26,뭇별,,노수정,01048106025,"인천광역시 중구 은하수로377, 792동 501호(중산동, 인천영종 한양수자인아파트)",88.016,32312601
6,SCQ0061,2,25218,***,24-평 00숙소 세탁기 및 건조기 임차 용역,용역,SCQ,제9911부대,202406181030,IB836,찬솔플러스,kaonnetwork,홍소영,010-8455-8983,"경기도 남양주시 별내3로322, 4층 402호 240067(별내동, 스카이프라자)",88.187,59830061
518,LCK0023,1,26642,***,[일반-24-95] 24-4차 전산운영용품비 구매,물품,LCK,수도방위사령부,202406181030,J8F2D,미스터문,,문성준,01041102584,"서울특별시 중랑구 숙선옹주로91, (묵동, 신내아파트) 406-704",88.06,26720321
3,SCF0600,1,26597,***,24-보-빌지수거 수송 용역,용역,SCF,해군군수사령부,202406181030,HBEE5,센텀환경 주식회사,"CENTUM ENVIRONMENT CO., LTD",이형재,0514673500,부산광역시 중구 중앙대로136-0 (중앙동4가) KT중부산빌딩 5층,88.485,40500000
31,LMR0040,1,26541,***,24년 시설물검사(전기안전관리대행 2지역),용역,LMR,제5군단사령부,202406181030,I3EF6,경기전력주식회사,KGELEC,배용한,0316321973,경기도 이천시 부발읍 부흥로228번길197-0,88.078,12027299
31,LMR0039,1,26535,***,24년 시설물검사(전기안전관리대행 1지역),용역,LMR,제5군단사령부,202406181030,K9818,주식회사 디케이이엔지,,김선태,0315417308,"경기도 포천시 소흘읍 초가팔로49-19, 2층",88.012,35928472
16,LNS0040,1,26531,***,24년 전투조끼 제조ㆍ납품,물품,LNS,제55보병사단,202406181030,KE585,주식회사 에프엔서플라이,,박재성,0269538087,"경기도 고양시 덕양구 꽃내음1길94 (향동동), 상가1층",88.001,86432960
3532,LKS0044,1,26358,***,전직지원교육 입교격려 기념품 구매,물품,LKS,육군인사사령부,202406181030,L286F,윙게이츠,,성동재,01039011543,"경기도 양주시 백석읍 연곡로124번길105, 1층 101호",88.001,43967579
9,SCQ0060,2,25215,***,24-평 00숙소 정수기 임차 용역,용역,SCQ,제9911부대,202406181030,I4AD6,와이.아이(Y.I) 워터,Y.I WATER,조문규,031-477-0990,"경기도 군포시 삼성로8번길4-5, 301호 (부곡동,드림시티)",88.221,11331144
161,LNG0044,2,25214,***,"24년 2,3분기 정보통신운영지원 용품 구매",물품,LNG,육군 제1군단,202406181030,M8111,선우,,최강민,01090466209,"경기도 고양시 일산동구 백석로109, 303동 404호(백석동, 백송마을)",88.029,44550200
3,SDG0025,2,25445,***,24-인-유해환경작업자 특수검진 용역,용역,SDG,제2002부대,202406181030,G6136,의료법인담우의료재단,uvishospital,안태희,0328905755,인천광역시 미추홀구 독배로503 (숭의동),88.684,32313740
220,SCK0074,1,26365,***,모조지(80g) 등 3종 구매,물품,SCK,해군교육사령부,202406181030,MADFB,피앤지(PNG),,이한규,0552567768,"경상남도 창원시 의창구 동읍 동읍로196, 107동 508호(칠성그린아파트)",88.032,31895530
268,SDF0091,1,26560,***,소켓 등 233종 구매,물품,SDF,제5738부대,202406181030,M9687,경성상사,,오경아,01030637231,"경상남도 창원시 마산회원구 3·15대로732-0 (합성동, 남산빌딩) 4192호",88.002,57524890
515,LNS0039,1,26504,***,24년 구급대 구매,물품,LNS,제55보병사단,202406181030,B9B22,주식회사 천일,Chunil  Co.,이민자,0318712624,"경기도 고양시 일산서구 대산로213-0  302호 (대화동,중앙프라자)",88.002,35264028
117,LDG0066,1,26463,***,6차(영동)전력시설 개선공사-관급 케이블,물품,LDG,육군 탄약지원사령부,202406181030,E929A,(주)다누리전기기술공사,danuri ele,오현진,0434212849,충청북도 단양군 단양읍 도전7길 32-1(),88.009,78598962
14,SCF0591,1,24548,***,’24년 함정 취사장 바닥 교체 용역,용역,SCF,해군군수사령부,202406181030,HCA28,주식회사 삼광지에스,samkwang GS,이선재,0517240370,부산광역시 기장군 기장읍 대변로154-0 323호,90.194,1506000000
342,SCF0585,1,21635,***,프레임리프트 2EA 구매,물품,SCF,해군군수사령부,202406181030,M6229,태양테크,,이지현,07070079628,"경상남도 창원시 마산회원구 3·15대로732-0 (합성동, 남산빌딩) 4층 4139호",88,6608732
710,SCF0576,1,21461,***,백업링 등 11종 구매,물품,SCF,해군군수사령부,202406181030,M327B,새한전기조명,,정현준,010-8181-3657,경상남도 창원시 성산구 창이대로719번길1-0 (사파동),87.996,164882500
721,SCF0597,1,21453,***,유증기 감지기 등 7종 구매,물품,SCF,해군군수사령부,202406181030,M11C6,제이루,,정연지,01086352470,"경기도 부천시 원미구 부천로25, 802호(심곡동, 노블레스부천)",87.995,128166670
5,SCF0587,1,20817,***,기관장비 유지보수 용역,용역,SCF,해군군수사령부,202406181030,I73DF,한국산업기계기술 주식회사,korea industry machine technology,서효진,0522691718,울산광역시 울주군 웅촌면 고연로129-1 B동102호,88.153,81580980
565,SCF0578,1,19421,***,플랫트 실링 등 10종 구매,물품,SCF,해군군수사령부,202406181030,KA37A,우복테크,,최윤영,010-4334-0919,대구광역시 달서구 진천로18길60 (진천동) 103동 1101호,88.106,39641000
2493,SCF0577,1,19391,***,유체정역학유니트 등 2종 구매,물품,SCF,해군군수사령부,202406181030,M13DB,기호종합상사,,손기호,01043073864,경상북도 경산시 진량읍 공단1로7길22,87.995,108858610
391,SCF0584,1,17886,***,초음파누설검사기 2EA 구매,물품,SCF,해군군수사령부,202406181030,M3522,유한회사 제이엠스토아,,이희경,01021908286,"전북특별자치도 전주시 덕진구 유상로67, 301-1호(팔복동2가, 전주혁신창업허브)",96.954,32115600
431,SCF0579,1,17869,***,안전포크 등 4종 구매,물품,SCF,해군군수사령부,202406181030,B811E,대한냉동,,서원하,055-546-1472,경상남도 창원시 진해구 충장로 291(),88.017,19424570
136,MDS0009,1,26334,***,00체계 수리부속 구매(전원공급기 등 15종),물품,MDS,제3707부대,202406181030,CFD40,동명이앤엘,DONG MYOUNG E&L,노홍규,07077171847,"경기도 과천시 뒷골로44-16 (과천동, 과천동 단독주택)",88,42183978
151,LMK0026,1,26423,***,[[24-C43] 24년 7여단 KCTC 훈련 급식품목 간편식,물품,LMK,제6보병사단,202406181030,K6AAA,주식회사 에스티엑스에프앤씨,,이성기,0557151178,부산광역시 남구 신선로217-15 (감만동),82.997,216087202
216,LKT0059,1,25492,***,24년 7~9월 부대조달 급식품목(식육가공품) 구매,물품,LKT,제1989부대,202406181030,J5C21,해찬푸드,,서정희,0519410840,부산광역시 강서구 공항로383번길40 (대저2동),82.995,164042500
1279,LDG0067,1,26498,***,6차(천안)전력시설 개선공사-관급 케이블,물품,LDG,육군 탄약지원사령부,202406181030,L1A30,크린상사,,이규순,024726974,"서울특별시 강동구 천중로50길23, 2층(길동)",87.995,98659180
360,LCK0021,1,25702,***,[육성지원금-24-5] 심폐소생술마네킹 등 2종 구매,물품,LCK,수도방위사령부,202406181030,IC97E,영신상사,,박재완,01032433015,경기도 부천시 원미로177번길21-0 (원미동),88.007,74247740
449,LCH0041,1,26567,***,공중물자 부품 구매(특-24-물-39),물품,LCH,특수전사령부,202406181030,ED835,(주)원더비즈,Wonderbiz,강석훈,0234726650,"경기도 수원시 권선구 금곡로196번길62, 304-12호(금곡동, 에스제이타워)",87.996,69303780
61,LCH0040,1,26484,***,기구 강하용 헬륨가스 구매(특-24-물-40),물품,LCH,특수전사령부,202406181030,F48EA,삼정산업가스(주),sj산업가스(주),심승일,0315426221,경기도 포천시 가산면 가산리473,83.125,216139550
2,LCF0372,1,26360,***,＇24년 합동 화력시뮬레이터 정비(용역),용역,LCF,육군군수사령부,202406181030,GF2CB,주식회사 피앤씨솔루션,P&C Solution,최치원,025286000,"서울특별시 서초구 강남대로10길53(양재동, 피앤씨빌딩)",78.24,1408332317
2131,LCF0371,1,26213,***,"접촉자조립체,전기용 등 13항목 구매(총포공구)",물품,LCF,육군군수사령부,202406181030,M5BAA,에이치앤에이치 커뮤니케이션,,신훈,01032805564,"인천광역시 부평구 경원대로1269-0 (산곡동, 현대아파트) 117-301",87.998,199854742
1960,LCF0370,1,26212,***,"플라이어,리테이닝링용 등 36항목 구매(총포공구)",물품,LCF,육군군수사령부,202406181030,M0485,에이치에스유통,,윤현수,01098668928,"대구광역시 달서구 갈밭남로17, 205동 1205호(대곡동, 수목원호정포레스트)",87.999,44289300
2085,LCF0368,1,26208,***,"렌치,스패너용 등 40항목 구매(총포공구)",물품,LCF,육군군수사령부,202406181030,KA1ED,디에이치시스템 주식회사,,황갑용,07078360027,경상북도 경주시 동방북6길1 (동방동),88.195,40790960
399,LCF0367,1,26203,***,"렌치,소켓용 등 36항목 구매(총포공구)",물품,LCF,육군군수사령부,202406181030,J8865,은성세미,,황영식,0328724798,"인천광역시 미추홀구 주염로58, 620-1호(주안동, 주안시범공단)",88,41573580
354,LCF0270,2,22529,***,"덮개,총포용 등 20항목 구매(총포)",물품,LCF,육군군수사령부,202406181030,BA764,대명 ENG,DAEMUNG ENG,이갑용,0518318756,"부산광역시 강서구 녹산산업중로100-0 (송정동), A동",88.077,54017300
50,LCF0364,1,08246,***,도관 조립체 등 72항목 구매(자주포),물품,LCF,육군군수사령부,202406181030,JAB67,주윤테크,,임길헌,0519117055,부산광역시 사하구 하신중앙로3번나길16-6 (장림동),83.361,604000000
4,LBA0052,1,25563,***,'24년 진지공사용 폐타이어 위탁수송 용역,용역,LBA,제 2167부대,202406181030,C4129,대원종합상사(울산),DAEWON GENERAL TRADING CO.,김철구,0517510062,울산광역시 울주군 웅촌면 대복동천로 62(),84.614,134843419
4186,HCM0050,1,26371,***,24-04-137 방송장비 1품목 구매,물품,HCM,공군교육사령부,202406181030,J4257,주식회사 오로라,,정순애,01075420347,"경기도 고양시 덕양구 능곡로13번길16-0 , 202동 2401호(토당동, 능곡2차현대홈타운)",87.995,39190920
1318,HCF0156,1,26128,***,"24-H-31 톱, 동력 절단용",물품,HCF,공군군수사령부,202406181030,J8F72,모든상사,,김기태,01030074266,경기도 오산시 부산중앙로42 (부산동),87.997,34235130
13,HCG0027,1,26802,***,'24년 기상위성 수신체계 유지보수 용역,용역,HCG,공군본부,202406181000,K4FED,티에스인싸이트 유한회사,TSINSIGHT LLC.,전해석,07041243999,"서울특별시 영등포구 영신로220, 403호(영등포동8가)",88.245,23659900
35,MCT0035,1,26217,***,탁구부 운동용품(러버 등 2종)구매,물품,MCT,국군체육부대,202406171630,LC5FD,미성종합상사,,김지현,0222669112,서울특별시 마포구 성산로2길55-0 (성산동),93.584,7247000
4,MHD0053,1,18828,***,효율적 획득업무 수행을 위한 WBS 표준화 연구,용역,MHD,방위사업청(운영지원과),202406171500,C9BE2,국립금오공과대학교산학협력단,kumoh National Institute of Technology Industry-Academic Cooperation Foundation,권오형,0544786758,"경상북도 구미시 대학로 61, 금오공과대학교 산학협력단(양호동)",,47100000
3,MHD0054,1,19322,***,항공통제기 2차 시설사업 기본계획 수립 연구용역,용역,MHD,방위사업청(운영지원과),202406171500,G48D0,(주)에프오알엠도시건축공간연구소,FORMs Architects,권시형,07077164315,"서울특별시 송파구 법원로11길25-0, A동 1310호(문정동, 에이치비즈니스파크)",,45100000
1449,LMH0040,1,26087,***,24-8차 전산운영용품 구매(C052),물품,LMH,제7군단,202406171400,J7352,제이엔씨,,박의숙,01063948713,"경기도 부천시 도약로36 (상동, 라일락마을)2316동903호",88.005,23443059
190,MDD0091,1,25039,***,2024 병리장비운영소모품(10-2) 4품목 구매,물품,MDD,국군수도병원,202406171200,HE871,주식회사 복은,BOKEUN,김령은,01044011789,"경상남도 창원시 진해구 용원북로17번길15-0 (용원동, 가온빌 101호)",88.038,57230750
6,HCG0024,1,21100,***,24-신규 무기체계 도입시  전력화 군수지원방안 연구,용역,HCG,공군본부,202406171100,HA023,사단법인 미래안보산업전략연구원,IFSIS,박종재,0234522416,서울특별시 영등포구 영등포로35길10-0 (영등포동6가) 8층 809호,,56120000
5,MCS0079,1,26248,***,(지구병원-023) 순번표시기 세트 구매 설치,물품,MCS,국방부계룡대근무지원단,202406171100,E9019,드림으뜸상사,Dreamtop Corp.,김범규,07077172948,"충청남도 계룡시 신도안면 신도안1길43, 1층",88.266,1635800
69,UMM0763,1,25407,***,24-M-동원생활관 제로에너지 제조 설치(248083-F),물품,UMM,국군재정관리단,202406171100,AB77E,(주)경일,KYUNG IL,조명래,0625266259,"광주광역시 북구 하서로396, 601호(양산동, 경일빌딩)",87.997,71682560
2,UMM0742,1,24803,***,24-N-탐조등 12인치 제조(248121-F),물품,UMM,국군재정관리단,202406171100,I2260,사회적협동조합 푸른하늘,KOREA DISABLED WELFARE BUSINESS ASSOCITION,정성대,0317671825,경기도 용인시 처인구 원삼면 백원로262번길46-0,87.955,283061160
289,LKG0063,1,26313,***,의무근무대 신축(자동제어 제조설치),물품,LKG,육군제53보병사단,202406171100,G2E88,주식회사 에이스티앤비,,임승천,07086801319,"경기도 안양시 만안구 전파로53, 비동 본관3층(안양동)",87.995,93197383
2,DSS0030,1,25760,***,국방 사이버보안 지원체계 구축사업,용역,DSS,국군제1068부대,202406171030,E6348,(주)네오위드넷,"Neowithnet, Inc.",탁지훈,025533515,"경기도 성남시 수정구 창업로17-0 (시흥동), 에프동 3층 313호(판교아이스퀘어)",64.278,2722500000
19,LNG0045,1,26036,***,주거시설 위탁업체 외부 회계감사용역,용역,LNG,육군 제1군단,202406171030,D157E,안세회계법인,Anse Accounting Corporation,박윤종,028297557,"서울특별시 영등포구 영등포로84길 41, 안세빌딩(신길동)",88.018,11722189
56,SDQ0063,1,25914,***,"전달장치, 압력용 등 10종 구매",물품,SDQ,해군제2수리창,202406171030,K0E3B,파파테크,,김능식,0322077943,경기도 평택시 청북읍 안청로4길17,88.344,32199860
57,SDQ0061,1,25902,***,"펌프, 냉각계통, 엔진용 등 7종 구매",물품,SDQ,해군제2수리창,202406171030,K9161,초이스툴,,이나은,01024117001,경기도 평택시 탄현로287 (신장동) 3층 J20호,88.011,20741600
2,LCK0022,1,26312,***,24-000-1 공사감독관 차량 임차용역,용역,LCK,수도방위사령부,202406171030,LD1F4,고릴라렌트카주식회사,,송경훈,031-925-8841,경기도 고양시 일산서구 중앙로1406-0 (주엽동) 한솔코아 507호,90.616,89987040
59,LDI0004,1,25718,***,전차 훈련용 폭음기 구매,물품,LDI,육군 1군 102기갑여단,202406171030,L913E,남산,,구정희,01097224808,"강원특별자치도 화천군 간동면 느릅길25, 1동 1층 103호(1)",88.258,74845100
76,SCF0582,1,26305,***,투명지퍼백 등 10종 구매,물품,SCF,해군군수사령부,202406171030,I0E92,서플라이 플러스,SUPPLY PLUS CO.,윤명희,01020894219,"경상남도 창원시 의창구 서상로12번길55-14 (서상동, 아담연립) 202호",88.005,6679860
29,SCH0093,1,25515,***,24-48호 상용SW(TTS 방송) 구매,물품,SCH,해군작전사령부,202406171030,A47AB,(주)용두애브컴,yongdoo AVC,엄성철,0332544321,강원특별자치도 춘천시 동내면 순환대로878-1,88.21,22651780
47,SCF0581,1,26263,***,결재판 등 108종 구매,물품,SCF,해군군수사령부,202406171030,JE331,로쏘,,김아라,01095037772,"경상남도 창원시 마산회원구 내서읍 호원로385-1, 5층 501호",88.037,2193930
51,MFH0008,1,26249,***,시설물 안전진단 장비 구매,물품,MFH,국방시설본부,202406171030,KF15B,로템컴퍼니,,최우준,01024361862,"서울특별시 양천구 오목로23길38, 102호(신정동, 중앙빌라)",88.053,10940950
349,LGT0059,1,26224,***,'24년 통신장비 앰프 구매(24-GP-39),물품,LGT,제2307부대,202406171030,JC4FF,행운이엔씨,,최정우,07047722900,"강원특별자치도 원주시 판부면 매봉길30-14, 4층",88.003,26289650
55,LGT0058,1,26226,***,'24년 예비군훈련대 방제 용역(24-GS-29),용역,LGT,제2307부대,202406171030,L59A9,주식회사오성,,이용환,0339103116,"강원특별자치도 춘천시 서부대성로12-0 (소양로2가, 춘천서부시장) 제2층 제39호",88.057,11557019
144,SCN0102,1,26227,***,도서 1일 1페이지 고전 수업 365 등 300권 구매,물품,SCN,제7001부대,202406171030,I42F7,주식회사 이수케이,isukei,김혜진,07076078049,경상남도 창원시 진해구 웅동로162-0,90,5056900
1595,LMR0038,1,26234,***,24년 예비군 육성지원사업 물품 구매 ( 응급처치키트),물품,LMR,제5군단사령부,202406171030,LEEBD,비포선라이즈,,심재혁,01048010128,"인천광역시 서구 율도로16번길28, 914호(석남동, 신광2차아파트)",88,14681632
94,LMR0037,1,26214,***,24년 예비군 육성지원사업 물품 구매 (개인천막),물품,LMR,제5군단사령부,202406171030,HC0F9,주식회사 더헤르첸,"THE HERZCHEN CO.,LTD",이기수,07047709783,"경기도 부천시 원미구 수도로88-17 (도당동, 더헤르첸)",88.012,37037616
37,LPG0016,2,25273,***,(수정2) 24-1차 임차용 얼음정수기 입찰공고,용역,LPG,제5보병사단,202406171030,I0AC2,디에이치바이오,DHBIO,김단희,07041549149,충청북도 충주시 예성로120 (용산동),88.443,121791440
18,HCL0043,1,22930,***,24-충-공-9 설계용역,용역,HCL,공군사관학교,202406171030,KDD29,중앙포럼건축사사무소 주식회사,,임종환,025749797,"서울특별시 강남구 개포로235, 3층 301호(개포동, 한영빌딩)",87.061,128598120
2,EKA0019,1,7020,***,"24년 소총,5.56mm,K2/K2C1",물품,EKA,기동총괄계약팀,202406171030,1203F,에스앤티모티브주식회사,"SNT Motiv Co.,Ltd",권형순,0515092033,부산광역시 기장군 철마면 여락송정로 363(),85.843,17950000000
5,EBB0247,1,4130T,***,K계열전차 부품류,물품,EBB,지상공통전력운영계약팀,202406141100,M52BF,(주)세원시스템,,서현동,0552972202,경상남도 창원시 의창구 팔용로359번길15(팔용동),86.712,1468000000
62,LCJ0037,1,25989,***,(24군책-용역014)세종 제초관리 용역,용역,LCJ,종합보급창,202406141100,DC41D,주식회사 웅백,woongbak,도학천,07077571897,"세종특별자치시  조치원읍 신안새동네길26-10, 103호 (일신유니-빌 아파트)",88.006,36132919
87,LHK0042,1,25972,***,24년 주거시설 선행연구용역(계성리 관사),용역,LHK,제2군단,202406141100,BB3B8,주식회사도시경영연구원,Urban Management institute,권선애,029591271,"서울특별시 성북구 화랑로76, 제3층 307호(하월곡동,코업스타클래스)",88.011,56338000
4,LHM0067,1,25253,***,(24-신-4) 00부대 노후케이블 교체 공사(통신/재해),용역,LHM,제15보병사단,202406141100,MA494,주식회사 중앙산업안전,,이인숙,0325630999,"인천광역시 서구 검단로790, 상가동 205호(불로동)",89.222,1575750
31,UAC0021,1,25871,***,2024년 2차 전산운영용품 구매,물품,UAC,국방출판지원단,202406141100,JFEAF,미주통상,,정채린,010-4411-2344,충청남도 계룡시 엄사면 엄사중앙로97,88.03,6010000
501,SFC0071,1,24453,***,24-덕-취사식당 청소 용역,용역,SFC,제9691부대,202406141100,G914D,(주)그린앤클리닉,G&C,송임순,0522483900,울산광역시 중구 젊음의2거리29-0 (성남동) 806호,88.001,7241120
1754,MCD0034,1,25588,***,군종도서(불교) 구매,물품,MCD,국방부(운영지원과),202406141100,J7668,에덴유통,,신용희,01071574323,경기도 의정부시 용현로143 (민락동) 현대아파트3차 303동 1206호,90,57439850
60,LCN0031,1,24853,***,'24년 기타유지물자(롤테이너 등) 구매,물품,LCN,육군사관학교,202406141100,H717B,와이에치산업,YHindustry,전영환,0312119326,"경기도 수원시 영통구 효원로363-0 (매탄동, 매탄 위브 하늘채) 120-702",88.006,4301881
212,LAR0003,1,25811,***,'24년 프린터 임차용역,용역,LAR,국제평화지원단,202406141100,L0960,정우물산 주식회사,,최정우,07047722900,"인천광역시 중구 하늘별빛로65번길7-11, 1106호 (중산동)",88.001,21298650
84,LCJ0039,1,25992,***,(24군책-용역016)인천 제초관리 용역,용역,LCJ,종합보급창,202406141100,G33AC,주식회사 국민이엔씨,kookmin enc,배봉준,0325630470,인천광역시 서구 이음대로384-0 (원당동) 410호,88.02,17856360
57,LCJ0038,1,25991,***,(24군책-용역015)부산 제초관리 용역,용역,LCJ,종합보급창,202406141100,JAFB0,주식회사 다숲,,정재현,0512619882,부산광역시 사하구 윤공단로92-1 (다대동),88.003,7610010
20,LCJ0040,1,25993,***,(24군책-용역017)영천 제초관리 용역,용역,LCJ,종합보급창,202406141100,F4D84,주식회사 위드조경,With Land Scape,정광수,0543388112,경상북도 영천시 화산면 납이길69-0,88.13,8406799
5,EBH0043,1,2060,***,"부유대 조립체, 방탄헬멧 내피용",물품,EBH,해상공중전력운영계약팀,202406141100,0005F,삼부산업 주식회사,-,노석우,0317673744,경기도 광주시 옥토골길33-44 (태전동),83,1482994000
2,EBH0046,1,0016A,***,24년 오리콘 부품(슬리브 등),물품,EBH,해상공중전력운영계약팀,202406141100,4498F,삼호정밀,SAMHO PRECISION,김일천,0519717226,부산광역시 강서구 평강로217-1 (대저1동),84.732,195600000
26,HCF0155,1,25313,***,폭발물처리 작전용 셔츠 제조,물품,HCF,공군군수사령부,202406141030,G8EBB,주식회사 더엔진,THE ENJIN,오현택,0262727080,"서울특별시 용산구 원효로134-0 (원효로3가), 5층",88.077,29641000
144,SCH0092,1,25514,***,24-50호 보조 병기 이탈방지끈 등 8종 구매,물품,SCH,해군작전사령부,202406141030,M2C23,비바송,,송시후,0552670816,"경상남도 창원시 의창구 도계로136-0 (명서동, 두산위브아파트) 205동 1204호",88.009,9121665
47,HDM0043,1,25890,***,[24-0100] 공기청정기 필터 구매,물품,HDM,공군제17전투비행단,202406141030,HA0FD,크린필터주식회사,Clean Filter Korea Company,박재한,0318798490,"경기도 양주시 광적면 부흥로847 양주테크노시티 504,505,506,507호",88.028,39935220
272,SCK0073,1,25754,***,도장판 등 81종 구매,물품,SCK,해군교육사령부,202406141030,L972D,팔팔껍데기,,김세진,010-7529-8088,"경상남도 창원시 진해구 석동로20번길21, 1층(석동)",88,14872900
42,SCN0099,1,25592,***,망간측정키트 등 32종 구매,물품,SCN,제7001부대,202406141030,I4383,주식회사 동빈글로벌,Dongbinglobal,위정은,0553651132,"경상남도 창원시 성산구 완암로50, 넥스동 704호(성산동, SK테크노파크)",88.028,13009800
9,SCP0074,1,25958,***,유리파티션 등 2종 납품 설치,물품,SCP,제8385부대,202406141030,JFB9B,청아철물설비,,김주희,010-7224-5200,강원도 동해시 단봉길23 (북평동),88.224,8493800
4,SCP0073,1,25944,***,24-동 0함대 간부숙소 세탁기 분해청소 용역,용역,SCP,제8385부대,202406141030,LB812,동인시스템,,이영애,010-4719-2224,"강원도 동해시 수원지2길2, 510호(발한동, 대원아파트)",88.06,17163530
2,HCF0147,3,22918,***,이산화탄소 등 7종,물품,HCF,공군군수사령부,202406141030,C6F14,(주)에어텍,"Airtech, Co Ltd",이상주,0535817081,"대구광역시 달서구 달구벌대로240길 23, 1층(신당동)",95.847,23577360
10,LHN0048,1,25729,***,"(통신-3,8) 통신공사 재해예방기술지도",용역,LHN,제7보병사단,202406141030,L818D,유토이엔씨 기술지도사업부 주식회사,,임재원,0315051763,"경기도 안산시 상록구 광덕4로366, 2층(이동, 광명빌딩)",88.028,2468600
7,LHN0047,1,25728,***,"(통신-3,8) 통신공사 감리용역(비상주)",용역,LHN,제7보병사단,202406141030,D602F,(주)기술사사무소고려기술단,"korea Engineering CO., LTD",김동조,0332544144,강원특별자치도 춘천시 신동면 모오리길62-0,95.892,7000000
1552,SCQ0062,1,25928,***,프린터잉크 등 840종 구매,물품,SCQ,제9911부대,202406141030,KE65B,에스아이마켓,,홍성일,01031597151,"경기도 구리시 동구릉로85번길17 (인창동, 아름마을원일아파트) 105동 1201호",88,64515350
40,LHD0031,1,25924,***,00부대 역사관 신축 감리용역(D058),용역,LHD,제21보병사단,202406141030,A4894,우성건축사사무소,wooseong,이준근,0332428300,강원특별자치도 춘천시 소양로25-1 (근화동),88.43,8148680
321,SFC0073,1,25904,***,도서류(우리는 미국을 모른다 등 93품목) 구매,물품,SFC,제9691부대,202406141030,K85D3,달달스마일,,이혜선,01020074664,경기도 용인시 처인구 포곡읍 포곡로72-0 2층 204호 A184,90.001,1896190
5,LHZ0009,1,25854,***,동력버너 및 연료통 구매계약,물품,LHZ,제5767부대,202406141030,CAAB4,강원상사,KWANG WON,김동국,0332422612,강원특별자치도 춘천시 남춘로17-0 (퇴계동),92.173,5343000
70,SCI0064,1,25849,***,스프링노트 등 73종 구매,물품,SCI,제9121부대,202406141030,M7D62,마린머티리얼즈,,구우근,070-4300-2369,"경상남도 창원시 마산회원구 3.15대로732, 4층 4143호(합성동, 남산빌딩)",88.005,4225000
42,MCX0035,1,25831,***,24-자운대 물탱크 청소용역,용역,MCX,자운대근무지원연대,202406141030,M3B11,(주)금강종합산업,,진성화,04215220319,"대전광역시 중구 문화로34-12, 1층 101호(산성동)",88.005,22204500
1285,SCN0101,1,25618,***,의무물자(HBs II 등 23종) 구매,물품,SCN,제7001부대,202406141030,HCE30,오르보,orbo,장석임,07041277117,"서울특별시 은평구 서오릉로14, 3층(녹번동)",88.002,24069150
7,LHZ0010,1,25869,***,부대비품(병영생활관 냉난방기) 구매 및 설치,물품,LHZ,제5767부대,202406141030,DBA72,주식회사 강원기업,gangwon,손명수,0336488581,강원특별자치도 강릉시 경강로2302번길3-0 (포남동),88.352,12101883
1271,SCN0100,1,25617,***,의무물자(마개 귀보호용 등 39종) 구매,물품,SCN,제7001부대,202406141030,IF4AC,엠디유통,,황도아,01047759984,"경기도 남양주시 다산중앙로123번길29, 3405동 2404호(다산동, 다산역자연앤푸르지오)",88.001,33886000
4,LKQ0013,1,25816,001,액화석유가스(LPG) 구매,물품,LKQ,육군항공학교,202406141030,F337E,(주)동신산업,,박광춘,0417423690,충청남도 논산시 연무읍 동산리579-3,88.319,1497
243,SCF0575,1,25576,***,"더블에이 A4 복사용지 등 1,265종",물품,SCF,해군군수사령부,202406141030,M7D62,마린머티리얼즈,,구우근,070-4300-2369,"경상남도 창원시 마산회원구 3.15대로732, 4층 4143호(합성동, 남산빌딩)",88.001,25067300
51,SCH0091,1,25513,***,24-49호 열상방지 방탄복용 패드 등 7종 구매,물품,SCH,해군작전사령부,202406141030,H295B,주식회사 금오식품,keumofood,문기윤,0555521723,경상남도 창원시 진해구 명제로484번길14(제덕동),88.019,20886000
58,LPF0059,1,25965,***,24년 예비군부대 노후비품교체 구매,물품,LPF,제51보병사단,202406141030,CDF81,주식회사 다나,"dana co.ltd,.",한신옥,0319426493,경기도 파주시 광탄면 보광로1100번길 19-37주식회사 다나,88.078,28544000
19,SCP0075,1,25975,***,더블에이 복사용지 A4 등 44종 구매,물품,SCP,제8385부대,202406141030,L7479,수지유통,,최수지,01062487950,"강원특별자치도 동해시 서동로721-6, 1층(신흥동)",88.045,4887130
5,LNF0025,1,25898,***,"24년 2개소 사,공유지 토양오염 정밀조사",용역,LNF,제1보병사단,202406141030,G27C2,재단법인 한국환경종합연구원,Korea Environmental Complex Institute,김용현,0313602255,"경기도 안양시 동안구 흥안대로415, 620호(평촌동, 두산벤처다임)",88.373,46302790
38,LHD0030,1,25807,***,24-8차 의약품 구매(X047),물품,LHD,제21보병사단,202406141030,KCC2B,주식회사원진메디팜,,김진규,0319868101,"경기도 김포시 고촌읍 아라육로80, 226호",88.01,10789360
2394,SCF0572,1,25781,***,병영 도서(일류의 조건 등 380권) 구매,물품,SCF,해군군수사령부,202406141030,L42F8,무지개마켓,,진선영,07076091823,"경기도 고양시 덕양구 통일로374, 103동 1802호(신원동, 신원마을1단지 우남퍼스트빌)",90,6855000
22,SDG0027,1,25931,***,노후 행정시설 신축공사(GHP실외기),물품,SDG,제2002부대,202406141030,D4CBC,(주)세이버이엔지,"SAVER ENG CO.,LTD",강유경,0324330469,"인천광역시 연수구 센트럴로415-0 (송도동), 106동 3404호(송도동,힐스테이트 송도 더테라스)",88.398,171773514
2,MDZ0001,1,22401,***,국방데이터 품질점검 실증 및 운영방안 연구 사업,용역,MDZ,합동상호운용성기술센터,202406141030,C7CD2,사단법인 안보경영연구원,SMI,김주형,025445937,"서울특별시 강남구 언주로527, 10층 (역삼동)",,42417000
295,LCF0258,2,12736,***,"솔레노이드, 전기식 등 17항목 구매(기장)",물품,LCF,육군군수사령부,202406141030,J0267,미성엔지니어링,,김미솔,07042528388,경기도 김포시 양촌읍 황금3로7번길36-0,88.011,67684510
6,LBB0016,2,24925,001,'24년 취사용 LPG 구매,물품,LBB,육군제7789부대,202406141030,BE6C2,(주) 한국가스산업,KOREA GAS INDURSTRY,김동근,0318775643,경기도 양주시 광적면 부흥로133,83.02,1472
758,UAB0042,1,25559,***,국군복지단 경기북부지역 조경관리 용역,용역,UAB,국군복지단,202406131700,K722A,주식회사 주원조경건설,,김차자,0625316616,"광주광역시 광산구 장신로139,403호 (수완동)",88.001,13947350
52,UAB0043,1,25739,***,국군복지단 대전지원본부 조경관리 용역,용역,UAB,국군복지단,202406131700,A36B7,한밭조경,hanbatlandscape,박종업,0448665443,"세종특별자치시  장군면 장척로399 , 2층 204호",88.018,5845640
261,MFL0005,1,25484,***,지리공간분석장비 구매,물품,MFL,합동참모본부,202406131500,J562A,블레스,,지민서,01050300544,경기도 용인시 기흥구 중부대로184 (영덕동) B동 1834호,88.002,76628220
17,LGC0020,1,25471,***,24~27년 얼음정수기 임차용역,용역,LGC,육군학생군사학교,202406131330,D2EDA,(주)한성바이오테크,hansungbiotech,김재경,025877972,"서울특별시 강남구 개포로25길18 (개포동, 1층)",88.145,78432300
4,LDH0529,2,20055,***,"K200 핀,잠금용 등 13종 구매",물품,LDH,육군종합정비창,202406131300,JAD8F,신기산업,,박재완,051-928-1744,부산광역시 북구 의성로59번길1 (덕천동),92.414,17470000
4,LDH0530,2,20056,***,"K200 디스크,클러치,차량용 3종 구매",물품,LDH,육군종합정비창,202406131300,JAD8F,신기산업,,박재완,051-928-1744,부산광역시 북구 의성로59번길1 (덕천동),92.878,10570000
287,LCF0354,2,25191,***,모사전송기 등 1항목 구매(통신),물품,LCF,육군군수사령부,202406131100,M8EC0,주식회사 송운,,장동숙,0319862436,"경기도 김포시 김포대로839, 3층 306-2호(사우동, 보보스프라자)",94.16,26441260
115,LDA0020,1,25380,***,무정전전원공급기(UPS) 축전지 구매,물품,LDA,지상작전사령부,202406131100,LFF15,아이엠,,최윤정,01033424222,경기도 화성시 동탄대로683 (영천동) sh타임스퀘어2빌딩  324호,88.078,12488346
15,MCR0049,1,25281,***,소방시설 작동기능점검 용역,용역,MCR,국방대학교,202406131100,D608B,주식회사 화인포스텍,Corp. Fine Force Tech,박문선,0415529644,충청남도 천안시 동남구 태조산길49 (유량동),88.018,9295340
4,EBHE011,1,8152,***,24년 천마 필터류(제조),물품,EBH,해상공중전력운영계약팀,202406131100,I52B6,티케이(T.K)테크,T.K TECH,김재욱,051-303-5134,부산광역시 강서구 대저로3번길52-15 (대저1동),88.077,43532100
1903,LDA0019,1,22280,***,00부대 폭염응급키트 구매,물품,LDA,지상작전사령부,202406131100,JFD62,강원물류상사,,송명숙,01085051094,"강원특별자치도 춘천시 동면 소양강로363, 1층",88,9526660
79,UMM0767,1,25469,***,(247023-H)기록관리시스템 노후 교체사업(리스자산),물품,UMM,국군재정관리단,202406131100,FBE8A,주식회사 코어인프라,CoreInfra,김정훈,0314225017,"경기도 의왕시 이미로40, C동 904호,905호 (포일동, 인덕원IT밸리)",83.014,1023884900
2,UMM0762,1,25038,***,(24G152-A) 외진셔틀버스용역(양주병원),용역,UMM,국군재정관리단,202406131100,E3E17,주식회사 두레고속관광,durae travel co,장근수,0336487544,강원특별자치도 강릉시 용지로167-0 (교동),96.242,240350000
4242,UMM0726,1,24004,***,24-N-기관단총 라이트 구매,물품,UMM,국군재정관리단,202406131100,KDB33,비앤와이컴퍼니,,배지현,01047510806,경상북도 구미시 신비로131 (비산동),87.995,66422504
270,UMM0743,1,22912,***,(24F146-B) 얼음정수기 임차용역,용역,UMM,국군재정관리단,202406131100,K1CA7,그린워터,,최안나,03216447534,경기도 용인시 수지구 동천로285 (동천동),87.754,120948700
3839,UMM0758,1,21542,***,(24F165-I) 24년 렌탈프린터 임차 용역,용역,UMM,국군재정관리단,202406131100,L16D5,아가스(Agath),,한현규,01025212046,대전광역시 유성구 구룡달전로191번길17(구룡동),87.747,60511025
567,UMM0748,1,20937,***,(246226-D)기동영상전송장비 구매,물품,UMM,국군재정관리단,202406131100,HB34F,주식회사 썬플라워즈,SUNFLOWERs.co.ltd,김종석,07075280972,"인천광역시 서구 가석로30, 광양프런티어밸리 3차 301호 (가좌동)",82.995,227340177
33,UMM0741,1,16229,***,24~29-N-정수기 176대 임차 용역,용역,UMM,국군재정관리단,202406131100,D59D6,(주)명진클라비스,"MYUNG JIN CLAVIS CO., LTD",이영식,0314770996,"경기도 안양시 동안구 벌말로123, 802호(관양동, 평촌스마트베이)",83.252,563288411
2,UMM0765,1,16113,***,(24F155-A) 근무분야 민간위탁(강원 원주),용역,UMM,국군재정관리단,202406131100,A54DE,광인산업(주),KWANGIN,김형주,025401799,"서울특별시 용산구 원효로51, 308호(산천동, 삼성테마트)",98.198,1446910000
2,UMM0764,1,16111,***,(24F157-A)  근무분야 민간위탁(인천 부평),용역,UMM,국군재정관리단,202406131100,A54DE,광인산업(주),KWANGIN,김형주,025401799,"서울특별시 용산구 원효로51, 308호(산천동, 삼성테마트)",97.967,1687250000
998,UMM0730,1,13314,***,24-N-디지털 컬러 인쇄 시스템 및 재단기 구매,물품,UMM,국군재정관리단,202406131100,I95E7,리치코리아,onetop distribution,박도연,01093951878,경기도 의정부시 신촌로22 (가능동) 상가동106호,83.003,606764371
467,MDR0030,1,25458,***,GNSS 측량장비세트 구매,물품,MDR,제9965부대,202406131100,A6EA8,주식회사 블루웍스,"Blueworks Co.,Ltd",송혜자,0234615100,경기도 성남시 분당구 판교역로225-15 (삼평동) 4층,88.015,33414700
9,LGI0053,1,24213,***,탄약정비공장 정비용장비 제조 설치,물품,LGI,제3군수지원여단,202406131100,F6841,우주산업플랜트 주식회사,wooju,최창식,0552865098,경상남도 창원시 의창구 봉강가술로537번길42-0 (대산면),83.55,2759990000
22,LCJ0036,1,24521,***,(24군책-물품023)파렛트 3단 저장랙 제조,물품,LCJ,종합보급창,202406131100,L1010,제이엠테크,,곽미숙,0557811162,"경상남도 양산시 학동길52, 1층층(어곡동, 제이엠테크)",86.639,66535500
75,LCF0361,1,23678,***,백열등 등 72항목 구매(자주포),물품,LCF,육군군수사령부,202406131030,J0267,미성엔지니어링,,김미솔,07042528388,경기도 김포시 양촌읍 황금3로7번길36-0,83.17,451602760
43,SCR0066,1,25411,***,방한두건 등 20종 구매,물품,SCR,해군제3함대사령부,202406131030,LBC44,주식회사 케이디제이,,강동주,01020008184,"전라남도 목포시 영산로93-1, 4층 476호 명륜동, 전남빌딩(명륜동)",88,7586781
57,SDQ0060,1,25406,***,파워헤드어셈블러 구매,물품,SDQ,해군제2수리창,202406131030,C6E84,지니종합상사,Ziny Company,장향옥,070-4323-1700,경기도 평택시 포승읍 평택항로503-0,88.014,30046170
9,LPS0005,1,25375,***,24년 음식물쓰레기 위탁처리 용역,용역,LPS,제60보병사단,202406131030,J3C56,농업회사법인 주식회사 골드바이오텍,,김영학,01052670719,경기도 포천시 창수면 창동로161번길62,88.015,21868190
162,HCQ0047,1,25889,***,"24-146 호스 조립체, 비금속제 등 1종",물품,HCQ,공군제5공중기동비행단,202406131030,E6FEE,더블유텍,Double-u tek,이우길,0632548811,전북특별자치도 전주시 덕진구 화개길23-5 (여의동),88.034,58762210
3,LKS0042,1,25355,***,계룡스파텔 단체복(춘하) 제조납품,물품,LKS,육군인사사령부,202406131030,FF1D0,가온,gaon,이정현,0422535336,대전광역시 중구 보문로89(부사동),88.201,10832640
6,MDK0047,1,25470,***,24년 정비장비 구매,물품,MDK,국군수송사령부,202406131030,L971C,유엔글로벌,,박현숙,01055853445,부산광역시 남구 진남로206-0 (문현동) 3층 375호,88.208,16857330
57,LKS0043,1,25359,***,'24년 계룡스파텔 청소 용역,용역,LKS,육군인사사령부,202406131030,G6B62,주식회사 성운건설,seun,조광희,0426210301,대전광역시 동구 동서대로1653번길159-0 (용전동),88.022,17113000
2,LAZ0009,1,25466,***,24-스티로폼용 CNC 제조납품,물품,LAZ,드론작전사령부,202406131030,HEA91,주식회사 이건코어,,손경덕,07075330706,경기도 파주시 조리읍 탑삭골길33-0,88.519,44438900
21,LGC0019,1,25457,***,24년 후보생 기초훈련장병증식(생수) 구매,물품,LGC,육군학생군사학교,202406131030,K538E,드림메디랩,,민건홍,0432980908,"충청북도 청주시 상당구 영운천로201번길18, 1층(용정동)",89.051,89258892
1465,LMH0038,1,25483,***,24년 정비 피복 구매계약,물품,LMH,제7군단,202406131030,K1AAF,이스타,,이정민,01035877757,경기도 시흥시 마유로423번길20-2 (정왕동) 202호,88.007,43562410
3237,NIT0008,1,25478,***,홍보물품(블루투스키보드 등) 구매 제작,물품,NIT,국방부조사본부,202406131030,L9FB7,로즈사운드랩,,최성환,023769990,"경기도 고양시 일산서구 대화1로12-6 (대화동, 해냄스토리) 2동 401호",88,16928220
10,SDG0026,1,25455,***,24-인-작업환경 측정 위탁 용역,용역,SDG,제2002부대,202406131030,J71F6,아인에스 주식회사,,임재범,0513624500,부산광역시 강서구 녹산산단321로24-4 (송정동),88.081,4420500
172,LGC0018,1,25452,***,24년 병영훈련용품(키핑케이스 등 13종) 구매,물품,LGC,육군학생군사학교,202406131030,L5DF8,주식회사 드림팝,,이병관,0313730622,경기도 화성시 동탄기흥로565 (영천동) YK퍼스트타워311호,88.005,25605823
8025,LCG0046,2,24080,***,[24-육-112] 교관용 참고도서 구매,물품,LCG,육군본부,202406131030,L0740,레오테크,,곽재선,01094364629,경기도 화성시 봉담읍 삼천병마로1321-10 (동남메리트(아) 수정마을) 102동 404호,90,70346540
1995,LMR0036,1,25226,***,24-2차·3차 정보화사업(전산운영용품)물품 구매,물품,LMR,제5군단사령부,202406131030,M050C,주식회사 은상컴퍼니,,최은미,07041097450,"경기도 안산시 단원구 고잔2길45, 7층 701-376호(고잔동, 코스모프라자)",88.006,62751880
115,SCR0065,1,25388,***,공기청정기 필터 7종 661점 구매,물품,SCR,해군제3함대사령부,202406131030,M85DD,주식회사 원에어테크,,이주원,0319418856,경기도 파주시 월롱면 정문로293번길101-0,88.057,49451255
15,SCF0564,1,24878,***,'24년 함정 화장실/세면장 바닥교체 용역,용역,SCF,해군군수사령부,202406131030,H449E,주식회사 세선,SESUN,이병수,0518313652,부산광역시 사상구 학감대로221번길15-0 (감전동),88.252,2353130000
552,SCF0570,1,24748,***,(긴급)구리양극조립체 등 60종,물품,SCF,해군군수사령부,202406131030,M1E67,일용상사,,권윤주,010-4611-6464,경상남도 창원시 의창구 북면 동곡로35-0 (창원무동휴먼빌아파트(2단지)) 205-804,98.057,115647175
555,SCF0567,1,21268,***,오-링 등 23종 구매,물품,SCF,해군군수사령부,202406131030,BA595,주식회사 컴버스테크,"COMBUSTECH Co., Ltd.",김상주,0262995151,"서울특별시 금천구 벚꽃로 234, 에이스하이엔드타워6차 401~404호(가산동)",83.003,647135493
4,SCF0561,1,20326,***,LST-I 발전기 원격제어반(EPCC) 정비,물품,SCF,해군군수사령부,202406131030,E2E61,주식회사 플렛디스,"FlatDis Co., LTD",권병헌,0326230977,경상남도 창원시 진해구 웅천서로41번길93(제덕동),83.785,454184493
570,SCF0568,1,20100,***,"탐지기, 가스용 등 6종 구매",물품,SCF,해군군수사령부,202406131030,M1E67,일용상사,,권윤주,010-4611-6464,경상남도 창원시 의창구 북면 동곡로35-0 (창원무동휴먼빌아파트(2단지)) 205-804,88.801,17624800
5,SCF0562,1,16462,***,"AGS 전기추진체계, 배전반 및 추진전동기 정비",물품,SCF,해군군수사령부,202406131030,D3AB7,주식회사산엔지니어링,"san engr Co.,Ltd.",임준석,0316073421,경기도 성남시 분당구 성남대로912-0 (야탑동) BYC빌딩 607,84.264,1432630000
138,LKP0106,1,22344,***,24년 3분기 부대계약부식(식자재) 구매,물품,LKP,5군수지원사령부,202406131030,F6565,주식회사 대선에프에스,DAESUN F S,백용선,0317628363,경기도 광주시 오포읍 수렁개길33-36,83.015,4646152919
9,LCF0359,1,23696,***,"클램프,루프형 등 41항목 제조(자주포)",물품,LCF,육군군수사령부,202406131030,K2645,(주)경원R&D,,김옥숙,0513044211,부산광역시 사상구 낙동대로1292번길9-0 (삼락동),88.126,36006000
2,EBH0047,1,0113,***,24년 케이블조립체류(차폐용)(제조),물품,EBH,해상공중전력운영계약팀,202406121100,1003F,연합정밀(주),"YEONHAB PRECISION CO.,LTD",김은주,0415665992,충청남도 천안시 동남구 목천읍 학수소사길219-27,84.944,440000000
13,LPM0022,1,25085,***,24년 기계설비 성능점검 용역 계약,용역,LPM,제9보병사단사령부,202406121100,L693C,(주)이에스아이 기계설비,,채수경,0319689990,"경기도 고양시 일산동구 성현로659, 가동 202호 (사리현동)",88.382,36706300
445,LGM0023,1,25063,***,(24-물품-52) 공병안전보조장치 구매,물품,LGM,제11기동사단,202406121100,L43C7,디디케이씨,,김진구,01092514458,"경기도 평택시 고덕로271 (고덕동, 고덕국제신도시 제일풍경채3차 센텀) 1303동 1102호",88.001,21659223
18,LHM0066,1,25251,***,인-대-4 한울타리 숙소 환경개선 공사(건설폐기물),용역,LHM,제15보병사단,202406121100,A44D0,행운환경(합),haengun environment,손기준,0333330920,강원특별자치도 평창군 평창읍 서동로3038-12,88.002,11922900
41,HDN0023,1,25247,***,(24-043) 작전지원과 공기청정기 필터 6종 구매,물품,HDN,공군제18전투비행단,202406121100,KD5F5,(주)태종필터,,이종태,0313176550,경기도 시흥시 수인로3106번길65-0 (안현동),88.072,31611000
1841,LNR0016,1,25233,***,24-4차 전산운영용품 구매,물품,LNR,수도기계화보병사단,202406121100,J7698,카피에스스토리주식회사,,이남훈,0326644881,경기도 부천시 원미구 부천로198번길18-0 (춘의동) 춘의테크노파크 2차201동 104호,88,33860920
4,EBHE014,1,0023,***,니카드 전지(함포용),물품,EBH,해상공중전력운영계약팀,202406121100,KA6FB,주식회사 엘사이드,,김용철,01038149365,"경기도 성남시 분당구 판교로700, 제디동 206호(야탑동, 분당테크노파크)",91.617,88912000
38,MDG0149,1,24952,***,00병원 공조기 필터 교체 설치납품,물품,MDG,국군의무사령부,202406121100,HEA17,미래세이프티 주식회사,"Miraesafety Co.,Ltd.",원영현,0323419030,경기도 시흥시 월동로57번길20 (월곶동) 2층 사무실,88.22,16283767
2,UMM0750,1,25111,***,(24F130-A) 보급근무분야 민간위탁(대구 수성),용역,UMM,국군재정관리단,202406121100,F52B9,공우이엔씨 주식회사,KONGWOO ENC Corporation,이한기,0262760252,"서울특별시 영등포구 여의대방로43라길6-0 (신길동, 신길프라자3층)",98.554,1303000000
2,UMM0749,1,25094,***,(24F131-A) 보급부대 근무분야 민간위탁(전남 장성),용역,UMM,국군재정관리단,202406121100,F52B9,공우이엔씨 주식회사,KONGWOO ENC Corporation,이한기,0262760252,"서울특별시 영등포구 여의대방로43라길6-0 (신길동, 신길프라자3층)",97.911,1420000000
989,UMM0737,1,22251,***,24-N-긴급구조잠수세트 등 2종 구매,물품,UMM,국군재정관리단,202406121100,C919C,(주)에스엘푸드,,김설곤,0555852415,경상남도 함안군 군북면 함안산단7길40-0,87.996,61190350
445,UMM0731,1,21504,***,24-N-함정 매트리스 세척 및 소독 용역,용역,UMM,국군재정관리단,202406121100,B1DBC,석산마스타기업 주식회사,석산마스타기업(주),배영순,0234863100,서울특별시 서초구 신반포로312 (반포동),87.75,105716000
1417,MDG0145,1,22620,***,24년 의무장비(침대자동식 응급실용) 구매,물품,MDG,국군의무사령부,202406121100,HCE30,오르보,orbo,장석임,07041277117,"서울특별시 은평구 서오릉로14, 3층(녹번동)",87.995,36435580
15,EBH0032,2,1002,***,24년 발칸 사격통제부품(구매),물품,EBH,해상공중전력운영계약팀,202406121100,IF39E,주식회사 나우이노,,황재희,0544340901,경상북도 김천시 해오름1로1길6-10 (율곡동),95.028,224374800
8,LHG0032,1,25224,***,GOP부대 음식물 쓰레기 건조기 임차용역,용역,LHG,제1862부대,202406121030,DBC53,(주)콘포테크,CONPOTECH,신현목,0319116366,"경기도 양주시 광적면 현석로42-38, 가동",88.048,92350000
280,SCN0098,1,25068,***,24-진-39 00원 진료본관 정밀안전점검 용역,용역,SCN,제7001부대,202406121030,L403F,대한안전공사 주식회사,,한승식,0417359860,"충청남도 논산시 연산면 황산벌로1537-0 , 201호",88.006,17801328
363,LKH0015,1,24965,***,'24년 00훈련대 조끼소독기 구매,물품,LKH,제6128부대,202406121030,GA94F,성화종합상사,sunghwa,이애숙,0518054447,"경상남도 창원시 성산구 신촌로95-0 (신촌동, 동성임대아파트) 102-507",88,25713000
1871,DSS0025,1,24801,***,00부대 토너 및 전산재료 구매,물품,DSS,국군제1068부대,202406121030,M1C23,코리아상사,,김병준,01027725747,"경기도 남양주시 다산순환로242, 1407동 104호(다산동, 다산자이 폴라리스)",88,44501691
54,SCR0061,1,25021,***,바이스그림 플라이어 등 355종 구매,물품,SCR,해군제3함대사령부,202406121030,K42FD,이도산업,,박창균,0612838624,전라남도 영암군 삼호읍 나불로187,88.004,11422616
3,LGO0005,1,25158,***,00부대 전차 훈련용 폭음기 구매,물품,LGO,제20기갑여단,202406121030,MBBC6,참컴퍼니,,지은숙,01095504007,강원특별자치도 홍천군 남면 월천양지길34-5,98.988,84670000
37,LQS0008,1,24854,***,정보통신운영물품구매,물품,LQS,제3739부대,202406121030,KC862,에스엠컴퍼니,,고상미,01041421996,경기도 포천시 가산면 시우동길59-4,88.027,24770700
110,LHD0029,1,25137,***,이동식화장실 임차용역(X043),용역,LHD,제21보병사단,202406121030,L03A6,주식회사 이안코리아,,임경진,07078127551,전라남도 영광군 대마면 전기차2로87-0,88.007,39004137
25,DSS0028,1,25136,***,기록물 존안장비 운용자재 구매,물품,DSS,국군제1068부대,202406121030,JFE3E,주식회사 엘앤비소프트,,이창건,01076751023,"경기도 화성시 동탄대로446, 1123호(청계동, 동탄역 그란비아스타)",88.043,7527992
4,SDF0087,2,23904,***,24-항-41 하수관로 및 중계펌프장 준설용역,용역,SDF,제5738부대,202406121030,A1AE4,유창산업(주),,황보성태,0542916144,경상북도 포항시 남구 오천읍 구정길 5유창산업(주),88.376,12700000
65,SCQ0059,2,24863,***,의료물품(심폐소생술 마네킹 등 2종)구매,물품,SCQ,제9911부대,202406121030,K6AE4,그린포스주식회사,,김비주,07077394765,"서울특별시 강서구 화곡로429, 402-10호(가양동,토피아빌딩)",88.028,8519910
44,SCR0060,1,25000,***,LCD슈퍼크립 등 108종 구매,물품,SCR,해군제3함대사령부,202406121030,KF42B,유한회사 정석,,정안나,07086913805,"전라남도 목포시 영산로93-1, 3층 321호(명륜동, 전남빌딩)",88.018,6541770
4,SCH0090,1,25242,***,24-45호 스위퍼스트먼지털이제거기 등 17종 구매,물품,SCH,해군작전사령부,202406121030,J3CAD,엘앤비소프트,,이창건,02-6080-7700,"서울특별시 금천구 디지털로178, A동 10층 1014호(가산동, 가산퍼블릭)",88.121,942066
38,SCH0089,1,25241,***,24-44호 보스민액 등 123종 구매,물품,SCH,해군작전사령부,202406121030,I974B,지인헬스케어 주식회사,Jiin Health Care.Ltd,한정훈,03180489373,경기도 김포시 고촌읍 아라육로58번길35-28 406호,88.052,15493350
9,LGN0006,1,25223,***,'24년 2차 전산운영용품 구매,물품,LGN,제5925부대,202406121030,11268,국제전설주식회사,kook jea,유석재,0334349381,강원특별자치도 홍천군 북방면 중화계로77번길80,88.091,24491465
43,SCR0064,1,25189,***,보호 20-F211 등 257종 구매,물품,SCR,해군제3함대사령부,202406121030,M75B2,대유산업,,신진업,070-8870-0072,전라남도 영암군 삼호읍 녹색로1426-73,88.024,5500469
22,SCR0063,1,25180,***,CO2 카본팁 등 20종 구매,물품,SCR,해군제3함대사령부,202406121030,K0053,우성종합상사,,이동건,061-243-1722,전라남도 목포시 삼학로141 (산정동) 2층,88.551,1819918
22,LNF0024,1,25034,***,지휘관 관사 4개소 제초용역,용역,LNF,제1보병사단,202406121030,F678D,주식회사 케이비건설,KB const. co,백호영,0319075893,경기도 파주시 순못길27 (다율동),88.064,10585705
45,SCR0062,1,25150,***,크린가드 작업복 등 64종 구매,물품,SCR,해군제3함대사령부,202406121030,L4F94,첼시,,성은경,07086481939,"전라남도 목포시 산정로109번길16-0 , 1층(산정동)",88.001,6298908
422,MDJ0042,1,24472,***,복부수술 견인용 수술기구 구매,물품,MDJ,국군대전병원,202406121030,JCC4B,스카이코리아,,이건석,01030090456,"서울특별시 동작구 여의대방로22나길79-7, 102호(신대방동, 하이빌)",88.019,30720020
42,LKF0043,1,25028,***,24년 육성지원사업 방탄복세트 I형 제조구매,물품,LKF,제6755부대,202406121030,L6FF9,주식회사 유노인더스트리,,정민영,07087112611,경기도 남양주시 화도읍 비룡로292번길11,88.054,169906990
3,HCC0052,1,25210,***,24-1함 00창 소방정밀점검 용역,용역,HCC,해군제1수리창,202406121000,I5DED,주식회사 중앙이에스엠,Central E.S.M,홍순천,0335726077,"강원특별자치도 삼척시 오십천로43,2층 (등봉동)",88.471,2179240
595,LMB0012,1,24896,***,'24년 8278부대 예초 용역,용역,LMB,제8278부대,202406111530,MAC97,송아조경주식회사,,문춘기,01041668069,경기도 평택시 포승읍 서동대로784 (SR 친오애 아파트) 친오애상가206호,88.003,53099006
4,EBB0237,1,7008,***,케이블립체류,물품,EBB,지상공통전력운영계약팀,202406111400,1003F,연합정밀(주),"YEONHAB PRECISION CO.,LTD",김은주,0415665992,충청남도 천안시 동남구 목천읍 학수소사길219-27,84.012,2699000000
6,LDH0431,4,16003,***,"K200 피스톤,내연기관용 등 2종 구매",물품,LDH,육군종합정비창,202406111300,DC147,DGI산업,DGI.CO,백지윤,0519042500,"부산광역시 동래구 차밭골로21번길36, 1층 (온천동)",92.545,22400000
3,LDH0518,2,20787,***,K9자주포 전원공급기등2종 구매,물품,LDH,육군종합정비창,202406111300,J662F,구구컴퍼니,,김수현,02-6091-1083,경기도 광명시 시청로29번길8-1 (철산동),94.671,15101422
6,LDH0531,2,20058,***,"K200 배선장치,갈래형 등 10종 구매",물품,LDH,육군종합정비창,202406111300,MA553,유진,,전진배,01093221414,"부산광역시 동래구 명안로52-1 (명장동), 2층",88.463,25350000
3,EBB0241,1,2130,***,K9 전동기 조립체,물품,EBB,지상공통전력운영계약팀,202406111100,D762D,(주)범한네트웍스,BumHan Networks,김성혜,0515232212,부산광역시 기장군 기장읍 배산로56번길26-19,87.394,373166000
20,LHM0064,1,24924,***,인-대-3 에버그린 아파트 보수공사(건설폐기물),용역,LHM,제15보병사단,202406111100,A462D,(합)홍천환경산업,hong chun env.co,김금주,0334356601,강원특별자치도 홍천군 홍천읍 미루나무길 28(),88.003,11678000
20,LHM0063,1,24918,***,(군-대-16) 병영생활관 지붕 누수 보수(건설폐기물),용역,LHM,제15보병사단,202406111100,BD949,(주)상지개발,,임영대,0334355094,강원특별자치도 홍천군 홍천읍 옥류동길123-20,88.432,13739900
8,LHM0062,1,24909,***,"재해예방기술기도 2건(군-대-9,11)",용역,LHM,제15보병사단,202406111100,LE87C,태영기술안전지도사사무소,,김병섭,010-6290-7233,"경기도 용인시 기흥구 서천로201번길31, 1동 10층 1026호(농서동, 이너매스허브시티)",88.023,2254500
8,HCR0028,1,24672,***,24년 특수건강진단 민간위탁 용역,용역,HCR,공군제15특수임무비행단,202406111100,IFDE4,다인병원,,황장회,03180141319,경기도 수원시 장안구 창룡대로159-0 (연무동),88.552,49094655
8,LAR0002,1,24576,***,24-6차 주부후식(간편식 구매) 전투식량 구매,물품,LAR,국제평화지원단,202406111100,EBF4F,(주)씨티원서비스,ctone,최현준,0328151336,"인천광역시 남동구 앵고개로490번길53, 남동공단142블럭20로트(고잔동)",88.482,11889570
12,LFH0012,1,25062,***,2분기 자산취득비 구매,물품,LFH,육군부사관학교,202406111100,H2B40,주식회사 마한건설조명,MAHAN,임상욱,0639187133,전북특별자치도 익산시 하나로87-3 (금강동),89.336,16967700
6,LPM0021,2,24699,***,24년 전반기 소방종합정밀점검 용역,용역,LPM,제9보병사단사령부,202406111100,C80F3,주식회사 해태소방,haitaisobang,최태준,0319761976,"경기도 고양시 일산동구 탄중로 326-16(중산동, 가든프라자)",88.036,22272410
5139,LCF0343,1,05886,***,감염예방용 살균소독티슈 등 2항목 구매(의무),물품,LCF,육군군수사령부,202406111100,LBE64,엔젤가구,,이자영,01086078578,경기도 부천시 부천로235 (춘의동),87.995,38733160
3513,UMM0745,1,24401,***,(24F175-B) 육군훈련소 렌탈프린터 임차용역,용역,UMM,국군재정관리단,202406111100,LE542,파라다이소,,탁숙영,01049964004,"경기도 김포시 통진읍 율마로450번길51, 601동 1003호(김포마송 LH6단지)",87.745,173498641
1063,UMM0734,1,24396,***,24-N-자동확보기 세트 등 4종 구매,물품,UMM,국군재정관리단,202406111100,K447D,주식회사 포빌리언,,이두성,07046862728,"인천광역시 계양구 계산새로71, D동 1107호(계산동, 하이베라스)",83.002,560782350
207,UMM0724,1,23933,***,24-F-워게임장비 구매,물품,UMM,국군재정관리단,202406111100,GEC51,초코인터내셔널 주식회사,"choko international co.,ltd",고찬갑,0315290842,경기도 남양주시 별내면 용암비루개길140-0,83.03,339586400
4,UMM0755,1,23322,***,(246240-F) 승용 사열차 제조,물품,UMM,국군재정관리단,202406111100,G6DF2,주식회사 유아이테크,"UI Tech Co., Ltd",김현국,03180594466,경기도 화성시 팔탄면 3.1만세로612-23,88.124,145521970
138,UMM0740,1,22456,***,24-N-평 조경관리 용역,용역,UMM,국군재정관리단,202406111100,E5664,지엘 주식회사,"GL CO.,LTD.",유득한,0635481116,전북특별자치도 김제시 벽성로386 (서암동),88.113,223999000
142,UMM0735,1,21507,***,(246031-G)사전학습지원 기반체계(콘텐츠학습) 교체,물품,UMM,국군재정관리단,202406111100,A2C4F,(주)나우시스템,"NOWSYSTEM Co.,Ltd",신은영,0623667541,광주광역시 광산구 비아로24번길56-4 (비아동),83.043,500252730
1809,UMM0732,1,21041,***,24-N-PE수도관 구매,물품,UMM,국군재정관리단,202406111100,M658E,아리유통,,이유선,01095965665,"인천광역시 연수구 원인재로237, 104동 301호(연수동, 대우1차아파트)",87.995,123506660
1249,UMM0751,1,20743,***,(247198-E) 기초잠수착용물자 구매,물품,UMM,국군재정관리단,202406111100,JC94D,와이엠글로벌,,김영만,01036525374,"인천광역시 계양구 효서로112번길7, 6동 101호(효성동, 미래골든타운)",87.995,84987800
306,UMM0752,1,20293,***,(247128-E) 장비운영소모품(병리4) 41종 구매,물품,UMM,국군재정관리단,202406111100,J719B,동산 주식회사,,김진아,0612770357,전라남도 목포시 삼학로303-1 (용해동),88.156,133048307
258,UMM0728,1,19897,***,(246202-D)지형분석장비 교체사업(리스자산),물품,UMM,국군재정관리단,202406111100,FCD50,주식회사 엔에이치,"NH CO., LTD.",이남택,07042862207,경기도 남양주시 진접읍 내각1로73번길38-1,83.009,536375639
54,UMM0727,1,16114,***,(246189-D) 모니터 도입사업(리스자산),물품,UMM,국군재정관리단,202406111100,C351B,주식회사 엔와이컴퓨터,"NY COMPUTER CO.,LTD.",김장수,0220784031,"서울특별시 금천구 가산디지털2로18, 406호(가산동)",83.432,12152820000
147,UMM0753,1,15406,***,(246190-E) '24-1차 체력단련장 관리장비 통합구매,물품,UMM,국군재정관리단,202406111100,AFD1A,(주)텍스코,"TEXKO CO.,LTD.",정종수,0312163489,경기도 용인시 기흥구 용구대로 1965SANGGAL MALL 2층 (주) 텍스코,90.862,329652400
786,UMM0754,1,14950,***,(247173-F) 재호흡기 구매,물품,UMM,국군재정관리단,202406111100,KA4C0,크레용 컴퍼니,,윤대연,01089100933,"인천광역시 서구 서로3로277, 2804동 1702호(원당동, 검단신도시 로제비앙라포레)",83.003,455031900
18,MDG0150,1,24975,***,00병원 공조기 필터 교체 설치납품,물품,MDG,국군의무사령부,202406111100,KD5F5,(주)태종필터,,이종태,0313176550,경기도 시흥시 수인로3106번길65-0 (안현동),88.154,61380000
740,MDG0148,1,23509,***,24-3차 의무비품(병실칸막이 등 3종) 구매,물품,MDG,국군의무사령부,202406111100,MA8C9,미야오(MEOW)비드,,이지현,01026603544,강원특별자치도 동해시 청운1길52-0 (쇄운동) 501동A06호,87.996,20808310
2,MDG0147,1,23266,***,환자관찰장치 실시간연동솔루션 구매,물품,MDG,국군의무사령부,202406111100,DC8F8,주식회사 유니와이드,,김창환,07073060500,서울특별시 구로구 디지털로26길5-0 (구로동) 1404호,99.149,187350350
245,MBC0006,1,25183,***,여단 화면전시체계 구매 설치(리스물건),물품,MBC,화력여단,202406111100,A43A7,주식회사 솔더,solder,김학진,0336456638,강원특별자치도 강릉시 경포로80-0 (교동),87.997,95159286
221,LGP0107,1,24776,001,24-3차 빵류 다수품목 단가계약(구매),물품,LGP,제1군수지원사령부,202406111100,L7CDA,이엠미트,,임은미,0519732536,부산광역시 강서구 대저중앙로172번길49-0 (대저1동),83.004,417603
9,LGP0106,1,24772,001,24-3차 면류 다수품목 단가계약(구매),물품,LGP,제1군수지원사령부,202406111100,HBCE0,(주)아워홈 동서울영업소,"OURHOME CO.,LTD.",김태원,0269669758,경기도 광주시 초월읍 산수로642-27,83.136,12903
1296,LCF0352,1,05887,***,접착식탄력붕대 등 2항목 구매(의무),물품,LCF,육군군수사령부,202406111100,H5483,라온유통,ra-on company,김보명,01083312255,"대구광역시 달서구 상화북로162, 102동 1805호 (상인동, 상인역 모아엘가 파크뷰)",87.996,43713144
5139,LCF0343,2,05886,***,감염예방용 살균소독티슈 등 2항목 구매(의무),물품,LCF,육군군수사령부,202406111100,LBE64,엔젤가구,,이자영,01086078578,경기도 부천시 부천로235 (춘의동),87.995,38733160
872,LCF0344,1,05882,***,"봉투,오물 비닐100매 등 8항목 구매(의무)",물품,LCF,육군군수사령부,202406111100,JFB35,히트,,이지미,01040001575,경상북도 칠곡군 동명면 봉암3길37,87.996,43962977
4586,LCF0345,1,05874,***,롤러믹스기 등 2항목 구매(의무),물품,LCF,육군군수사령부,202406111100,M4F9A,서하,,권도현,01036566123,"서울특별시 금천구 독산로72길56-5 (독산동, 조양아트빌)",87.995,39405407
722,LCF0351,1,05872,***,"외과낭,일회용 등 2항목 구매(의무)",물품,LCF,육군군수사령부,202406111100,K4572,녹양코리아,,김지영,01028881825,경기도 의정부시 경의로70 (의정부동)5층 5329호,87.995,38225135
4287,LCF0347,1,05861,***,환자용옷장(침대형) 등 11항목 구매(의무),물품,LCF,육군군수사령부,202406111100,M6FB6,수시로몰,,박수민,01089287649,서울특별시 송파구 동남로13길44-5 (가락동)진주힐탑빌 다동 201호,87.995,48664803
181,LCF0348,1,04721,***,정맥주사 세트(50S) 등 4항목 구매(의무),물품,LCF,육군군수사령부,202406111100,EBA52,유한회사 엔디클릭,endi click,최용석,07075844063,"전라남도 장성군 황룡면 강변로452-16, 3층 302호",87.995,31109740
692,LCF0349,1,04714,***,"스테이플러,피부,외과용 등 2항목 구매(의무)",물품,LCF,육군군수사령부,202406111100,JCA82,태형상사주식회사,,원동민,07088880132,"경기도 김포시 김포한강3로237번길16, (장기동, 314호)",87.999,40429690
1239,LCF0350,1,04707,***,"부목,만능용 등 3항목 구매(의무)",물품,LCF,육군군수사령부,202406111100,J577D,레뉴앤코(LENUE&Co.),,김성민,01093788931,"서울특별시 송파구 위례순환로478, 5층 503호(장지동, 센트라포레)",87.996,36307037
9,EBB0240,1,3033,***,소화기(총류)부품류(구매),물품,EBB,지상공통전력운영계약팀,202406111100,H58AB,주식회사 엔미디어솔루션,N-media solution,이근식,01042405887,"인천광역시 계양구 계산새로71, 비동 310호(계산동, 하이베라스)",84.409,935356935
6,HCF0133,3,18903,***,'24~'27 KT-100 CPT 유지보수,용역,HCF,공군군수사령부,202406111030,I155A,주식회사 포스시스템,FOS System,박진철,0423659136,"대전광역시 유성구 테크노4로17, B동 614호(관평동, 대덕비즈센터)",87.843,132728104
80,HDM0039,1,24804,***,[24-1050] 단독경보형 연기감지기 등 193품목 구매,물품,HDM,공군제17전투비행단,202406111030,M6364,휴텍레이저,,박상호,07076129238,"충청북도 청주시 서원구 사운로46번길2, 102호(사직동)",88.001,43756779
5,SCL0031,1,24574,***,DVD(30일 등 53종) 구매,물품,SCL,해군사관학교,202406111030,F4C31,경북상사,kyongbuk,김보민,07070792933,경상남도 창원시 의창구 명서로4번길17-0 (명서동),93.887,1293000
28,MCX0033,1,24758,***,레이다속도측정기 등 3종 구매,물품,MCX,자운대근무지원연대,202406111030,J9A8B,주식회사 아모르,,김현숙,01038092091,대전광역시 서구 도산로403번길21 (탄방동),88.042,8532712
36,SCN0096,1,24429,***,의무장비(HeartSine Smaritan 패드/배터리) 구매,물품,SCN,제7001부대,202406111030,K0CAA,효성메디,,이은상,070-8098-8719,경기도 고양시 일산동구 중산로252-0 (중산동) 606호,98.026,10778000
22,LNG0042,2,24899,***,예비군 부대 PC교체 구매 사업,물품,LNG,육군 제1군단,202406111030,JFE3E,주식회사 엘앤비소프트,,이창건,01076751023,"경기도 화성시 동탄대로446, 1123호(청계동, 동탄역 그란비아스타)",88.749,8631725
23,HDF0046,2,23506,***,"24-162, 정보통신대대, 프린터 잉크",물품,HDF,공군 제8전투비행단,202406111030,J726F,주식회사 원주컴퓨터,,장시림,07077331109,"강원특별자치도 원주시 남산로218번길34 (학성동, 영진로얄타운아파트) 201동 409호",95.181,37135057
163,SDF0089,1,24851,***,전동 드라이버 등 240종 구매,물품,SDF,제5738부대,202406111030,M33F1,가복공인중개사사무소,,박은영,07051530413,경상북도 포항시 남구 오천읍 정몽주로499,88.018,67225100
47,HDT0021,1,24848,***,작통단 정통대대 원격통신소 방화벽 구매(근-24-053),물품,HDT,공군작사근무지원단,202406111030,K3FE8,사회적협동조합 나라사랑,,박향숙,0316340055,경기도 양평군 양평읍 봉성길149-25,88.013,39794340
96,HDM0040,1,24842,***,[24-1047] 24-대형차륜장비타이어 등 6품목 구매,물품,HDM,공군제17전투비행단,202406111030,GD495,주식회사 투비,"ToBe Bio co.,Ltd",유두용,0432781771,"충청북도 청주시 흥덕구 직지대로436번길76, 1142호(송정동, 직지스마트타워)",88,29245820
25,SCI0062,1,24624,***,24-000사 매트리스 세척 용역,용역,SCI,제9121부대,202406111030,F4361,진양관리시스템,jinyang management system,이미화,0552523500,경상남도 창원시 의창구 읍성로101번길12-0 (소답동),90.039,8885960
7,LMB0011,1,24602,***,철원 교회 2동 창호교체(설치납품),물품,LMB,제8278부대,202406111030,HD2A0,흥성윈 주식회사,HSWIN,정기석,0319430353,경기도 파주시 광탄면 장지산로200번길59,88.078,18435860
42,LNQ0031,1,24583,***,24년 육성지원사업(공기청정기 렌탈 용역),용역,LNQ,제17보병사단,202406111030,LCAF6,더긋다,,심유리,01088588173,인천광역시 부평구 부평문화로72번길6 (부평동) 3층 일부,88.106,46380960
47,LNF0023,2,23623,***,105밀리 곡사포 성능개량사업 관급(리프트),물품,LNF,제1보병사단,202406111030,LCD5C,주식회사 누리무역,,임누리,01097679116,경기도 파주시 미래로310번길19-0 (동패동) 302호,88.041,26840730
618,LKD0052,1,24690,***,"24년 전산운영용품 계약(2, 3분기)",물품,LKD,제32보병사단,202406111030,J53EA,주식회사 진명,,이재성,01089611418,충청남도 계룡시 신도안면 신도안1길61 계룡대문화센터 1층,88.001,56050196
82,HFK0014,1,24677,***,'24년 관사 및 간부숙소 공공구역 청소 용역,용역,HFK,제1방공유도탄여단,202406111030,EFBF1,(주)리더스씨앤엠,leaderscm,김진하,0536571155,대구광역시 수성구 고모로200(고모동),88.023,20915130
277,SCK0071,1,24669,***,물티슈 등 314종 구매,물품,SCK,해군교육사령부,202406111030,LB8CF,효선상사,,반효선,070-8851-3656,"경상남도 창원시 진해구 냉천로88, 106동 103호(자은동, 대동빌라트)",88.017,37059600
15,SEE0027,1,24727,***,멀티렉 등 7품목 구매,물품,SEE,제9해병여단,202406111030,HD51E,하나유통,hanayutong,김양래,01023300395,"제주특별자치도 제주시 오도9길94-0 (노형동, 노형아뜨리에3차)B동B01호",88.278,11548417
3,SCI0063,1,25027,***,24-000사 00과정 버스 임차 용역,용역,SCI,제9121부대,202406111030,C1B98,(주)세영고속관광,SEY0UNG EXPRESS TOUR,이태기,0552425544,경상남도 창원시 마산회원구 무학로712-0 (회원동),88.312,3105000
70,UEK0002,1,25156,***,00부대 전산용품(정품토너 등 00종) 구매,물품,UEK,제6953부대,202406111030,HAF5F,주식회사 효령종합건설,hyoreongjonghabgunseol,이우창,01039423629,"경기도 파주시 교하로159번길33, 304호-에이336(목동동, 목동프라자)",88.006,30470820
84,SFN0052,1,25238,***,24-Y-제초관리 용역,용역,SFN,연평부대,202406111030,G9092,주식회사 서래조경,HONAM JO KYUNG CORP.,이현영,0329374603,"인천광역시 강화군 양도면 장하길4, 1층 2호",87.81,118454900
29,SCK0072,1,24054,***,공기청정기 필터 5종 제조 납품,물품,SCK,해군교육사령부,202406111030,CE303,예일크린테크 (주),"YEIL CLEANTECH CO.,LTD",박환수,0319498520,경기도 파주시 탄현면 소리개길164-15,88.003,5440000
7,SCF0559,1,25272,***,"LST-I 보조제어반(ACC), 보수통제장치(DCC) 정비",물품,SCF,해군군수사령부,202406111030,D3AB7,주식회사산엔지니어링,"san engr Co.,Ltd.",임준석,0316073421,경기도 성남시 분당구 성남대로912-0 (야탑동) BYC빌딩 607,83.791,1321900000
19,SCF0557,1,24249,***,'24년 잠수함 조함/저주파 훈련장비 유지보수 용역,용역,SCF,해군군수사령부,202406111030,L4E4F,아이티 월드((IT. WORLD),,김영우,07044359737,부산광역시 동래구 여고로63번길86-0 (사직동) 1층,88.394,31113950
127,SCF0554,1,23219,***,(긴급)국기봉 유압 펌프 장치 등 4종,물품,SCF,해군군수사령부,202406111030,LD736,코니코어시스템,,이혜영,01040141874,"인천광역시 남동구 논고개로17, 1108동 2104호(논현동, 에코메트로한화꿈에그린아파트)",88.018,8604650
215,SCF0549,1,23201,***,"발전기, 교류식 1종 구매",물품,SCF,해군군수사령부,202406111030,2060F,대흥기전(주),"Dae Heung Mechatronics Co.,LTD",신동윤,0319816664,경기도 김포시 하성면 하성로 377-33(),83.988,553744000
4047,SCF0537,1,23185,***,"(긴급) 세척제, 산성, 파이프라인용 등 3종",물품,SCF,해군군수사령부,202406111030,K603F,주식회사 혼정보통신,,유정아,0423480540,대전광역시 중구 동서대로1218-0 (태평동) 7층,87.995,10459660
5909,SCF0538,1,23042,***,PU PALM  장갑  등 150종 구매,물품,SCF,해군군수사령부,202406111030,K6F4B,어썸스토어,,고윤미,01062257416,"강원특별자치도 원주시 나비허리길57-0, 105동 305호 (단구동, 단구 신성 미소지움)",87.995,78899590
569,SCF0539,1,21814,***,"브러시,전기접점용 등 7종 구매",물품,SCF,해군군수사령부,202406111030,LC499,제이엘,,이원성,01044842590,"경상남도 창원시 진해구 신항2로114, 717호(용원동, 다인로얄팰리스 부산 신항2차)",87.995,42211840
330,SCF0546,1,21264,***,콘크리트믹서기 등 3종 3대 구매,물품,SCF,해군군수사령부,202406111030,M1EB2,엘비벤처스,,이미랑,01046708084,"경기도 시흥시 시청로59-0 (장현동, 새재마을 대동아파트) 508동 706호",87.995,28954200
3380,SCF0536,1,20910,***,"(긴급) 밸브, 조절용, 계통압력용 1종",물품,SCF,해군군수사령부,202406111030,M507B,엠와이커머스,,김미영,01099547227,서울특별시 동대문구 전농로23길78-0 (전농동) 2층 201호,87.995,31877560
6,SCF0454,2,19165,***,OO급 잠수함 통합양강마스트 정비,물품,SCF,해군군수사령부,202406111030,A1165,(주)엔케이,"NK CO., LTD.",천남주,0512042211,부산광역시 강서구 과학산단로194-11 (지사동),91.039,141000000
1106,SCF0544,1,19098,***,초음파 탐침기 구매,물품,SCF,해군군수사령부,202406111030,KC421,수코리아,,차수연,01029635695,"경기도 의정부시 입석로70번길26 (녹양동, 호명산빌리지) 110동205호",87.995,12323612
1451,SCF0542,1,18787,***,"탐침-도선조립체,시험용 등 9종 구매",물품,SCF,해군군수사령부,202406111030,LEB81,미코정원,,서명옥,01051032088,인천광역시 부평구 경원대로1432번길20-0 (부평동)3동201호,87.998,135826000
283,SCF0543,1,18262,***,"케이블,특수목적용,전기식 등 37종 구매",물품,SCF,해군군수사령부,202406111030,GBE4E,에솜 주식회사,ESOM,강길영,0317773452,경기도 성남시 중원구 사기막골로148-0 (상대원동) 6층 610호,82.995,216164646
1314,SCF0550,1,18146,***,양념분쇄기 등 3종 구매,물품,SCF,해군군수사령부,202406111030,CAAB4,강원상사,KWANG WON,김동국,0332422612,강원특별자치도 춘천시 남춘로17-0 (퇴계동),98.264,22693000
3681,SCF0547,1,17598,***,연점시험기,물품,SCF,해군군수사령부,202406111030,LEA63,쿨우주인,,최은주,010-9727-0100,"대구광역시 달서구 월배로11길9-16, 102동 2205호(유천동, 진천역 화성파크리젠시 아파트)",87.995,37169166
24,SCF0556,1,16440,***,'24년 잠수함 전술훈련장비 유지보수 용역,용역,SCF,해군군수사령부,202406111030,A0F59,주식회사 정엔지니어링,"JUNG ENGEERING CO.,LTD.",박정철,0515070119,부산광역시 부산진구 성지곡로51번길 27(초읍동),87.945,152523500
14,SCF0392,2,13651,***,MHC 추진제어 케이블 정비,물품,SCF,해군군수사령부,202406111030,G638A,주식회사 일성이엔지,"ILSEONG ENG CO.,LTD.",오세만,0514127038,부산광역시 영도구 대교로2번길22-6 (봉래동3가) 2층,84.348,280552500
3,SCF0551,1,12450,***,잠수함 위성지휘 통신체계 유지보수 정비,물품,SCF,해군군수사령부,202406111030,C4BAB,한양무선통신,HanYang radio communication,최영복,0552551400,경상남도 창원시 의창구 팔용로 399(),84.533,64394000
6,SCF0552,1,10210,***,ㅇㅇ함 롤러커튼 외주정비,물품,SCF,해군군수사령부,202406111030,J685B,피엠에스,,권차순,0553385878,경상남도 김해시 상동면 상동로685번길142-44,83.419,111094900
7,SCF0541,1,08130,***,공기압축 휀다 등 5종 제조,물품,SCF,해군군수사령부,202406111030,F412E,주식회사씨앤텍,"SEA AND TEC CO.,LTD",곽석,055-344-0047,경상남도 김해시 안곡로460-0 (한림면),84.895,314272000
14,LPF0057,2,23432,***,신병교육대 다기능 페인트 제조설치 납품(24-27),물품,LPF,제51보병사단,202406111030,G8C67,주식회사 디엔씨,"Dongnam Chemical Co.,Ltd",최종배,0553460192,경상남도 김해시 진영읍 김해대로118-51 ((주)디엔씨),88.129,170370000
25,LNF0022,2,23608,***,105밀리 곡사포 성능개량사업 관급(크레인),물품,LNF,제1보병사단,202406111030,H3B6D,진성기계주식회사,"JINSUNG MACHINERY CO.,LTD.",이진규,0314982451,"경기도 안산시 단원구 정왕천동로24,(성곡동) 시화공단 4바 869",88.008,123952969
41,LNF0020,3,23422,***,00부대 노후배관 개선 관급자재(계측제어),물품,LNF,제1보병사단,202406111030,B00BD,주식회사일렉콤,ELECOM,이용회,0222037760,경기도 용인시 처인구 이동읍 덕성산단1로46번길51,88.003,157169600
2,LKT0055,1,24567,***,24년 7~9월 부대조달 급식품목(빵류) 제조납품,물품,LKT,제1989부대,202406111030,L7295,무민,,조예주,01025573456,경기도 수원시 영통구 동수원로543-0 (원천동) 1층 103호,90.453,498969000
174,LGI0054,1,25114,001,‘24-3차 부대계약 식자재 납품(식육가공품류),물품,LGI,제3군수지원여단,202406111030,DD3D9,주식회사 대산식품,daesan,임성득,0533135858,대구광역시 북구 도남중앙로2길40-0 (국우동) F동,83.01,166530
149,LGI0055,1,25113,001,‘24-3차 부대계약 식자재 납품(빵류),물품,LGI,제3군수지원여단,202406111030,B8DB8,씨제이프레시웨이 주식회사,CJFRESHWAY,이건일,0221496154,경기도 용인시 기흥구 기곡로32-0 (하갈동),83.014,646289
86,LCM0032,1,22311,***,'24년 7~9월 부대계약 부식 구매(일반품목),물품,LCM,육군교육사령부,202406111030,IE3D1,주식회사 제이에프,,진주,01090320950,"충청북도 청주시 청원구 율봉로159번길73-1, 301호(율량동, 스톰비오피스센터)",83.084,6011946077
5,LCK0019,1,25250,***,[육성지원금-24-4] LED전광판 설치 납품,물품,LCK,수도방위사령부,202406111030,I2260,사회적협동조합 푸른하늘,KOREA DISABLED WELFARE BUSINESS ASSOCITION,정성대,0317671825,경기도 용인시 처인구 원삼면 백원로262번길46-0,88.82,78177840
93,LCH0038,1,25009,***,화산 특수작전종합훈련장 선행연구용역(특-24-용-24),용역,LCH,특수전사령부,202406111030,IE556,에이스 컴퍼니,,정택호,01045609111,"인천광역시 서구 건지로404, 207동 1501호(가좌동, 가좌한신휴플러스아파트)",87.754,87546350
8,LCF0341,1,25029,***,"보조통접착물,추출용 등 3항목  제조(자주포)",물품,LCF,육군군수사령부,202406111030,I52B6,티케이(T.K)테크,T.K TECH,김재욱,051-303-5134,부산광역시 강서구 대저로3번길52-15 (대저1동),88.066,10750120
7,LBA0051,1,24470,***,‘24년 7~9월 부대조달 부식(돈가스 8품목) 제조/구매,물품,LBA,제 2167부대,202406111030,F3B2D,(주)진푸드시스템,"JINFOOD SYSTEM CO.,LTD",박관식,0315419172,경기도 포천시 포천로1039,88.532,522042446
20,HCF0145,2,20725,***,음성통신통제체계 유지보수,용역,HCF,공군군수사령부,202406111030,CBB15,(주)젤루텍,zellootec,이두규,0263091150,"서울특별시 영등포구 경인로775-0 (문래동3가), 1동 722호",86.061,251000000
6,MDD0088,1,24474,***,"2024 부수장비(광화일스캐너, 무선바코드스캐너) 구매",물품,MDD,국군수도병원,202406101400,I3CBC,만능유한회사,csm,정양수,01036902326,"전라남도 무안군 삼향읍 남악3로80,204호(제일프라자)",98.76,3849300
15,LDH0565,1,23830,***,(정비) 지퍼백밀봉형중형 등 173종 구매,물품,LDH,육군종합정비창,202406101300,J4F9C,상일상사,,조용경,07077666240,경상남도 창원시 마산회원구 합포로274 (양덕동) 401호,88.21,40753963
222,LCF0333,1,14873,***,스위치 등 41항목 구매(궤도-017),물품,LCF,육군군수사령부,202406101130,G7D43,티디에프 주식회사,TDF,안소영,0325682342,인천광역시 서구 대곡로89번안길29 (대곡동),83.046,691947010
243,LCF0334,1,24152,***,"스위치,압력식 등 1항목 구매(궤도-020)",물품,LCF,육군군수사령부,202406101130,LDFE4,제이에이치텍,,강종현,0513238011,부산광역시 사상구 가야대로196번길63,88.664,24416000
3,EBB0235,1,1557,***,교정간격 부품류,물품,EBB,지상공통전력운영계약팀,202406101100,JED91,(주)세광이앤지,"SE KWANG ENG CO.,LTD",김종식,0522776462,울산광역시 울주군 언양읍 반천산업로108-65,85.154,628420000
5,MCR0048,1,24523,***,학위과정 현장학습 버스임차 용역,용역,MCR,국방대학교,202406101100,BF6CF,(주)동선관광,DongSun Tour,김성기,0425332929,대전광역시 서구 월평로77-0 (월평동),88.267,18480000
70,LHQ0031,1,24307,***,00공병단 더 좋은 병영식당 취사기구 구매,물품,LHQ,제2작전사령부,202406101100,JC9F2,주식회사 명신테크,,김혁진,0553439220,경상남도 김해시 진례면 고모로596-48,88.055,30765400
8,LCN0030,1,23481,***,'24년 하계군사훈련 버스 임차용역,용역,LCN,육군사관학교,202406101100,L4F5A,주식회사 케이스타투어,,이병욱,010-4726-7625,경기도 포천시 화합로283-0 (동교동),88.139,55205520
226,HDL0015,1,24469,***,24년 POL 및 파견대 제초용역,용역,HDL,공군제16전투비행단,202406101100,M9B9F,주식회사 녹연,,전석재,01035212866,경상북도 울진군 죽변면 매정길145,88,29194677
10,UMM0725,1,22406,***,24-N-00사 얼음정수기(98대) 임차용역,용역,UMM,국군재정관리단,202406101100,M5ABC,나우,,임재성,01055801707,"경상남도 창원시 마산회원구 팔용로215-0 (구암동, 중앙하이츠) 106동 1201호",88.009,184296398
9,MDK0046,1,23152,***,24년 군 상용드론(UAV 포함) 보험,용역,MDK,국군수송사령부,202406101100,A83AE,롯데손해보험(주),"LOTTEINSURANCE CO.,LTD",이은호,0234553594,서울특별시 중구 소월로3 (남창동),48.006,606166250
3246,LCF0325,1,16951,***,"키트-스탈첵,엔진용 등 7항목 구매(총포공구)",물품,LCF,육군군수사령부,202406101100,J3813,주식회사 엔베이스,,조병일,01033277281,"전북특별자치도 전주시 완산구 현무2길25 (경원동3가), 3층 301호 (전북특별자치도정보사업지원센터)",87.995,186320280
21,LCF0327,1,11870,***,"펀치,구동핀용 등 7항목 제조(궤도공구)",물품,LCF,육군군수사령부,202406101100,M2E84,동창원산업(주),,정창,0553459455,경상남도 의령군 용덕면 의합대로123-7,88.127,81362415
41,LCF0326,1,11868,***,"슬링,빔형 등 5항목 제조(궤도공구)",물품,LCF,육군군수사령부,202406101100,M2E84,동창원산업(주),,정창,0553459455,경상남도 의령군 용덕면 의합대로123-7,88.153,69674260
2,HCG0021,1,20236,***,24-그린나래호텔 리모델링 계획의 적절성 분석연구,용역,HCG,공군본부,202406101100,GF8AD,사단법인 한국국가전략연구원,KRINS,한민구,027989555,"서울특별시 용산구 한강대로62길41, 3층 (한강로1가)",,20000000
6,EKA0017,1,4321,***,"확성기,영구 자석식(차륜형지휘소용차량 2차양산)",물품,EKA,기동총괄계약팀,202406101030,DE986,성도교역,sungdo co ltd,최계영,023062353,"서울특별시 서대문구 수색로138-0, 2층(북가좌동)",88.359,143297004
16,SFG0059,1,24422,***,24-K-KAAV 시뮬레이터 HW 유지보수 용역,용역,SFG,제9181부대,202406101030,F9C1F,씨엔씨엔지니어링(주),"Cable Network Com Eng Co.,Ltd",박애자,0312211706,경기도 화성시 동탄기흥로565-0 (영천동) 409호,88.133,6536140
26,LFC0048,1,24402,***,24년 주거시설 정기안전점검 용역,용역,LFC,육군훈련소,202406101030,JB9DD,반포토건기술주식회사,,곽한규,0418552818,충청남도 공주시 반포면 공암장터길31-1,88.086,21821000
262,SDF0088,1,23911,***,절연 고성능 니퍼 등 404종 구매,물품,SDF,제5738부대,202406101030,K9E4E,성진유통,,김병석,01096406353,"경상남도 창원시 의창구 남산로20, 302동 105호",88.003,76711750
4,HCR0027,1,24441,***,제동자 커플러(24-090),물품,HCR,공군제15특수임무비행단,202406101030,LE3E0,주식회사 대림산업기술,,이필례,0314772119,경기도 군포시 엘에스로182번길28-7 (산본동) 2층,93.111,8373550
688,SFC0070,1,24875,***,도서류(100일 아침 습관의 기적 등 368종) 구매,물품,SFC,제9691부대,202406101030,ID8E0,주식회사 디딤기획,,박정선,01087424287,경기도 시흥시 대골길62-0 (대야동),90.012,6273352
4,LHG0027,2,22989,***,00관측소 창고 지붕보수 등 4개소 자재구매,물품,LHG,제1862부대,202406101030,KD85A,주식회사 건영,,이동현,0332620941,"강원특별자치도 인제군 인제읍 인제로178번길10 , 203호",99.849,23543600
66,SCP0071,1,24491,***,실리콘 등 129종 구매,물품,SCP,제8385부대,202406101030,KF594,대영,,김성재,01053780075,강원특별자치도 동해시 천곡로48 (천곡동) 302호,88.001,72439440
14,LGD0009,2,22597,***,'24년 종행교 기계설비 성능점검 용역,용역,LGD,육군종합행정학교,202406101030,C10FA,주식회사 동광,"Dae Yeol Co.,Ltd.",김완수,0432164700,충청북도 청주시 청원구 팔결로 23(주중동),88.131,39693540
18,HDQ0049,1,24841,***,20비 24-158 조류기피제,물품,HDQ,제20전투비행단,202406101030,IFC40,비엠에이치주식회사,,오명환,01056758810,"경기도 용인시 수지구 정평로89 (풍덕천동, 신정마을) 206동 1505호",88.013,22187470
523,LNQ0030,1,24505,***,24년 육성지원사업(예비군 훈련장 예초용역),용역,LNQ,제17보병사단,202406101030,AF8AD,(주)대륙전설,dailukjunsul,홍종경,0325648787,인천광역시 서구 경명대로775-0 (공촌동),88.027,28030779
203,SFD0055,1,24462,***,24년 단안형 야간투시경 구매,물품,SFD,제9227부대,202406101030,J2BB4,세이프부산,,신경자,07040421380,경상북도 포항시 북구 청하면 용두리113-2,88.006,23811852
158,SFD0054,1,24456,***,체육용품(축구공등 13품목)구매,물품,SFD,제9227부대,202406101030,M85A2,드레곤볼,,성민경,01071991889,"경상북도 포항시 남구 송림로6번길41-0, 1층 (송도동)",88.001,9447080
497,LMH0037,1,24348,***,지형측지분석용품 구매(C050),물품,LMH,제7군단,202406101030,JEE49,환경윤빈,,박성환,01062467143,"경기도 부천시 소안로20 (괴안동, 삼익세라믹아파트) 111-105",88,14611621
521,LMB0010,1,24206,***,24년 취사장 청소용역,용역,LMB,제8278부대,202406101030,FF9EA,주식회사 우리비엠씨,wooribmc,정연순,0318988021,경기도 화성시 효행로990 (진안동)112호,88,30871630
116,LQG0051,1,24481,***,00부대 앰프 등 설치 납품,물품,LQG,육군 52보병사단,202406101030,BEE4C,(주)윤씨네,"YUNCINE Co., Ltd.",이미희,03180593905,경기도 화성시 양감면 초록로532번길38-0,88.003,24505511
3,LNS0037,1,24325,***,‘24년 야간투시경 제조ㆍ납품,물품,LNS,제55보병사단,202406101030,M4627,미래테크,,안찬호,0315287660,"경기도 남양주시 순화궁로249, 5층 N514호(별내동, 별내역 파라곤스퀘어)",89.091,63006900
2,SFN0051,1,24104,***,24-Y-2 우도000 발전기 유지관리 용역,용역,SFN,연평부대,202406101030,GA699,대보기전,DAEBO POWER,박종석,0226712455,경기도 시흥시 범안로510-78 (과림동),97.765,21670000
228,MCT0034,1,24700,***,여자축구부 훈련용품(레인자켓등 23종)구매,물품,MCT,국군체육부대,202406101030,H15D0,주식회사 이음,EEUM,전병욱,0222784433,서울특별시 서대문구 포방터2길24 (홍은동),88.223,31048500
4611,MCT0033,1,24613,***,2분기 시설물 보수자재 구매,물품,MCT,국군체육부대,202406101030,L69EB,셀박스,,양찬우,01033451475,경상남도 창원시 성산구 중앙대로104 마이우스빌딩 1412호,88,17506627
104,LHZ0008,1,24335,***,통신장비(120w 전관방송용 앰프) 구매계약,물품,LHZ,제5767부대,202406101030,L6896,퓨어시스템,,김정희,01051021856,"강원특별자치도 동해시 배골길32-4 (이도동, 동해아이파크) 107동 5층 2호",88.007,3698000
18,SDQ0058,2,23351,***,판넬마감재고무 등 21종 구매,물품,SDQ,해군제2수리창,202406101030,K2314,케이피씨(KPC),,이호진,070-4738-1740,경기도 평택시 중앙2로13 (평택동) 센텀스카이빌딩 401-C03호,88.561,10199300
2,LQH0029,1,23810,***,(육성)워리어플랫폼 조준경·확대경·총기레일 제조,물품,LQH,제3697부대,202406101030,I0C66,주식회사 수옵틱스,"SU optics Co.,Ltd.",임도현,0552716070,경상남도 창원시 마산회원구 자유무역3길193-0 (양덕동),88.167,152690000
6,LGI0046,1,21733,001,'24-3차 부대계약 식자재(부식) 구매 -신남지역-,물품,LGI,제3군수지원여단,202406101030,B8DB8,씨제이프레시웨이 주식회사,CJFRESHWAY,이건일,0221496154,경기도 용인시 기흥구 기곡로32-0 (하갈동),58.316,589308
6,LGI0045,1,21294,001,'24-3차 부대계약 식자재(부식) 구매 -양구지역-,물품,LGI,제3군수지원여단,202406101030,HBCE0,(주)아워홈 동서울영업소,"OURHOME CO.,LTD.",김태원,0269669758,경기도 광주시 초월읍 산수로642-27,55.009,1012097
6,LGI0044,1,21293,001,'24-3차 부대계약 식자재(부식) 구매 -고성지역-,물품,LGI,제3군수지원여단,202406101030,B8DB8,씨제이프레시웨이 주식회사,CJFRESHWAY,이건일,0221496154,경기도 용인시 기흥구 기곡로32-0 (하갈동),54.825,820945
2,LGI0043,1,21292,001,'24-3차 부대계약 식자재(부식) 구매 -강릉지역-,물품,LGI,제3군수지원여단,202406101030,HBCE0,(주)아워홈 동서울영업소,"OURHOME CO.,LTD.",김태원,0269669758,경기도 광주시 초월읍 산수로642-27,57.601,801815
5,LGI0042,1,21291,001,'24-3차 부대계약 식자재(부식) 구매 -인제지역-,물품,LGI,제3군수지원여단,202406101030,B8DB8,씨제이프레시웨이 주식회사,CJFRESHWAY,이건일,0221496154,경기도 용인시 기흥구 기곡로32-0 (하갈동),50.953,1549154
3097,LCF0324,1,09918,***,"장치대,탄적치대 이송용 등 2항목 구매(총포공구)",물품,LCF,육군군수사령부,202406101030,KBE63,정컴퍼니,,정은경,01041194257,"서울특별시 성동구 상원길63, 101동 7층 702호(성수동1가, 쌍용아파트)",87.998,99872437
3,EBH0033,1,7100M,***,"탐색레이다 여과기(일반,제조)",물품,EBH,해상공중전력운영계약팀,202406071700,2326F,삼우시스템 주식회사,"SAMWOO SYSTEM CO.,LTD",김용식,028943673,"경기도 광명시 하안로228, 374호(하안동, 시범공단)",88.103,169165000
52,UAB0041,1,24084,***,수도권지역 기계설비 성능점검 위탁용역,용역,UAB,국군복지단,202406071700,M1FF0,주식회사 포텍에너지,,이훈희,0262997707,"서울특별시 서초구 청계산로217, 270호(신원동, 자연누리)",88.01,43056000
292,LCF0212,2,12732,***,"호스조립체, 비금속제 등 41항목 구매(기장)",물품,LCF,육군군수사령부,202406071630,M77AC,주식회사 케이에스이노텍,,나유민,0327158315,경기도 부천시 원미구 부천로198번길36-0 (춘의동) 춘의테크노파크 102동 1401호,88.132,28000000
21,MDD0086,1,21618,***,2024 국가지정입원치료병상 헤파필터 제조설치,물품,MDD,국군수도병원,202406071600,GCCF0,(주)파란필터산업,"Paranfilter Industry.Co.,Ltd.",윤영훈,0313578606,경기도 화성시 우정읍 버들로827-20,88.585,21982435
2,MHD0058,2,20879,***,2024 한-중동아프리카 방산협력 컨퍼런스 행사 진행,용역,MHD,방위사업청(운영지원과),202406071500,KFE31,주식회사 채널케이,,이윤경,07042685022,"서울특별시 송파구 송파대로201, A동 8층 A-806,807호(문정동, 송파 테라타워2)",,197000000
5,LAZ0005,1,20738,***,24-00부대 전력화 추진방안 정책연구용역,용역,LAZ,드론작전사령부,202406071400,C693D,(사)21세기군사연구소,Korea Research Institute of Military Affairs,김진욱,028423105,"서울특별시 금천구 가산디지털2로184, 10층 1017호(가산동, 벽산디지털밸리2차)",,39944000
3,LCG0031,2,18605,***,[24-육-91] 무건리 훈련장 갈등 비용분석 연구,용역,LCG,육군본부,202406071300,LFF2B,유한회사 행정과 소통연구소,,홍수정,01033225259,"서울특별시 서초구 반포대로12길33,  507호(서초동, 현대오피스텔)",91.984,13805000
7,MFD0003,1,23571,***,디지털포렌식 소프트웨어 라이선스 갱신(공개수의),물품,MFD,국방부검찰단,202406071300,DA867,주식회사 더올아이티,"THE ALL IT CO., LTD",김정순,027229948,"서울특별시 종로구 새문안로42, 506호(신문로2가, 피어선빌딩)",88.036,50419560
985,HCQ0045,1,22954,***,5비 김해기지 작전지휘시설 신축공사(콘크리트파일),물품,HCQ,공군제5공중기동비행단,202406071100,JA7E1,명진푸드,,임경희,010-7440-9923,경기도 성남시 중원구 광명로100번길13-1 (성남동)1층,82.995,207253000
39,HCL0046,1,24418,***,항-24-015 전문 인명구조 교육 시뮬레이터,물품,HCL,공군사관학교,202406071100,GD01C,주식회사 제이엠메디칼,jmmedical,김정섭,0422553001,대전광역시 대덕구 대화로160 (대화동)2동2층206호,98.304,33755000
4,MCS0074,1,24358,***,(지구병원-018) 수납형 진찰대 제조 구매,물품,MCS,국방부계룡대근무지원단,202406071100,H96AF,주식회사 브레인MRO,"Brain Co., Ltd",안종희,0415810989,충청남도 천안시 서북구 직산읍 4산단7로62,88.286,2922880
5,LIK0045,1,24140,***,24년 전기안전관리대행 용역,용역,LIK,제2군수지원여단,202406071100,K9EFC,주식회사푸른전기,,최두현,0337370730,강원특별자치도 원주시 소초면 갓바우길101-9,88.603,10861900
5,MCS0073,1,24338,***,(지구병원-017) 의약품 16차 10종 구매,물품,MCS,국방부계룡대근무지원단,202406071100,K0F3F,주식회사 한서팜,,김수현,0317053342,"경기도 성남시 분당구 매화로48번길8-1, 102호 (야탑동)",91.778,18510000
62,LPT0007,1,24476,***,`24-2차 정밀안전점검 및 내진성능평가용역,용역,LPT,제75보병사단,202406071100,J9C68,주식회사 이원구조엔지니어링,,이혜원,0312420550,"경기도 용인시 수지구 광교중앙로338, A동 8층 826호(상현동, 광교 우미뉴브)",88.028,73522200
126,LPT0006,1,24473,***,`24-2차 내진성능평가 지반조사용역,용역,LPT,제75보병사단,202406071100,EC523,주식회사 지구산업개발,"JiGu Industrial Development Co., Ltd.",정원호,0313774741,경기도 오산시 서랑로214번길24 (지곶동),88.037,23834000
326,MCS0072,1,24214,***,보일러 청관제 등 4종 구매,물품,MCS,국방부계룡대근무지원단,202406071100,K77B4,엘로이,,조희래,01051847887,"인천광역시 강화군 선원면 중앙로162-31 ,101동1901호(강화서희스 타힐스1단지아파트)",88.002,39852270
2,UHD0025,1,22424,001,[경기1지역] 취사연료(LPG) 구매,물품,UHD,공군 작사예하 방포사예하 제3여단,202406071100,BA4DD,신성가스공업(주),,우국환,031-954-2244,경기도 파주시 문산읍 통일로 1708(),91.685,111479988
1796,UMM0710,1,23508,***,24-N-모타건조로 A형 구매,물품,UMM,국군재정관리단,202406071100,K0A71,해리넷,,한현주,01035270246,"대구광역시 중구 남산로13길17,  102동 1105호 (남산동, 보성황실아파트)",87.995,154824649
422,UMM0695,1,16733,***,24-D-자담 인쇄용지 구매(241035-F),물품,UMM,국군재정관리단,202406071100,KD19D,파인트리 트랜스월드 주식회사,,최은미,07041395588,"서울특별시 종로구 삼일대로32길36, 302호(익선동, 운현신화타워)",83.03,277866000
29,UMM0705,1,09641,***,24-F-정비업무용 부스 1종 제조,물품,UMM,국군재정관리단,202406071100,G4E72,디자인 청호,deabac,서월석,0325462321,"인천광역시 부평구 부평대로337, 4층 440호 (청천동, 부평 제이타워3차 지식산업센터)",88.087,64579100
320,UAC0020,1,22592,***,수리부속 28종 구매,물품,UAC,국방출판지원단,202406071100,E6743,대전인재사,DAEJEONINJAESA,고인곤,0422228538,대전광역시 동구 선화로 212(),92.375,33215000
220,LFC0047,1,23836,***,24년 7~9월 부대조달 경쟁계약품목(부식류) 구매,물품,LFC,육군훈련소,202406071100,B88FE,(주)비락,VILAC,이항용,0515320225,부산광역시 남구 자성로152 (문현동) 한일오피스텔 12층,82.997,769525433
56,HDQ0047,1,24029,***,23-충-공-3A 무대장치(용성문화회관 개선공사),물품,HDQ,제20전투비행단,202406071100,B6845,주식회사 부력에너지,"BURYEOK  ENERGY CO., LTD.",예성해,0538178855,"경상북도 경산시 협석2길29, 나동, 다동(남천면)",88.049,226822350
7,HDQ0046,2,19628,***,24-유해환경근무자 특수건강진단 민간위탁 용역,용역,HDQ,제20전투비행단,202406071030,JAAA8,아이본병원,,김동운,0415630000,"충청남도 천안시 서북구 불당25로206, 3,4,5층 외 불당25로 208 4,5층(불당동)",88.152,100927765
26,HCF0148,2,23143,***,투명 크리어 등 24종,물품,HCF,공군군수사령부,202406071030,H9C71,한국씨엔에스,Han Kook cns,김유석,0536426900,대구광역시 달서구 한실로6길120-45 (대곡동) 1층,97.525,43989000
11,LQG0050,1,24108,***,00부대 세탁 트롤리 카트 구매 납품,물품,LQG,육군 52보병사단,202406071030,K9B78,주식회사 진원이앤아이,,고윤정,0318149055,"경기도 남양주시 별내중앙로30, 305-561호(별내동)",88.143,3119510
8,LQG0049,1,24107,***,00부대 스툴의자 등 3종 제조 납품,물품,LQG,육군 52보병사단,202406071030,F7041,사)우리들행복나눔 종합가구사업단,our happy,임흥묵,0315360555,경기도 포천시 내촌면 작은넙고개1길84-0 가호동,88.106,22966590
1671,DSS0024,1,24072,***,정보체계 운용재료 구매,물품,DSS,국군제1068부대,202406071030,IE4B2,더케이,,김세영,01055466315,경기도 부천시 원미로177번길21-0 (원미동) B1호,88,15756710
40,SCQ0058,1,24139,***,24-평 00부두 정밀안전점검 용역,용역,SCQ,제9911부대,202406071030,10042,사단법인 대한산업안전협회,korea industrial safety association,임무송,028604700,"서울특별시 구로구 공원로70-0 (구로동, 대한산업안전협회 회관)",88.013,46587000
186,HCF0150,2,23404,***,무늬강판 등 79종,물품,HCF,공군군수사령부,202406071030,M9FC3,웰빙 파트너스,,임미아,01088648648,"대구광역시 수성구 신매로51, 233동 1102호(신매동, 시지천마타운)",88.003,34599811
7,HCF0151,2,23524,***,플라스틱 성형재 등 11종,물품,HCF,공군군수사령부,202406071030,H76D5,조아텍(JOA),JOA,황인수,0536041114,"대구광역시 북구 유통단지로16, 12동 1층 8호(산격동, 유통단지산업용재관)",96.467,45908300
302,LHP0026,1,24021,***,'24-1차 병영도사관/독서카페 도서 구매,물품,LHP,제22보병사단,202406071030,JA489,주식회사 강원토탈기업,,최연호,07047723010,"강원특별자치도 원주시 오성마을길63-25, 상가동 201-248호(단구동)",90,61003500
273,SCQ0057,1,24137,***,24-평 00관 정밀점검 용역,용역,SCQ,제9911부대,202406071030,E7E33,한국시설기술단(주),K.I.H.T,성부경,0545331073,경상북도 포항시 북구 법원로112번길13 (장성동),88.004,15900000
234,LNG0041,1,24119,***,24-3차 전산운영용품 구매,물품,LNG,육군 제1군단,202406071030,K6061,에이티테크,,지응훈,01020567309,"경기도 파주시 번뛰기길23-21 (야당동, 예일아트빌) 9동 302호",88.006,16898274
3,SFD0053,1,24151,***,24-P-작업환경 측정용역,용역,SFD,제9227부대,202406071030,J943E,주식회사 경북직업환경연구소,,최영식,0548058003,경상북도 안동시 은행나무로46-29(옥동),94.331,22000000
4,HCL0045,1,24368,***,24-1학년 안보의식암양훈련 용역,용역,HCL,공군사관학교,202406071030,F8F24,주식회사 백령여행사,PI TRAVEL,최대정,032-889-6667,인천광역시 옹진군 백령면 백령로215,99.455,53725000
133,SFM0047,1,24289,***,이동식 차수막 구매,물품,SFM,제3170부대,202406071030,K1A67,모아이엔지,,허진영,01062644720,"경상북도 포항시 남구 동해면 일월로155,  1층  202호",88.006,10884350
41,LNH0009,1,24205,***,24-1차 병영세탁방 비품 구매,물품,LNH,육군제7163부대,202406071030,J4257,주식회사 오로라,,정순애,01075420347,"경기도 고양시 덕양구 능곡로13번길16-0 , 202동 2401호(토당동, 능곡2차현대홈타운)",88.069,7137860
3678,SCF0535,1,18191,***,증기압측정기 구매,물품,SCF,해군군수사령부,202406071030,L25BF,영디자인,,김영현,0325565048,"인천광역시 계양구 봉오대로686번길12-15, 201호(작전동)",87.995,30100113
600,LNQ0029,1,23760,***,24년 제초관리용역,용역,LNQ,제17보병사단,202406071030,I5AE8,주식회사 레인조경,rain-la,임재훈,0328123309,"인천광역시 연수구 센트럴로313(송도동, 20층 제비2024호,2025호 송도씨워크인테라스한라)",87.755,162521000
37,LDG0060,1,23159,***,24년 공기청정기 필터 제조,물품,LDG,육군 탄약지원사령부,202406071030,JFEF6,(주)뉴라이즌,"NEWRIZON Co.,Ltd",이승욱,01072703617,부산광역시 수영구 수영로693 (수영동) BNK수영타워 12층,88.015,84729300
109,LCM0031,2,22594,***,'24년 3분기 부대계약 영내자증식 구매,물품,LCM,육군교육사령부,202406071030,I04BA,새늘,saeneul,조희열,055-346-2018,경상남도 김해시 진영읍 진영로454번길75,88.037,87372900
52,LBA0049,1,24070,***,'24년 얼음 정수기 임차 용역,용역,LBA,제 2167부대,202406071030,M8F31,해오름컴퍼니,,김재경,025877972,경기도 용인시 수지구 동천로285 (동천동),87.84,99343630
43,HCC0048,1,24001,***,래커 등 18품목(089),물품,HCC,해군제1수리창,202406071000,M4AA7,지지유통,,김희준,01050488199,강원특별자치도 동해시 일출로10-0 (발한동) 3층 월드비즈타운 314호,88.015,14688159
42,HCC0049,1,24056,***,앵글 등 16품목 (090),물품,HCC,해군제1수리창,202406071000,IB07C,에이스통상,ace,유승현,070-8851-3657,강원특별자치도 동해시 발한로267 (발한동) 104호,88.018,6327700
44,HCC0051,1,24129,***,호스 등 32품목 (092),물품,HCC,해군제1수리창,202406071000,K94D6,주식회사 엠케이,,차정수,01050840017,강원특별자치도 동해시 발한로31-7 (부곡동),88.012,24490260
44,HCC0050,1,24126,***,접착제 등 13품목 (091),물품,HCC,해군제1수리창,202406071000,IB07C,에이스통상,ace,유승현,070-8851-3657,강원특별자치도 동해시 발한로267 (발한동) 104호,88.038,11092600
936,MDD0083,1,20620,***,'24년 의무장비(환자체온조절기 자동식(물타입)) 구매,물품,MDD,국군수도병원,202406051700,HF129,주식회사 성우팜,sungwoopharm,박정희,01056715993,서울특별시 영등포구 여의대로24 지하 114-2호(여의도동),87.997,32700520
1394,MDD0084,1,23089,***,2024 의무장비(심장세동제거기) 구매,물품,MDD,국군수도병원,202406051700,G41DD,승재유통,SEUNGJAE DISTRIBUTION,하경남,01044251587,경상북도 구미시 진평길77 골든하이츠 102호 (진평동),87.995,23309930
554,MDD0081,1,21622,***,2024년 국군수도병원 외상센터 수술기구 구매,물품,MDD,국군수도병원,202406051700,K0888,해냄코리아,,장경희,01063353560,"경기도 의정부시 회룡로254, 701동 1702 (장암동, 장암주공7단지)",88.007,25473010
122,LKG0060,1,23963,***,'24년 제초용역(부산지역),용역,LKG,육군제53보병사단,202406051600,EC380,청호조경주식회사,cheongho landscape,박재홍,0518930932,"부산광역시 강서구 유통단지1로50-0 (대저2동), 221동215호",88.042,83290380
67,LKG0062,1,23966,***,'24년 제초용역(울산지역),용역,LKG,육군제53보병사단,202406051600,K7144,복광조경 주식회사,,이병희,07040241553,"울산광역시 중구 함월5길30 (성안동), 2층 복광조경 주식회사",88.005,17244593
4,EBB0231,1,3011,***,"간, 조준용",물품,EBB,지상공통전력운영계약팀,202406051500,2157F,평화정밀,PYEONG HWA PRECISION Co.,조현배,051-941-8491,부산광역시 강서구 미음산단3로120-0 (미음동),84.267,244885000
25,EBBE033,1,4903,***,"연장기,경고등용",물품,EBB,지상공통전력운영계약팀,202406051500,H8D43,그린스틸,GRSTEEL,김상진,0553877877,경상남도 양산시 학동길60-0 (어곡동),88.045,45082000
2,EBB0232,1,3091,***,24년 K계열 소화기 부품류,물품,EBB,지상공통전력운영계약팀,202406051430,1203F,에스앤티모티브주식회사,"SNT Motiv Co.,Ltd",권형순,0515092033,부산광역시 기장군 철마면 여락송정로 363(),85.222,10857990000
7,LBA0043,1,22509,***,‘24년 7~9월 식자재 다수품목 단가계약,물품,LBA,제 2167부대,202406051230,LDC14,농업회사법인주식회사대화농산,,최태은,0312168952,경기도 수원시 영통구 법조로25-0 (하동) SK VIEW LAKE A동 3716호,64.776,6660330212
12,LCP0047,1,23754,***,00부대 통합막사 보일러 설치납품,물품,LCP,육군항공사령부,202406051130,D84D3,주식회사 동광보일러,"DONGKWANG BOILER CO., LTD.",박정연,0262588989,충청남도 아산시 수장로67-0 (배미동),97.832,22348410
24,EBB0230,1,1620,***,끈류,물품,EBB,지상공통전력운영계약팀,202406051100,J80BB,주식회사 신창엠텍,,김홍규,0535826961,대구광역시 달서구 성서공단북로4길8-0 (파호동),88.05,168984500
37,LKG0059,1,23936,***,24년 7~8월 영내자증식(프로틴바 등 3종)구매,물품,LKG,육군제53보병사단,202406051100,M5CCA,나성푸드,,임찬범,051-974-0942,부산광역시 강서구 공항로383번길40-0 (대저2동),88.034,31135000
2,LKG0061,1,23967,***,장산마을아파트 간부숙소 싱크대 설치납품,물품,LKG,육군제53보병사단,202406051100,E47F9,(주)포이닉스부산,"POINIX BUSAN CO,LTD",구춘남,0516111311,부산광역시 남구 신선로 340(),88.107,83989000
33,LFH0011,1,23895,***,2분기 교육예산(교육 및 실습재료비)구매,물품,LFH,육군부사관학교,202406051100,H6C5B,한일테크,haniltech,김동신,07047386384,전북특별자치도 익산시 약촌로8길62-11 (어양동) 2층,88.02,57026505
214,LHQ0030,1,23816,***,24-4차 전산운영용품 구매,물품,LHQ,제2작전사령부,202406051100,L26C6,그린 앤 블루,,손수래,010-6226-0997,"대구광역시 서구 와룡로99길17, 12동 2층 1호(이현동)",88.02,37431000
6,LFK0042,1,23798,***,24-3기 NCS 급양관리관 조리재료 구매,물품,LFK,육군종합군수학교,202406051100,DFA97,다해푸드,dahae.food,김기숙,0425876667,대전광역시 유성구 반석서로19번길35-0 (지족동),88.089,4649095
24,LHM0058,2,23707,***,인-대 재해예방 기술지도(통합 8건),용역,LHM,제15보병사단,202406051100,J27E7,탑스안전컨설턴트,,이우찬,0318115000,"경기도 고양시 덕양구 권율대로656, 9층 914호(원흥동, 클래시아 더 퍼스트)",88.007,19748500
2,LHM0061,1,23706,***,"24년 GP, GOP 노후케이블 교체공사 감리용역",용역,LHM,제15보병사단,202406051100,I8A53,주식회사 오성이엔씨,osung-enc,김남수,0332610204,강원특별자치도 춘천시 동내면 학곡서길10,88.162,3593696
19,EBBE032,1,6101C,***,플러그류,물품,EBB,지상공통전력운영계약팀,202406051100,L8DB1,케이인더스,,구민석,0632617131,전북특별자치도 완주군 봉동읍 둔산1로18-15,88.363,46925600
36,LHM0060,1,23705,***,24년 안전물자세트 구매,물품,LHM,제15보병사단,202406051100,IC9AE,중앙산업(일렉트로닉),,한기춘,01040598987,강원특별자치도 철원군 동송읍 금학로205-0,88.005,30520800
470,UMM0721,1,23872,***,24-N-UPS 노후 배터리 교체,물품,UMM,국군재정관리단,202406051100,BF050,거성기업주식회사,soseng,고금란,0613812377,전북특별자치도 순창군 순창읍 장류로245-0 3층,88.007,50361650
32,UMM0717,1,23755,***,24-F-신형 저장랙 제조,물품,UMM,국군재정관리단,202406051100,B30CC,주식회사 디에스나이키,"DS NAIKI CO.,LTD",김준홍,027342125,"서울특별시 구로구 구로중앙로134, 4층(구로동, 리치몰)",84.235,259175400
488,UMM0702,1,21428,***,24-F-수평 밀링머신 1종 구매,물품,UMM,국군재정관리단,202406051100,M77A6,와이에스,,김수선나,07076182002,"대전광역시 서구 가장로52, 5층 74호(괴정동, 천연빌딩)",88.002,204703833
1162,UMM0716,1,19988,***,(24F172-I) 5군단 제초용역 (2공구),용역,UMM,국군재정관리단,202406051100,H8BB4,주식회사태우조경,Tawoo,황연숙,0332567717,"강원특별자치도 춘천시 소양강로10, 비엔아이 지식산업센터 523호(후평동)",87.995,57833000
1166,UMM0715,1,19980,***,(24F171-I) 5군단 제초용역 (1공구),용역,UMM,국군재정관리단,202406051100,D676D,우진조경(주),WOOJIN,전경애,0319125511,경기도 고양시 일산동구 일산로372번길58-17 (정발산동),87.995,72540550
1652,UMM0723,1,19915,***,(246219-F)체력단련장 운영용 전동카트 구매,물품,UMM,국군재정관리단,202406051100,J2117,yes중앙스포츠,,임현길,01089651676,"경상북도 구미시 형곡로41길17, 4층 3호 (형곡동, 국제전원맨션2차)",87.996,69931750
881,UMM0714,1,19912,***,(24F149-I) 24년 제초용역,용역,UMM,국군재정관리단,202406051100,L277E,와이제이그린(주),,김다은,0312872288,경기도 용인시 기흥구 공세로180-0 (공세동),87.998,239860600
251,UMM0701,1,19641,***,(247154-B) 24년 의무장비(체외충격파치료기) 구매,물품,UMM,국군재정관리단,202406051100,E8E46,동진상사,dong jin sang sa,윤영현,07070792933,"경기도 평택시 평택5로34번길48, 402호(합정동)",99.679,60793000
846,UMM0698,1,19638,***,(247135-B) 장비운영소모품(방사선) 18종 구매,물품,UMM,국군재정관리단,202406051100,IE3D1,주식회사 제이에프,,진주,01090320950,"충청북도 청주시 청원구 율봉로159번길73-1, 301호(율량동, 스톰비오피스센터)",83.007,305243194
825,UMM0696,1,19637,***,(247125-B) 장비운영소모품(병리1) 128종 구매,물품,UMM,국군재정관리단,202406051100,M84B9,다인,,김태영,01071335713,"경상북도 포항시 북구 중흥로265, 108호 성원메디컬빌딩 108호 B22(죽도동)",87.995,153356460
117,UMM0703,1,19554,***,24-N-0함대 얼음정수기 임차용역(85대),용역,UMM,국군재정관리단,202406051100,H03C2,홍주리더스 주식회사,hongjuleaders,김영용,15448754,인천광역시 서구 염곡로14번길10-0 (가좌동),85.741,239419700
43,UMM0697,1,18420,***,24-M-오수처리시설 위탁관리 용역,용역,UMM,국군재정관리단,202406051100,D40FE,청해ENV주식회사,CHUNGHAE ENVIRONMENT COMPANY,이병관,0319463695,"경기도 파주시 가나무로143, 3층 (금릉동, 파주메트로프라자1)",85.53,234546318
656,UMM0687,1,16482,***,24-D-인쇄용편집기 구매,물품,UMM,국군재정관리단,202406051100,H4292,오리,ori,김은수,01031740848,경기도 의정부시 녹양로18번길 19-11,83,266273130
194,UMM0712,1,15513,***,24-N-OO사 예초용역,용역,UMM,국군재정관리단,202406051100,BFF0A,주식회사 솔누리,,황수태,0548724622,경상북도 청송군 청송읍 군청로1-0,88.004,106559990
74,LKP0103,1,23841,***,24년 정비피복(하계정비복 등 4종) 제조 납품,물품,LKP,5군수지원사령부,202406051100,M5810,태광산업,,황승옥,0315349540,경기도 포천시 신북면 장자경제로144-8,88.256,87220910
3367,LKP0102,1,23179,***,24년 전반기 국기검 자동차정비 실기교육 물품구매,물품,LKP,5군수지원사령부,202406051100,G8536,주식회사 원포인트 듀오,onepointduo,이인환,024477117,"서울특별시 강북구 덕릉로40길74, 701호(번동, 강북전자공단)",87.995,27164800
6,LKF0040,1,22062,***,24년 00부대 신교대대 민간위탁 급식 2차 시범사업,용역,LKF,제6755부대,202406051100,C6195,주식회사 풀무원푸드앤컬처,"Pulmuone Food & Culture Co.,Ltd",이동훈,0234007790,서울특별시 송파구 송파대로34길29(송파동),,13140000000
3,EBH0031,1,4810,***,"센서시스템(일반,제조)",물품,EBH,해상공중전력운영계약팀,202406051100,GF9AF,블랙썬 주식회사,BlackSun,이희부,01054300204,"서울특별시 영등포구 양평로157, 1608호 (양평동5가, 투웨니퍼스트밸리)",85.867,624364000
2,EBB0233,1,7322F,***,탄약 지환통류,물품,EBB,지상공통전력운영계약팀,202406051030,D3C15,(주)오성지관,"O SUNG PAPER TUBE MFG.CO.,LTD",오형수,0318587092,경기도 양주시 칠봉산로337번길11 (봉양동),85.967,70867180
271,LGT0056,1,24073,***,'24년 예비군훈련장 공기청정기 필터 구매(24-GP-36),물품,LGT,제2307부대,202406051030,LDE9B,구딩웍스,,이경희,01046312945,"강원특별자치도 원주시 혁신로224, 606동 603호 (반곡동, 엘에이치센트럴파크)",88.003,9805420
132,LHK0041,1,23456,***,24년 군단 직할부대 더 좋은 병영식당 취사기구 구매,물품,LHK,제2군단,202406051030,LF21C,주식회사 케이에스,,안향숙,0339100106,강원특별자치도 춘천시 만천로215번길6 (후평동),88.003,48507630
39,LMR0035,1,23968,***,철원권역 군 관사 월패드 교체 (24-69차),물품,LMR,제5군단사령부,202406051030,LA13F,서브넷,,김종섭,01067162004,강원특별자치도 춘천시 부평길7-0 (후평동) 3동-1302호,88.057,15047240
36,HDT0020,1,23906,***,'24~'30년 얼음정수기 임차계약,용역,HDT,공군작사근무지원단,202406051030,K1CA7,그린워터,,최안나,03216447534,경기도 용인시 수지구 동천로285 (동천동),88.016,92242000
9,LHN0046,1,23902,***,"24-신영-03 00병영생활관 신축 재해예방(전기,통신)",용역,LHN,제7보병사단,202406051030,M9C72,대한전기통신안전주식회사,,김양두,0322181004,"인천광역시 남동구 하촌로32-0 (만수동), 제6층 제601호(만수동, 에스엠빌딩)",89.66,15676200
50,LGP0105,1,23899,***,"24년 내진성능평가 검증용역(1, 2공구)",용역,LGP,제1군수지원사령부,202406051030,IAA5C,주식회사 이안구조엔지니어링,Iangujo Engineering,장종길,0314291851,"경기도 안양시 동안구 시민대로398, 619호 620호(평촌동, 인덕원역 더리브 디하우트)",88.016,59909680
5,SDF0086,1,23898,***,비행정보기기(FIB) 단말기 구매,물품,SDF,제5738부대,202406051030,L5279,주식회사 제이디폼,,홍종국,07088077220,"서울특별시 강서구 국회대로209, 2층,3층(화곡동, 하오랜드빌딩)",98.247,9099996
19,LHN0045,1,23893,***,"24-신영-03 00병영생활관 신축 재해예방(건설,기계)",용역,LHN,제7보병사단,202406051030,L7D16,삼지종합안전주식회사,,최재식,0315636555,"경기도 구리시 동구릉로26-1 , 3층(인창동)",88.005,26049760
13,LGT0054,1,23771,***,'24년 전반기 소방시설 종합점검 용역(24-GS-22),용역,LGT,제2307부대,202406051030,JCB80,주식회사 에프엔방재기술,,장미라,0335330300,"강원특별자치도 원주시 복거리길60-23, 2층 (무실동)",88.02,24587897
3,SCQ0056,1,23937,***,24-평 000호정 외주정비 용역,용역,SCQ,제9911부대,202406051030,G638A,주식회사 일성이엔지,"ILSEONG ENG CO.,LTD.",오세만,0514127038,부산광역시 영도구 대교로2번길22-6 (봉래동3가) 2층,89.361,32489100
142,SCQ0055,1,23929,***,24-평 저수조 청소 용역(도서 포함),용역,SCQ,제9911부대,202406051030,LCE4C,다온크린환경,,김인영,031-276-2282,경기도 용인시 기흥구 동백중앙로16번길16-33 (중동),88.02,59974240
229,LHG0030,1,23931,***,‘24년 병영도서관 도서 구매,물품,LHG,제1862부대,202406051030,L6D53,해치상사,,최하림,01071794392,강원특별자치도 고성군 거진읍 거진운동장길62-2,90.003,39642890
1726,SCQ0054,1,23916,***,토너 등 199종 구매5,물품,SCQ,제9911부대,202406051030,LDBD2,퓨어코스컴퍼니,,권효경,01098113095,"인천광역시 남동구 남동서로236번길30 (논현동), 222-H105호",88.036,65287280
384,LGT0055,1,21820,***,정보화예산(프린터용품) 구매 계약의뢰 건의,물품,LGT,제2307부대,202406051030,L2E7C,제이에이비지니스,,이정수,01066104052,"강원특별자치도 동해시 해맞이길215-0 (묵호진동, 묵호주공아파트)101-704",88.011,16779655
61,SCK0070,1,23812,***,그립장갑 등 81종 구매,물품,SCK,해군교육사령부,202406051030,IC21A,주식회사 더원시스템,,정혜선,07082743717,"경상남도 창원시 의창구 북면 감계로342, 216동 1902호(창원감계아내에코프리미엄2차)",88.01,2952100
54,LMQ0007,1,23806,***,24-A34) 24년 초도보급 정비피복 구매,물품,LMQ,제7297부대,202406051030,L6BFB,주식회사 마크온탑,,신승자,07076039643,서울특별시 영등포구 여의대방로43나길10-1 (신길동)  1층,88.056,21539280
31,LKQ0012,1,23804,***,기초비행훈련센터 비품 구매,물품,LKQ,육군항공학교,202406051030,M07C7,대운상회,,윤지아,010-8558-9060,"충청남도 계룡시 장안1길9-0, 107동 10층 4호 (금암동, 신성1차미소지움아파트)",88.126,12740000
18,HDM0037,1,23785,***,24-주거지역 정기안전점검용역,용역,HDM,공군제17전투비행단,202406051030,H4AC5,주식회사 수이엔씨,,한양수,07046165531,"충청북도 청주시 상당구 동남로43-0, 406호 (방서동, 카카오빌딩)",88.105,21030450
4,LCG0044,1,23945,***,[24-육-119] 사무기재 임차용역(사격지휘체계),용역,LCG,육군본부,202406051030,I9018,주식회사 알마켓,wallmedia,조승아,0220122142,경기도 고양시 덕양구 서정로74-0 (도내동)2층,88.111,6759390
762,LQG0048,1,23811,***,(육성) 00부대 이동형 냉방기 구매 납품,물품,LQG,육군 52보병사단,202406051030,GEEAF,이스트트레이딩,EAST TRADING,이은혜,07077505818,"서울특별시 강서구 마곡중앙6로45, A동 6층 602-B10호(마곡동, 리더스퀘어마곡)",88.002,17314776
5623,LKP0104,1,23842,***,24년 안전물자(안전화 등 4종) 구매,물품,LKP,5군수지원사령부,202406051030,L0E3E,주식회사 보리똥,,성은혜,01044590591,"대전광역시 유성구 지족로190번길39 (지족동, 노은에코힐) 701동 601호",88,38158901
2,LPG0015,1,23801,***,24년 전기안전관리자 대행 전기 업체 재계약(철원),용역,LPG,제5보병사단,202406051030,L6514,(주)맥전력,,박창수,0332697071,"강원특별자치도 춘천시 지석로80-0 (퇴계동), 4층",88.35,4897470
61,MDS0008,1,23573,***,24년 제설기 구매,물품,MDS,제3707부대,202406051030,L3870,주식회사 그린아이앤티,,곽영미,01088631757,"경기도 파주시 경의로1218, 406-88호(와동동, 월드타워12차)",88.009,18175110
969,SCI0061,1,19614,***,리드선 조립체 1종 구매,물품,SCI,제9121부대,202406051030,H3CAC,대성하이테크,DShigh-tech,엄영순,01038672678,울산광역시 울주군 서생면 명산리104-2 대성하이테크,87.995,209081400
5392,SCF0529,2,18749,***,친환경 금속 녹 세정제 3종 구매,물품,SCF,해군군수사령부,202406051030,J18CA,(주)우리피플즈,,조영훈,0632250653,"전북특별자치도 전주시 완산구 효자로161, 웨스트빌 207호",87.996,28044580
9,EBH0036,1,5810M,***,24년 저고도탐지레이더 수리부속(구매),물품,EBH,해상공중전력운영계약팀,202406051030,IF39E,주식회사 나우이노,,황재희,0544340901,경상북도 김천시 해오름1로1길6-10 (율곡동),89.435,82988073
2,EBB0226,1,7530,***,파이프류(제조),물품,EBB,지상공통전력운영계약팀,202406041400,GEC70,대주정공 주식회사,daejoojk,백이용,0553398005,경상남도 김해시 주촌면 서부로1499번길49-50,87.996,48940100
12,EBH0030,1,4797,***,덮개 조립체 등 해성 수리부속류(구매),물품,EBH,해상공중전력운영계약팀,202406041400,G492D,조은테크,joeuntech,양호득,0519713266,부산광역시 강서구 평강로171번길259-0 (대저1동),88.835,127948000
31,LKG0057,2,22404,***,동삼 TOD 계단 설치납품,물품,LKG,육군제53보병사단,202406041330,F4942,주식회사 호산이엔지,ss,정성문,0517611502,"부산광역시 연제구 연안로13번길77, 2층(연산동)",88.061,17671000
15,LDH0549,1,21307,***,K1전차 리테이너 등 17종 구매,물품,LDH,육군종합정비창,202406041300,G989D,금성특수산업,GoldStar Special Lnd,김진봉,051-313-8822,부산광역시 사상구 광장로34 금성특수산업,88.217,26633930
3,LDH0560,1,21324,***,K77지휘차 반사경 구매,물품,LDH,육군종합정비창,202406041300,K8A1E,명성RT,,박경숙,010-5294-8061,인천광역시 동구 방축로83번길23 (송림동.인천산업용품유통단지)30동208호,88.492,2363000
13,LDH0557,1,21316,***,K1전차 와셔 등 46종 구매,물품,LDH,육군종합정비창,202406041300,LB760,에스케이(SK)산업,,박수경,07043008540,경상남도 창원시 성산구 원이대로774 (상남동) 512-304,88.051,29180800
19,LDH0553,1,21312,***,K1전차 베어링 등 12종 구매,물품,LDH,육군종합정비창,202406041300,L4D65,주안산업,,강선자,010-7788-0337,"경상남도 창원시 의창구 반계로104-9 (팔용동, 팔용벽산블루밍A단지)206-505",88.062,61143200
23,LDH0552,1,21311,***,K1전차 베어링 등 3종 구매,물품,LDH,육군종합정비창,202406041300,JA89E,삼강운수,,정광필,055-311-7447,부산광역시 중구 충장대로9번길20 (중앙동4가) 701호,88.583,80223600
18,LDH0551,1,21310,***,K1전차 리테이너및롤러 등 2종 구매,물품,LDH,육군종합정비창,202406041300,LB78C,에스디(SD)기계산업,,최승달,070-4902-9525,"경상남도 창원시 의창구 팔용로346번길22, 1동 1층 3호(팔용동, 에스엔에스테크)",88.316,76225500
6,EBH0026,1,7782E,***,"전지, 축전식(BB-701K)",물품,EBH,해상공중전력운영계약팀,202406041130,J31BB,주식회사 큐브뷰,,김태성,027852777,서울특별시 금천구 가산디지털1로225 (가산동)1416호,88.101,149599000
40,LCP0045,1,23577,***,'24년 개발제한구역 관리계획(변경) 수립 용역,용역,LCP,육군항공사령부,202406041130,LAA6F,주식회사 가람컨설턴트,,이기복,03180803406,"경기도 포천시 원앙로46, 2층 1호(신읍동)",88.001,37250000
2,LCF0315,1,12837,***,"브래킷트 조립체,팬용 등 21항목 제조(궤도,제조-013)",물품,LCF,육군군수사령부,202406041130,M2E84,동창원산업(주),,정창,0553459455,경상남도 의령군 용덕면 의합대로123-7,88.17,18762120
30,EBB0228,2,8220E,***,장갑차 현수장치 부품(구매),물품,EBB,지상공통전력운영계약팀,202406041100,3715F,디씨에이치(주),"Daichang Marine Tech CO., LTD",김효성,0518326078,부산광역시 사상구 모덕로27번길 126(),83.781,381000000
19,LGM0022,1,23497,***,(24-용역-24) 24년 취사장 청소용역,용역,LGM,제11기동사단,202406041100,D2776,주식회사 건국환경,"konkuk Environment Co.,LTD.",이명근,0317728835,경기도 양평군 강상면 강남로728-1,88.013,37037300
3,EBHE007,1,7400,***,"풍향풍속계(일반,제조)",물품,EBH,해상공중전력운영계약팀,202406041100,2770F,(주)티에스택,"T.S Tech Co., Ltd.",최건영,0317325388,"경기도 성남시 중원구 둔촌대로 474, 선텍시티 209호(상대원동)",88.698,75960000
7,EBHE010,1,1070Z,***,24년 발칸 일반부품(제조),물품,EBH,해상공중전력운영계약팀,202406041100,J2A73,주식회사 케이디에스,,김용해,0544761412,경상북도 구미시 1공단로10길73-4 (공단동),88.644,28264240
30,EBB0228,1,8220E,***,장갑차 현수장치 부품(구매),물품,EBB,지상공통전력운영계약팀,202406041100,3715F,디씨에이치(주),"Daichang Marine Tech CO., LTD",김효성,0518326078,부산광역시 사상구 모덕로27번길 126(),83.781,381000000
903,UMM0690,1,22838,***,(246092-D)치과재료 151품목 구매,물품,UMM,국군재정관리단,202406041100,K4C4F,이엠이컴퍼니,,성원민,01023624072,서울특별시 금천구 가산디지털1로171 (가산동) 3층 306-19,83.002,343158198
766,UMM0684,1,22798,***,24-F-차량 견인식 FO제거 스위퍼 구매,물품,UMM,국군재정관리단,202406041100,EA053,(주)미래엠앤에스,MIRAE M&S,박지호,0234181012,"경기도 과천시 별양상가1로18,비-1호 (별양동) 과천오피스텔 5층",83.016,314859530
394,UMM0682,1,22764,***,(246024-G) 24년 대형전시체계 교체사업(리스자산),물품,UMM,국군재정관리단,202406041100,C61BA,엠에스원디지털 주식회사,"MSONE DIGITAL Co.,Ltd",하동순,0269338988,"서울특별시 영등포구 양평로149-0, 1106호 (양평동5가)",82.996,726953173
791,UMM0689,1,21159,***,(247126-C) 장비운영소모품(병리2) 59종 구매,물품,UMM,국군재정관리단,202406041100,DAF18,그리마,GREEMA,이양숙,0327721945,인천광역시 동구 화도로29-0 (화수동)2층,83.002,241348000
923,UMM0686,1,21156,***,(247127-D)장비운영소모품(병리3) 59종 구매,물품,UMM,국군재정관리단,202406041100,G8536,주식회사 원포인트 듀오,onepointduo,이인환,024477117,"서울특별시 강북구 덕릉로40길74, 701호(번동, 강북전자공단)",83.004,206419840
944,UMM0671,1,21148,***,(247131-C) 장비운영소모품(병리7) 39종 구매,물품,UMM,국군재정관리단,202406041100,L68AF,삼일앨엔에스,,손용익,01024502789,"경기도 안양시 동안구 관악대로249번길11, 2층 201호 (비산동)",83.003,207763654
4390,UMM0708,1,20923,***,(247231-E) 이동형앰프시스템 교체 사업,물품,UMM,국군재정관리단,202406041100,I92FF,탑플러스 유통,top plus you tong,김춘미,01051000239,"경기도 의정부시 녹양로18번길19-11 , 1층1호(가능동)",87.995,102269025
666,UMM0709,1,19599,***,(24F145-I) 24년 취사장 청소용역,용역,UMM,국군재정관리단,202406041100,CD687,에이원산업 주식회사,A-one,정용조,0625270683,광주광역시 북구 하남대로807번길9-5 (운암동),88.036,66091330
495,UMM0676,1,19538,***,24-D-소형굴삭기 구매,물품,UMM,국군재정관리단,202406041100,A4FD3,(주)오성인피니티,"OSUNG INFINITY CO., Ltd",김희숙,0220571122,"서울특별시 강남구 남부순환로365길 5, 중명 213(도곡동)",98.103,71418050
3980,UMM0685,1,18970,***,24-D-전자레인지 구매,물품,UMM,국군재정관리단,202406041100,I95E7,리치코리아,onetop distribution,박도연,01093951878,경기도 의정부시 신촌로22 (가능동) 상가동106호,87.995,72461764
3597,UMM0711,1,18673,***,(247211-F)전산운영용품 구매,물품,UMM,국군재정관리단,202406041100,JE729,정현이엔에스,,이시현,01035849070,강원특별자치도 삼척시 근덕면 덕산1길59-12,87.995,90882400
5059,UMM0688,1,15530,***,24-N-섬유유연제 등 2품목 구매,물품,UMM,국군재정관리단,202406041100,ICAF9,은혜상사,,김병완,0542444170,경상북도 포항시 남구 효성로88.302동402호(효자웰빙타운에스케이뷰3차),87.995,50178155
163,LMU0027,1,21749,001,(24-급-029) '24-2차 부대계약 식자재(가공품류) 계약,물품,LMU,제7군수지원단,202406041100,F8F2B,매쉬미디어(주),"Mash Media Co., Ltd",김문선,07088316061,서울특별시 마포구 양화로183-0 (동교동) 효성홍익인간오피스텔 14층 1412호,83.029,1330435.03
164,LMU0026,1,21748,001,(24-급-028) '24-2차 부대계약 식자재(가공품류) 계약,물품,LMU,제7군수지원단,202406041100,BC9A3,주식회사 동원홈푸드,DONGWON,정문목,01025015141,"서울특별시 서초구 마방로68(양재동, 동원산업빌딩)",83.055,1645329.21
166,LMU0025,1,21746,001,(24-급-027) '24-2차 부대계약 식자재(가공품류) 계약,물품,LMU,제7군수지원단,202406041100,J9DF3,주식회사 대평,,김동주,0317097755,"경기도 성남시 분당구 황새울로311번길14, 604호(서현동, 리더스빌딩)",83.275,1692560
14,LIK0044,2,22981,001,24년 LPG(액화석유가스) 구매,물품,LIK,제2군수지원여단,202406041100,GBEDD,춘천LPG충전소,CHUN CHEON  LPG STATION,최정훈,0332525808,강원특별자치도 춘천시 경춘로2307-0,82.998,1397
175,LGP0100,1,21224,001,24-3차 식자재 다수품목 단가계약(경기 남부),물품,LGP,제1군수지원사령부,202406041100,EF8B0,(주)캐파맥스,Capamax inc.,이동국,0262033011,경기도 하남시 초이로92번길 70-27(),83.016,1767129
165,LGP0101,1,21205,001,24-3차 식자재 다수품목 단가계약(경기 서부),물품,LGP,제1군수지원사령부,202406041100,K47C6,농업회사법인 다올주식회사,,이규호,0547772801,경상북도 경주시 현곡면 나원계탑길46,82.997,1750283
167,LGP0102,1,21202,001,24-3차 후식류 다수품목 단가계약,물품,LGP,제1군수지원사령부,202406041100,GF69C,주식회사 코주부비앤에프 (B&F),"KOJOOBU B&F Co.,Ltd.",이춘복,07041853310,경기도 하남시 감이남로74-24 (감이동),82.997,43682.72
4,LCF0260,2,12744,***,"뚜껑, 공기 여과기 등 9항목 제조(기장)",물품,LCF,육군군수사령부,202406041100,LDFE4,제이에이치텍,,강종현,0513238011,부산광역시 사상구 가야대로196번길63,90.771,101688000
816,LCF0313,1,11867,***,보관용상자 등 10항목 구매(궤도공구),물품,LCF,육군군수사령부,202406041100,BCAAC,신영에이텍,SHIN YOUNG A-TECH,이상기,0552510253,경상남도 창원시 마산회원구 봉암공단2길22-5 (봉암동),92.278,143236900
579,LCF0312,1,11866,***,호스조립체 등 2항목 구매(궤도공구),물품,LCF,육군군수사령부,202406041100,J6660,주식회사 엠제이엠,,김무진,0535628476,대구광역시 서구 새방로29길6-17 (상리동),98.618,97016700
1656,LCF0311,1,11865,***,굴절계 등 6항목 구매(궤도공구),물품,LCF,육군군수사령부,202406041100,EAEE0,그린코리아주식회사,GREENKOREA,유용섭,03180035679,경기도 화성시 배양길53-6 (배양동),82.997,214688411
783,LCF0310,1,11864,***,"이동대,수공구용 등 3항목 구매(궤도공구)",물품,LCF,육군군수사령부,202406041100,L87ED,케이에스엠,,권영석,07047722900,"경기도 남양주시 다산순환로166, 7층 701호 (다산동, 다산신화타워)",87.996,138084800
992,LCF0309,1,11859,***,임펙 렌치 등 6항목 구매(궤도공구),물품,LCF,육군군수사령부,202406041100,F2721,하늘상사,Sky Corp.,이준우,01034590502,제주특별자치도 제주시 남광로181 (일도이동) 306-404,88,181642070
2019,LCF0308,1,11857,***,이동식 공구함 세트 등 3항목 구매(궤도공구),물품,LCF,육군군수사령부,202406041100,C18F6,주식회사 혜경,"hyekyung Co.,Ltd.",김명선,0539612921,"대구광역시 동구 동촌로56길34-0, 2층 (방촌동)",82.995,307509770
1155,LCF0307,1,11856,***,"렌치,토크용 등 39항목 구매(궤도공구)",물품,LCF,육군군수사령부,202406041100,I5573,아이케이엠상사,IKM trading,김경옥,01023213199,경기도 광주시 오포읍 청석로74-0 (광주역우방아이유쉘2단지) 204동 804호,82.998,327382090
5295,LCF0306,1,11837,***,에어드럼용 오일펌프 등 2항목 구매(궤도공구),물품,LCF,육군군수사령부,202406041100,K7BCE,더큰기프트,,이선상,07047096564,"강원특별자치도 원주시 흥양로102번길20, 101동 205-5호(태장동, 삼정백조아파트)",87.995,87062100
576,LCF0300,1,10533,***,"드릴,비틀림식 등 27항목 구매(기일공구)",물품,LCF,육군군수사령부,202406041100,L011D,포플(4pple),,백종미,07046473997,"인천광역시 부평구 동암남로7번길24, 101호(십정동)",87.996,135318390
4371,LCF0299,1,10532,***,플러그 렌치 등 47항목 구매(기일공구),물품,LCF,육군군수사령부,202406041100,LA475,희망테크,,이숙자,0542476842,"경상북도 포항시 북구 우창동로113, 102동 1403호(우현동, 우현지구 도나우타운 아파트)",87.995,173412232
858,LCF0298,1,10531,***,"주입기,액체용,직접공급식 등 11항목 구매(기일공구)",물품,LCF,육군군수사령부,202406041100,DAF18,그리마,GREEMA,이양숙,0327721945,인천광역시 동구 화도로29-0 (화수동)2층,83.027,203595920
1604,LCF0297,1,10528,***,"연장기,소켓 렌치용 등 26항목 구매(기일공구)",물품,LCF,육군군수사령부,202406041100,F139A,산동금속공업주식회사,"SANDONG METAL INDUSTRY CO.,LTD",배선봉,0544728311,경상북도 구미시 산동면 동백로 360(),82.996,213096464
5207,LCF0296,1,10525,***,"소켓,소켓 렌치용 등 91항목 구매(기일공구)",물품,LCF,육군군수사령부,202406041100,M85C8,한일기획,,홍성희,07088040077,"경상북도 경주시 황성로69번길10, 301동 20층 02호(황성동, 청우아파트)",87.995,159306647
523,LCF0295,1,10523,***,"렌치,파이프용 등 25항목 구매(기일공구)",물품,LCF,육군군수사령부,202406041100,J7641,케이엠글로벌,,박미영,0415770063,"충청남도 천안시 서북구 검은들3길46, 8층 803-2(8020)호(불당동, 미래시티빌딩)",87.997,173608940
1686,LCF0294,1,10522,***,"렌치,오픈엔드형 등 63항목 구매(기일공구)",물품,LCF,육군군수사령부,202406041100,KC8FB,버닝,,김희영,01040034537,"전라남도 목포시 하당로40, 1층(상동)",82.995,231692937
599,LCF0293,1,10520,***,"가위,금속절단용,수동식 등 24항목 구매(기일공구)",물품,LCF,육군군수사령부,202406041100,M85CC,동명유통,,이경주,01075102717,"강원특별자치도 원주시 무실로121, 210동 2층 208호(원동, 원동아파트)",88.001,150328185
569,LCF0292,1,10518,***,"밸브,조절용,유압식 등 14항목 구매(기일공구)",물품,LCF,육군군수사령부,202406041100,KEE47,주식회사 삼마기업,,이가은,01025192334,"서울특별시 마포구 월드컵로34길6, 1동 14층 1406호(성산동,태림센트윈2차)",98.944,127015900
609,LCF0291,1,10515,***,"가방,공구용 등 12항목 구매(기일공구)",물품,LCF,육군군수사령부,202406041100,L90A3,셈코,,최부호,0549710381,경상북도 칠곡군 왜관읍 공단로7길33 셈코,87.996,175109489
1473,LCF0318,1,05865,***,심장세동제거기 등 6항목 구매(의무),물품,LCF,육군군수사령부,202406041100,M991E,쌍둥이사진관,,전승호,07076129238,부산광역시 서구 천마로191-1 (남부민동),87.995,39150919
1,HCG0017,2,17661,***,'24년 기상레이다 적정 경제수명 산출 연구,용역,HCG,공군본부,202406041100,A7866,(사)한국기상전문인협회,KOMA,권태순,028213653,"서울특별시 금천구 가산디지털2로46, 611호(가산동, 에이스태세라타워)",88.22,16200000
3,EBH0015,2,1004,***,24년 전술용 전자식전화기 세트(TA-512KA),물품,EBH,해상공중전력운영계약팀,202406041100,A5DBA,한국전기통신주식회사,"KOREA TELECOMMUNICATION CO.,LTD",지정식,0325792233,인천광역시 서구 가정로77번길 50-10(가좌동),86.792,86104000
163,HCF0115,2,17580,***,"[패트리어트 시스템프레임 부품]판,균형기용 등 89종",물품,HCF,공군군수사령부,202406041030,L0215,주식회사 브이엘디인터내셔널코리아,"VLD International Korea Co.,Ltd",정기호,0319232195,경기도 고양시 일산서구 킨텍스로255 디엠시티 스카이뷰 오피스동 307호,88.554,611500000
266,HDM0033,1,23666,***,[24-1039] 24-특수작전용 헤드셋 구매,물품,HDM,공군제17전투비행단,202406041030,EDFA2,주식회사연화엠텍,"YEONHWA M TECH CO.,LTD",김종엽,0314447270,경기도 안양시 만안구 전파로44번길36-0 (안양동),88.005,18804500
180,SDF0085,1,23663,***,24-항-36 논산 주거시설 정기안전점검용역(633),용역,SDF,제5738부대,202406041030,IB9E6,주식회사 한국건설구조안전진단,,김정환,03180697979,경기도 의왕시 이미로40 (포일동) C동 918호,88.027,3101970
509,LBA0048,1,23637,***,24년 제초관리 용역,용역,LBA,제 2167부대,202406041030,E7542,씨에스건설 주식회사,"CS Engineering & Construction CO., Ltd",홍진규,0319796546,경기도 고양시 덕양구 고양대로1384번길19-15 (성사동) 새롬프라자 407호,88.004,62648742
93,LNG0038,1,23612,***,"24년 전,후반기 물탱크 청소용역",용역,LNG,육군 제1군단,202406041030,I27D6,황금청소,hwangkeum chong seo,소옥자,01048554857,경기도 용인시 처인구 포곡읍 포곡로297번길12-0,90.026,8662370
493,LNG0031,2,21776,***,예비군훈련장 예초용역,용역,LNG,육군 제1군단,202406041030,B130F,(주)예송종합조경,yesong,박병준,025035656,경기도 과천시 가일로14-27 (갈현동),88.005,9039410
150,SFD0052,1,23604,***,고압세척기(소형)등 95품목 구매,물품,SFD,제9227부대,202406041030,L1E78,포포,,최영주,0542541470,경상북도 포항시 북구 법원로63번길9-6 (장성동),88.001,14955310
50,LNF0021,1,23517,***,24년 전반기 전진교 정기안전점검,용역,LNF,제1보병사단,202406041030,H51FF,주식회사 한국건설시스템안전기술,Korea Construction System Safety Technology,민윤정,0312145030,"경기도 수원시 영통구 대학4로17 , 408호(이의동, 에이스광교타워1차)",88.01,7692300
13,SDF0083,1,23496,***,24-항-39 사령부 관사 및 간부숙소 방역용역,용역,SDF,제5738부대,202406041030,D11AF,(주)대청환경,"daecheong environment Co.,Ltd",권상형,0542857700,"경상북도 포항시 남구 양학천로150번길 8, 301,302,303,305호(대도동, 푸르빌원룸)",88.045,2483010
4,SCK0067,1,23398,***,24-00사 서해수호관 견학 버스 임차용역,용역,SCK,해군교육사령부,202406041030,C1EB0,주식회사 명신관광,myeongsin tour,안종주,0552385040,"경상남도 창원시 성산구 상남로37,비이 101호 (상남동 덕산베스트텔)",88.129,1209660
46,SDF0081,1,23399,***,Grease-Aircraft General Purpose 등 3종 구매,물품,SDF,제5738부대,202406041030,I5EED,올리비아,Olivia,이은서,07047405378,경기도 연천군 전곡읍 은전로86번길19,88.076,29217630
267,SCK0069,1,23586,***,셔틀콕 등 295종 구매,물품,SCK,해군교육사령부,202406041030,JB7C6,주식회사 스타일남,,김진혁,07047723010,경상남도 창원시 성산구 연덕로184번길28 (내동)3동2층6호6,88.014,23666900
1329,LNH0008,1,23652,***,24-2차 전산운영용품 구매,물품,LNH,육군제7163부대,202406041030,L0E02,초록나무,,손경원,01072667882,"서울특별시 노원구 덕릉로94길6-0 (중계동, 경남아너스빌) 102동1601호",88,26918356
1874,SCQ0053,1,23566,***,볼밸브 등 120종 구매,물품,SCQ,제9911부대,202406041030,M7959,피피에스코퍼레이션,,박상원,010-4025-6599,"경기도 평택시 칠괴길138-33, 103동 1504호(칠괴동, 우림필유아파트)",88,84464325
3,SDF0082,1,23494,***,24-항-17 문덕17동 24~27 정수기(3대) 임차용역,용역,SDF,제5738부대,202406041030,HACDB,엔에이치코리아,NHK,박현민,07041112904,서울특별시 마포구 대흥로2길47 (용강동) 301,88.326,2334530
124,HDM0035,1,23691,***,[24-1039] 24-프린터 잉크 및 토너 구매,물품,HDM,공군제17전투비행단,202406041030,M56A3,엘산업,,이희주,01064184479,충청북도 청주시 흥덕구 옥산면 내옥제방길288-0,88.004,21378385
84,LHG0029,1,23487,***,간부숙소 신축 관급자재(자동제어) 제조 설치,물품,LHG,제1862부대,202406041030,11521,주식회사 광명전기,"KWANGMYUNG ELECTRIC CO., LTD.",이재광,0222408114,경기도 안산시 단원구 목내로160 (목내동),88.017,220705870
33,SCK0068,1,22565,***,상용 소프트웨어 구매,물품,SCK,해군교육사령부,202406041030,M2E3A,에스엠엘컴퍼니,,송주연,01047769638,"서울특별시 마포구 만리재로14, 2201호",99.616,23999790
6,SCF0530,1,23297,***,로프.섬유제 2EA 제조,물품,SCF,해군군수사령부,202406041030,FCC1B,주식회사대한로프,"DAE HAN ROPE CO., LTD",박성호,0553387051,"경상남도 김해시 마사로36-31 (생림면, 대한로프)",96.891,21460000
38,SCF0522,1,22814,***,공기 샘플러 2Set 구매,물품,SCF,해군군수사령부,202406041030,E9ED4,산트,SANT,이상태,031-476-7139,경기도 안양시 동안구 시민대로267(관양동) 아크로팰리스 512호,92.088,5170000
2802,SCF0526,1,20348,***,오실로스코프(100MHz) 1EA 구매,물품,SCF,해군군수사령부,202406041030,EB19E,승리산업,Victory Corp.,이승현,01036197397,"경기도 시흥시 월곶중앙로70번길3,  진주마을 풍림1차 아이원 115-911",87.995,18706830
5544,SCF0518,1,19070,***,아크용접기 등 2종 구매,물품,SCF,해군군수사령부,202406041030,L81E4,커먼유니크,,한인아,01048468607,"경기도 이천시 마장면 중앙로56, 201동 401호(이천마장리젠시빌란트더웰)",87.995,33360124
268,SCF0525,1,18030,***,"실린더, 나사용 1종 구매",물품,SCF,해군군수사령부,202406041030,JCE2E,세명종합공구,,이정자,0555520631,경상남도 창원시 진해구 용원동로294 (용원동),92.567,8630400
3077,SCF0524,1,17901,***,테이블리프트 2EA 구매,물품,SCF,해군군수사령부,202406041030,LEA31,엔씨솔루션,,이상석,01043211589,"경기도 광명시 오리로651번길8, 1621호(하안동)",87.996,39981060
1324,SCF0517,1,17893,***,기상팩스 수신기 5EA 구매,물품,SCF,해군군수사령부,202406041030,H05B9,주식회사 케이제이,kj,김정옥,07044511187,대전광역시 대덕구 대전로1397번안길70-0 (읍내동),87.995,28380000
1864,SCF0519,1,17845,***,청소용 릴호수 1종 구매,물품,SCF,해군군수사령부,202406041030,J02D3,부광컴퍼니,,김광호,010-5706-7286,"충청남도 당진시 송악읍 중흥1길50, 103동 1402호(당진 송악 경남아너스빌)",87.995,32737810
2625,SCF0527,1,16971,***,페인트 분무기 6EA 구매,물품,SCF,해군군수사령부,202406041030,M9287,제이와이코리아,,김정열,01071511422,"경기도 부천시 소사구 양지로234-38, 505동 2302호(옥길동, 엘에이치옥길센트럴힐)",87.999,25295430
2,SCF0532,1,15696,***,'24년 고압가스 용기 검사정비,물품,SCF,해군군수사령부,202406041030,JC723,주식회사아이피티,,이상봉,0517154631,부산광역시 사상구 대동로269번길47-0 (감전동),86.36,320400000
656,SCF0520,1,13252,***,유압식 절곡기 1EA 구매,물품,SCF,해군군수사령부,202406041030,HE89F,주식회사 바른프린테크,myungboc&p,김연수,0264940791,"서울특별시 중구 퇴계로27길25, 305호(충무로3가, 청림빌딩)",87.995,26343530
6,SCF0432,3,12572,***,300KW 육상발전기 엔진 정비,물품,SCF,해군군수사령부,202406041030,A7723,화창기계,hwa chang machinery,유인섭,0325438110,인천광역시 계양구 평리길 118-10화창기계,88.634,46596000
34,LPF0058,1,21954,***,24-27년 얼음 및 대형 정수기 임차 용역,용역,LPF,제51보병사단,202406041030,KC9C8,이비컴퍼니,,홍은복,01086488738,경기도 안양시 동안구 경수대로947-0 (비산동) 101동 507호,87.982,87536000
28,LNG0037,1,23611,***,24년 기동영상전송장비 정비 용역,용역,LNG,육군 제1군단,202406041030,D8532,주식회사 디앤비엔지니어링,"Data Communication & Broadcasting Engineering Co.,Ltd",이호천,0318120055,경기도 고양시 덕양구 호국로1907번길72-38 (벽제동),87.878,16718141
8,LKS0041,1,23457,***,육군복지포털(휴드림) 기능개선 용역,용역,LKS,육군인사사령부,202406041030,EBFE6,주식회사 빛을 꿈꾸는 사람들,Dreamers of Luminale,김상희,07040073209,"전라남도 여수시 대통로47-1,2층(화장동)",88.641,40694900
84,LHG0029,2,23487,***,간부숙소 신축 관급자재(자동제어) 제조 설치,물품,LHG,제1862부대,202406041030,11521,주식회사 광명전기,"KWANGMYUNG ELECTRIC CO., LTD.",이재광,0222408114,경기도 안산시 단원구 목내로160 (목내동),88.017,220705870
2,LCK0018,1,23615,***,[일반-24-86] 시설업무 및 공사감독관 차량 임차용역,용역,LCK,수도방위사령부,202406041030,G0EB7,주식회사 카일이삼제스퍼,Car123-Jasper Corp,송윤화,0215775123,서울특별시 서초구 명달로9 (방배동) 방배빌딩 6층,99.498,161568000
6,LCK0016,1,23301,***,[일반-24-85] 00부대 얼음정수기 임차용역,용역,LCK,수도방위사령부,202406041030,I0AC2,디에이치바이오,DHBIO,김단희,07041549149,충청북도 충주시 예성로120 (용산동),86.611,230810660
3,LCH0037,1,23034,***,00부대 특수작전 모의훈련체계 유지보수 용역,용역,LCH,특수전사령부,202406041030,CE0C5,(주) 투데이게이트,"TodayGate Co.,LTD.",김익훈,0221043535,"서울특별시 금천구 디지털로9길32-0 (가산동, 갑을 그레이트밸리) 비동 804호",85.823,217992060
185,LCF0280,1,22652,***,증압기조립체 등 3항목 구매(자주포),물품,LCF,육군군수사령부,202406041030,D2B01,(주)세호,seho,정병석,0629562617,광주광역시 광산구 상완길164-0 (수완동),83.002,857434908
18,LCF0273,1,22578,***,"베이스,커플링 조립용 등 25항목 제조(총포)",물품,LCF,육군군수사령부,202406041030,M2E84,동창원산업(주),,정창,0553459455,경상남도 의령군 용덕면 의합대로123-7,88.034,93980090
237,LCF0283,1,08042,***,스냅 훅 등 11항목 구매(총포),물품,LCF,육군군수사령부,202406041030,BDFCE,티에이치이주식회사,"the co., Ltd",제갈옥,0518311807,부산광역시 강서구 녹산산단289로32-0 (송정동),83.279,353398000
17,LCF0279,1,07760,***,"벨트,차량내 안전용 등 19항목 제조(자주포)",물품,LCF,육군군수사령부,202406041030,H58AB,주식회사 엔미디어솔루션,N-media solution,이근식,01042405887,"인천광역시 계양구 계산새로71, 비동 310호(계산동, 하이베라스)",88.044,130807274
21,LCF0278,1,07748,***,패킹 너트 등 17항목 제조(자주포),물품,LCF,육군군수사령부,202406041030,M2E84,동창원산업(주),,정창,0553459455,경상남도 의령군 용덕면 의합대로123-7,88.014,188407715
1301,HDC0028,1,23400,***,24-용-53 탄약고 제초 용역,용역,HDC,공군제1전투비행단,202406041030,B14C3,주식회사 가람엘앤씨,"KARAM Landscape Architecture & Construction Co., Ltd",설승진,0317571930,"경기도 성남시 수정구 위례서일로26, 1110호(창곡동,라크리움)",87.791,107960999
45,HCC0045,1,23302,***,구리양극봉 등 15품목 (085),물품,HCC,해군제1수리창,202406041000,K9A48,동해상사,,최승종,01062487950,강원특별자치도 동해시 서동로721-6(신흥동),88.201,53135580
43,HCC0046,1,23667,***,오링 등 23품목 (086),물품,HCC,해군제1수리창,202406041000,K63E6,제이테크,,이은경,07047890055,강원특별자치도 동해시 동해대로5464-0 (평릉동) 2층 203-50호,88.005,84755379
42,HCC0047,1,23681,***,호스 등 42품목 (088),물품,HCC,해군제1수리창,202406041000,LDA97,소망유통,,최인숙,01062487950,강원특별자치도 동해시 서동로721-6 (신흥동),88.072,4096070
2,MHD0043,2,14097,***,군용총포·도검·화약류 안전관리 발전방안 연구,용역,MHD,방위사업청(운영지원과),202406031500,K14C4,(사)한국무기체계안전협회,,안동만,0428261063,대전광역시 유성구 온천로59 (봉명동) 617호,,67160000
2,LDH0561,1,21976,***,24년 방사성물질 함유 폐기물 처리 용역,용역,LDH,육군종합정비창,202406031300,D5784,(주)엔바이로코리아,"Envirokorea Co.,Ltd",박성한,0428642341,대전광역시 유성구 테크노2로167-10 (용산동),92.207,32450000
107,LPK0012,1,23156,***,24년 대대급 안전물자 세트 구매,물품,LPK,제8기동사단,202406031130,IBF69,가람상사,,이경미,07047155174,경기도 양주시 덕정11길29-0 (덕정동),88.004,41296000
3,HCF0127,1,19462,***,주요 비행피복류 맞음성 개선 및 표준화 연구,용역,HCF,공군군수사령부,202406031100,J4A29,테크디,,윤미경,010-4225-4148,"경기도 하남시 미사대로550, 4층 43호(덕풍동, 현대지식산업센터 한강미사)",88.594,84770000
99,HCQ0041,1,22961,***,대테러작전지원시설 신축 관급자재(자동제어),물품,HCQ,공군제5공중기동비행단,202406031100,AA73B,나노이엔지 주식회사,nanoeng,이재규,0536433525,"대구광역시 서구 와룡로307, 403호(중리동)",88.04,64827200
8,LDA0017,1,23329,***,00부대 UPS실 소화약제 설치납품,물품,LDA,지상작전사령부,202406031100,G5F41,지구종합상사,jigu corp,이규철,07041351471,"경기도 용인시 수지구 신봉2로30-0 (신봉동), 2층 206호(신봉동,미래빌딩)",96.011,39850000
48,MCC0007,1,23230,***,('24~'27) 얼음냉온정수기 임차용역,용역,MCC,제6293부대,202406031100,M8F31,해오름컴퍼니,,김재경,025877972,경기도 용인시 수지구 동천로285 (동천동),88.088,29142067
293,UMM0672,1,22385,***,24-N-교환기 교체 사업,물품,UMM,국군재정관리단,202406031100,A974B,(주)오토텍,autotek,염희숙,0513149603,부산광역시 수영구 장대골로31번길16-1 (광안동),88.008,126875610
2106,UMM0655,1,18225,***,24-D-골프카트 배터리구매,물품,UMM,국군재정관리단,202406031100,LA7F6,지에스(GS)유통,,국중찬,0623853252,"서울특별시 강동구 구천면로50길15-8 (천호동), 2층",87.995,141352860
790,UMM0677,1,10654,***,24-F-해상임무장구 6종 구매,물품,UMM,국군재정관리단,202406031100,M6DFD,에스와이알(SYR),,박서영,01038789108,충청북도 음성군 원남면 보천로61,88.499,134737440
3720,UMM0599,1,08023,***,24-F-군사경찰 8자 하강기 등 구매(249064-F),물품,UMM,국군재정관리단,202406031100,L838B,희운기획,,이지운,01085489994,"경기도 안양시 동안구 평촌대로211번길21-0 (호계동, 목련아파트) 302동 1408호",87.995,47903304
360,UHC0012,1,18534,***,24년 병영시설 방제 용역계약,용역,UHC,공군 작사예하 방포사예하 제2여단,202406031030,FADFF,(유)퍼스트,First,김미숙,0632375540,전북특별자치도 전주시 완산구 중화산로15-0 (효자동1가),87.746,47323458
253,LCZ0017,1,23344,***,"00부대 창고 물자구매(랩핑머신, 스트래치 필름)",물품,LCZ,동원전력사령부,202406031030,I57B7,모아상사,moa,최중강,07087982774,인천광역시 미추홀구 인하로129(용현동),88.001,17178889
82,SDQ0057,1,23345,***,딱풀 등 523종 구매,물품,SDQ,해군제2수리창,202406031030,L346D,한스서포트,,한시덕,0316186913,"경기도 평택시 매봉산1길11, 101동 202호(비전동, 태산그린아파트)",88.022,12666252
60,SCP0070,1,23343,***,광컨버터 등40종 구매,물품,SCP,제8385부대,202406031030,K63E8,준컴퍼니,,이은서,07047890055,강원특별자치도 동해시 동해대로5464-0 (평릉동) 2층 203-51호,88.015,49218233
2136,LCZ0016,1,23335,***,00부대 창고 물자 구매(파레트),물품,LCZ,동원전력사령부,202406031030,H3A57,주식회사 에스제이상사,(wn)dptmwpdltkdtk,한이수,0422841390,"충청남도 계룡시 계룡대로325, 107-1호(금암동, 씨티타워)",88.001,30838140
1299,LMH0036,1,22914,***,석면취급자 보호구 구매(C047),물품,LMH,제7군단,202406031030,LE22D,오코몰(O-KO MALL),,윤홍규,01020561446,"경기도 수원시 영통구 영통로290번길25-0 (영통동, 신나무실주공아파트)515-301",88.059,25753083
88,MDF0024,1,22633,***,상용 위성전화기 구매사업,물품,MDF,국군지휘통신사령부,202406031030,M5EC4,뉴제이커넥션,,정현정,01082924545,인천광역시 연수구 랜드마크로20-0 (송도동) 110동 602호,88.041,12185808
28,LMR0034,1,23361,***,연천 전곡 석미 아파트 싱크대 설치납품 (24-71차),물품,LMR,제5군단사령부,202406031030,MAFB9,주식회사 유성퍼니처,,김명숙,0315362462,경기도 포천시 화현면 봉화로709번길30-0,88.075,37411925
49,SFL0028,1,23291,***,24-교-훈련장 정밀안전점검 용역,용역,SFL,제3283부대,202406031030,IF3A1,주원엔지니어링 주식회사,,김승현,0542770096,"경상북도 포항시 남구 문예로82, 3층 302호 (대도동)",88.014,14075000
90,LBB0015,1,23216,***,24년 2분기 전산운영용품 구매,물품,LBB,육군제7789부대,202406031030,H7E43,가성그린 주식회사,,정태평,0319713775,경기도 고양시 덕양구 토당로162번길36-0 (토당동)제405호,88.012,26166750
47,SCI0060,1,23277,***,"브러시, 전기접점용 등 6종 구매",물품,SCI,제9121부대,202406031030,I0E1F,주식회사 북크로싱,bookcrossing,김병철,07040704029,"경상남도 창원시 성산구 중앙대로37, 519-4호(중앙동, 경남오피스텔)",88.02,3944109
6,HDT0019,1,21278,***,전자장비 원천자료 변환체계 DB SW 유지보수 용역,용역,HDT,공군작사근무지원단,202406031030,BD192,경안이엔지(주),"KyungAhn ENG.,Ltd.",금동중,024524927,"서울특별시 광진구 아차산로78길110-0 (광장동, 리버힐오피스텔) 310",89.218,5460000
133,LGC0015,1,23225,***,24-2차 전산운영용품 구매,물품,LGC,육군학생군사학교,202406031030,HB115,제이케이컴퍼니,JKcompany,정안나,01091537201,"충청북도 청주시 청원구 율봉로44번길35, 2층 201호(사천동)",88.005,26766048
44,LGD0010,1,23326,***,공기청정기 필터 구매,물품,LGD,육군종합행정학교,202406031030,H03A4,(주) 한새,Hansae,김진석,0325658713,인천광역시 서구 보듬5로6-0 (오류동),88.038,13988500
46,LCZ0015,1,23317,***,24년 00부대 창고 저장대 제조구매,물품,LCZ,동원전력사령부,202406031030,L33B4,혁신산업,,김윤정,0553443044,경상남도 김해시 한림면 한림로515번길224-0,88.255,74883900
93,LNF0018,1,22913,***,24-1차 안전물자 세트 구매,물품,LNF,제1보병사단,202406031030,K1FE7,썬블루,,이혜용,01023933322,경기도 파주시 문산읍 방촌로1213-20,88.006,26556390
27,HDK0020,1,23112,***,24년 간부숙소 에어컨 청소 용역,용역,HDK,공군제11전투비행단,202406031030,EAB9A,베스트환경,Best,이순남,0532708220,대구광역시 달서구 와룡로4길3-0 (본동),88.065,25864490
5209,MDK0045,1,23170,***,여행장병 라운지(TMO) 환경 개선 비품,물품,MDK,국군수송사령부,202406031030,M4F9A,서하,,권도현,01036566123,"서울특별시 금천구 독산로72길56-5 (독산동, 조양아트빌)",88.003,18717295
5,SFH0080,2,21003,***,24-B-지정폐기물(폐유기용제) 위탁처리 용역,용역,SFH,제9196부대,202406031030,K5B1D,에이치환경,,이혁재,07041150801,"인천광역시 남동구 소래역남로16번길8-7, 1동 6층 602호(논현동, 소래씨티프라자)",88.175,32799000
3,LCP0044,1,23098,***,00부대 정문위병소 철문 설치납품,물품,LCP,육군항공사령부,202406031030,B2DB7,대성안전건설(주),daesungsafe,민병흔,0317912901,경기도 하남시 초일로152-0 (초일동),88.793,47450300
27,SFN0049,1,23093,***,야전정비용 광접속기 구매 납품,물품,SFN,연평부대,202406031030,LCDCC,엠제이코리아,,문규상,07088398230,"경기도 부천시 소사구 범안로96번길23 (범박동, 부천범박힐스테이트 4단지) 408동 303호",88.119,13047230
93,LNF0018,2,22913,***,24-1차 안전물자 세트 구매,물품,LNF,제1보병사단,202406031030,K1FE7,썬블루,,이혜용,01023933322,경기도 파주시 문산읍 방촌로1213-20,88.006,26556390
286,SCK0066,1,23309,***,섬유유연제 등 595종 구매,물품,SCK,해군교육사령부,202406031030,EA955,대성정보기술 주식회사,"Dae Sung Information co.,Ltd",임광수,0552525518,"경상남도 창원시 마산회원구 봉암북7길21-0 (봉암동, 경남지능형홈산업화센터5동102호)",88.002,32732811
3,SDF0080,1,23310,***,근관세척기 등 3종 구매,물품,SDF,제5738부대,202406031030,L6DBA,유원케이,,김명선,01047694638,"서울특별시 영등포구 국제금융로8길19, 208호(여의도동, 중앙빌딩)",94.803,4375520
287,SCK0065,1,23268,***,핸드워시 등 231종 구매,물품,SCK,해군교육사령부,202406031030,HE2D2,영림상사,yeongrimsangsa,김영임,07088000600,경상남도 창원시 진해구 충장로529-0 (풍호동) 2층 202호,88.006,32167570
159,SFL0027,1,23261,***,위생장갑 등 117품목 구매,물품,SFL,제3283부대,202406031030,M9212,르호봇,,심명보,0547273320,"경상북도 포항시 북구 삼호로391, 116동 2004호(환호동, 환호해맞이그린빌)",88.003,20230991
6,HCC0044,1,22941,***,니퍼 등 65품목,물품,HCC,해군제1수리창,202406031000,M3842,범스토리,,채범준,01063366252,"강원특별자치도 동해시 동해대로5464, 2층 203-23호(평릉동, 광진자동차정비)",88.322,2966000
11,HCQ0040,1,22964,***,대테러작전지원시설  신축 관급자재(엘리베이터),물품,HCQ,공군제5공중기동비행단,202406031000,F553A,주식회사태성산업,TAESUNG.IND,박경섭,0539415151,"대구광역시 북구 대현로106-0 (대현동, 늘푸른주상복합비04호)",88.067,82125850
4,EBB0225,1,0202I,***,"전지,재충전불가식(BA-3517)",물품,EBB,지상공통전력운영계약팀,202405311500,D20E1,주식회사 서원,"SEOWON ELECTRIC POWER CO.,LTD",권준범,0415228455,"충청남도 천안시 서북구 백석공단2길16-0 (백석동), 2동 105호(백석동, 외국인투자전용산업)",87.798,309703680
9,EBB0223,1,4999,***,적외선차폐 발연체계 수리부속,물품,EBB,지상공통전력운영계약팀,202405311500,BA764,대명 ENG,DAEMUNG ENG,이갑용,0518318756,"부산광역시 강서구 녹산산업중로100-0 (송정동), A동",88.02,104575300
21,EBB0218,1,5150,***,엘보우류,물품,EBB,지상공통전력운영계약팀,202405311400,M81CD,도하테크,,이은선,051-303-5134,부산광역시 강서구 대저로3번길52-15 (대저1동),88.562,125278580
3,EBH0013,2,0601,***,24년 발칸 유지부품(제조),물품,EBH,해상공중전력운영계약팀,202405311400,4498F,삼호정밀,SAMHO PRECISION,김일천,0519717226,부산광역시 강서구 평강로217-1 (대저1동),84.825,251000000
2,SFH0065,2,16994,***,24-B-부대 소개영상 제작 용역,용역,SFH,제9196부대,202405311330,LBFB9,트렌드코리아 주식회사,,장태준,07077981734,"경기도 시흥시 월곶해안로149-1 (월곶동) 에이동, 202호",52.088,14980000
13,LDH0547,1,21088,***,(자재) 마봉강 등 20종 구매,물품,LDH,육군종합정비창,202405311300,J4F9C,상일상사,,조용경,07077666240,경상남도 창원시 마산회원구 합포로274 (양덕동) 401호,88.017,20202840
5,SFD0046,1,21127,***,24-P-문화예술공연,용역,SFD,제9227부대,202405311300,GE652,주식회사 갬블러크루,Gamblerz crew,이준학,0222721917,"서울특별시 중구 동호로24길19-17 (장충동2가, 평안빌딩)",,30509270
3,EBH0027,1,1022,***,24년 발칸 축전식 전지(제조),물품,EBH,해상공중전력운영계약팀,202405311100,D20E1,주식회사 서원,"SEOWON ELECTRIC POWER CO.,LTD",권준범,0415228455,"충청남도 천안시 서북구 백석공단2길16-0 (백석동), 2동 105호(백석동, 외국인투자전용산업)",88.555,91914900
319,LFT0007,1,22711,***,'24년 공병학교 폭염대비 재난 안전물자 구매,물품,LFT,육군공병학교,202405311100,J07F1,정원시스템,,석예원,01022686749,"전라남도 광양시 광양읍 회암길24-0, 2층 2호",88.001,22209309
93,LIK0043,1,22886,***,'24년 물류취급물자 구매계약,물품,LIK,제2군수지원여단,202405311100,L4F9C,안테그라,,성동재,07086481939,"강원특별자치도 원주시 중앙로86, 2층 203호(중앙동)",88.023,8613377
209,LIK0042,1,22887,***,'24년 위험물취급자 안전장구세트 구매계약,물품,LIK,제2군수지원여단,202405311100,K94D6,주식회사 엠케이,,차정수,01050840017,강원특별자치도 동해시 발한로31-7 (부곡동),88.023,9082330
160,HCL0044,1,22955,***,24-150 범용 밀링머신 등 2종,물품,HCL,공군사관학교,202405311100,IC429,케어원,,이경열,0221576331,서울특별시 송파구 충민로66 (문정동)가든파이브라이프 테크노관 T7135호,88.056,64528200
5,MCS0071,1,22943,***,(군수-020) 바코드시스템 구매 설치,물품,MCS,국방부계룡대근무지원단,202405311100,M0B65,알파계룡대점,,박지선,010-4411-2344,충청남도 계룡시 신도안면 계룡대로663-0,95.778,2200000
63,LIK0040,1,22789,***,'24년 군기능 인력양성 교육장비 구매 계약,물품,LIK,제2군수지원여단,202405311100,K9DD9,에스엠씨앤씨(SMC&C),,이선미,01043920131,강원특별자치도 강릉시 임영로155번길6 (용강동) 1층 66호,88.126,68688660
2,EBHE008,1,4399,***,"시일, 비금속 특수단면용, 에이치에스",물품,EBH,해상공중전력운영계약팀,202405311100,I3063,이든산업,Ideun Industry,박용철,070-4647-0245,부산광역시 강서구 호계로57번길20-0 (죽동동),88.263,20667010
111,LPM0017,1,22966,***,"24-2차 기록물정보관리체계, 전산운영용품 구매 계약",물품,LPM,제9보병사단사령부,202405311100,JA473,주식회사 대한글로비스,,임승주,01099105429,"경기도 고양시 덕양구 꽃마을로36, 1417 (향동동,디엠씨스타비즈 6에스티)",88.021,31173729
6,LIK0041,1,22879,***,24년 병영세탁방 비품 구매,물품,LIK,제2군수지원여단,202405311100,A7B80,태영실업,,장인영,0332620415,강원특별자치도 원주시 부론로261-9 (부론면),88.695,3346500
391,UMM0662,1,20487,***,(247029-H)전자식 교환기(VoIP) 교체,물품,UMM,국군재정관리단,202405311100,D7D39,(주)아이필넷,ifeelnet,김명선,07041207733,경기도 성남시 분당구 성남대로926번길10-0 (야탑동),87.995,152434270
58,UMM0667,1,19847,***,(247225-C) 24년 고정형 음원수집기지 구축,물품,UMM,국군재정관리단,202405311100,G5D53,천연테크놀러지,chunyeontechnology,이미자,07049404135,"전라남도 나주시 동수농공단지길109, 1층(운곡동)",83.046,193397806
966,UMM0668,1,19841,***,(246216-C) 24-1차 재난구조 장비 및 물자 구매,물품,UMM,국군재정관리단,202405311100,M8B22,에스와이유통,,김춘임,01066720018,"경기도 하남시 역말로15번길35, 103동 301호(덕풍동, 덕풍쌍용아파트)",82.995,308619060
363,UMM0666,1,18638,***,(246028-G) 2군단 화면전시체계 교체사업(리스자산),물품,UMM,국군재정관리단,202405311100,G245D,주식회사 두루스코,DURUSCO,김옥연,023062014,"서울특별시 서대문구 연희로241, 2층 (연희동)",88,86513465
4,HDR0004,1,22125,***,24-방공관제사-38(발전기),물품,HDR,공군방공관제사령부,202405311100,AAE65,(주)썬테크,"Suntech Co., Ltd.",이선휴,0617212222,전라남도 순천시 해룡면 율촌산단4로101,92.81,63500000
3,EKA0015,1,7100B,***,"`24년 삼각대,사격통제 기구용(방향틀용)",물품,EKA,기동총괄계약팀,202405311030,F5C38,주식회사 케이씨아이,"KCI co.,ltd",장동수,0319340266,경기도 파주시 탄현면 방촌로879번길42-3,85.093,79821900
18,MCM0010,1,22845,***,출입통제시스템(보안회전문) 교체,물품,MCM,4284부대,202405311030,K6AE4,그린포스주식회사,,김비주,07077394765,"서울특별시 강서구 화곡로429, 402-10호(가양동,토피아빌딩)",88.025,9149250
12,LHZ0005,1,22796,***,24-1차 부대비품(냉난방기) 구매계약,물품,LHZ,제5767부대,202405311030,I36AD,주식회사 태원전력,"Taewon Electri Power Co.,Ltd",홍경혜,0332413359,"강원특별자치도 춘천시 동면 구룡당길19, 2층",88.139,4388796
1823,LNG0035,1,22770,***,"징비피복(정비화, 안전모) 구매",물품,LNG,육군 제1군단,202405311030,F69CB,주식회사 청미이엔지,cheongmi,최숙자,0312233381,경기도 안성시 강변로74번길19-8 (도기동),88,45211526
16,LHG0025,2,22988,***,'24년 소방종합점검 용역,용역,LHG,제1862부대,202405311030,LFE8D,주식회사 대한소방,,오나영,0339010119,"강원특별자치도 원주시 라옹정길3-1, 101호(관설동)",88.195,21590111
6,SDF0075,1,22920,***,24-항-34 00병원 폐수처리시설 수질검사용역,용역,SDF,제5738부대,202405311030,L6B7F,주식회사 해방환경,,정보라,0632280168,전북특별자치도 전주시 완산구 메너머3길41 (중화산동2가),88.007,1668400
8,SDF0074,1,22894,***,24-항-22 제주 홍보용 전시항공기(655) 도장 용역,용역,SDF,제5738부대,202405311030,GB8B5,주식회사미미,MIMI,남궁광숙,0313886661,"경기도 안양시 만안구 덕천로152번길25 A동 10층 1008A호 1009B호(안양동,안양아이에스BIZ타워센트럴)",88.054,17269240
2,LHZ0007,1,22829,***,24년 전기안전관리대행 용역 계약,용역,LHZ,제5767부대,202405311030,C64F0,(자)한국전기안전관리,hangook,우용남,0335314606,"강원특별자치도 동해시 감추4길 5, 재래시장 2층 203호(천곡동)",90.54,8197300
382,LHZ0006,1,22800,***,24-2차 전산운영용품 구매,물품,LHZ,제5767부대,202405311030,L9BFF,산들산업,,김언지,070-8870-0072,강원특별자치도 동해시 논산길16-0 (묵호진동),88.008,29313539
8,LDG0058,1,23081,***,사업장폐기물 처리 용역,용역,LDG,육군 탄약지원사령부,202405311030,K846E,주식회사 와이제이산업,,한영수,0549561555,경상남도 합천군 율곡면 황강옥전로296,88.638,10807500
14,LHG0026,1,22987,***,폭염대비장비물자 구매,물품,LHG,제1862부대,202405311030,J1474,세연공인중개사사무소,,권혁태,033-462-5634,강원특별자치도 인제군 북면 금강로40-0,88.413,16508900
16,LHG0025,1,22988,***,'24년 소방종합점검 용역,용역,LHG,제1862부대,202405311030,LFE8D,주식회사 대한소방,,오나영,0339010119,"강원특별자치도 원주시 라옹정길3-1, 101호(관설동)",88.195,21590111
25,LHN0044,1,22990,***,"재해예방기술지도(위임-6,대보수-8,19,20 토목,건축)",용역,LHN,제7보병사단,202405311030,I579C,365건설안전 주식회사,,정정순,031-321-9685,경기도 용인시 처인구 성산로128-14 (역북동) 지하1층,88.312,3586500
616,LKS0037,2,20281,***,육군체력단련장 카트 배터리 구매,물품,LKS,육군인사사령부,202405311030,L1FC0,한빛기획,,김수철,01045149036,"서울특별시 강남구 개포로630, 6층(일원동)",88.002,42310080
426,LNJ0001,1,22919,***,24년 병영식당 청소관리 용역,용역,LNJ,육군 제1포병여단,202405311030,L45BB,주식회사 하이나,,신선화,0315020421,"경기도 화성시 병점노을5로26,    8층 804호, 811호 (병점동, 더시그니처스퀘어)",88.002,21997573
5,LHP0025,1,22866,***,'24-2차 프린터용품 구매,물품,LHP,제22보병사단,202405311030,H9D92,서윤산업,seoyun,김한나,07077865007,강원특별자치도 고성군 거진읍 행랑골2길12-0,88.407,23527000
3953,SCL0030,1,22864,***,수납형 테이블 등 24종 구매,물품,SCL,해군사관학교,202405311030,M35EE,와이 에스 엠,,윤성만,07088040077,"충청남도 계룡시 엄사면 번영3길73-12, 104동 1106호(삼진아파트)",88,26456214
4,LHP0024,1,22860,***,'24-2차 전산운영용품 구매,물품,LHP,제22보병사단,202405311030,H9D92,서윤산업,seoyun,김한나,07077865007,강원특별자치도 고성군 거진읍 행랑골2길12-0,88.239,37379200
32,MCT0031,1,23052,***,배드민턴부 운동용품(셔틀콕)구매,물품,MCT,국군체육부대,202405311030,C61E6,케이씨테크노(주),"KEC TECHNO CO., LTD.",이석형,0319238555,경기도 고양시 일산서구 송산로 221(),88.022,6855200
3,SDF0076,1,22969,***,24-항-38 안보현장 견학 버스임차(1대) 용역,용역,SDF,제5738부대,202405311030,CFB22,한동고속관광(주),HANDONG TRAVAL.CO.KR,이상호,054-273-8881,경상북도 포항시 북구 양학천로 8(),91.78,990000
88,LPK0011,1,22813,***,24년 병영도서관/독서카페 도서 구매,물품,LPK,제8기동사단,202405311030,K9EF0,바른상사,,박미애,01099059808,"경기도 포천시 소흘읍 호국로287번길9-24, 22-209",90.002,31497800
229,MCT0030,1,23026,***,CCTV설치 납품,물품,MCT,국군체육부대,202405311030,C980F,씨지에스아이티(주),CGSIT,최규식,0226328730,"서울특별시 금천구 가산디지털1로1-0 (가산동, 더루벤스밸리) 1208호",88.327,36534479
9,LMJ0002,1,22862,***,24년 음식물쓰레기 처리용역,용역,LMJ,제7포병여단,202405311030,H39C4,유경농장,yk,신철호,010-4074-5849,경기도 포천시 영북면 방골길382,88.415,38739655
19,SDF0077,1,22985,***,공기청정기 필터 등 7종,물품,SDF,제5738부대,202405311030,HE4E7,사단법인 한국장애인미래정책포럼,,배영환,0237753969,서울특별시 영등포구 선유로9길10 (문래동6가)2층 203호(에스케이브이원센터,88.041,14128932
309,MCX0032,1,22974,***,24-자운대 전반기 정기안전점검 용역,용역,MCX,자운대근무지원연대,202405311030,C7BA6,(주)엘씨구조시스템,LC STRUCTURE SYSTEM,이종석,07075436074,"경기도 안양시 동안구 시민대로401, 1104호(관양동, 대륭테크노타운15차)",88.005,30337654
2,SFC0061,1,19727,***,24-덕-홍보물(다이어리 등 2품목) 제작 구매,물품,SFC,제9691부대,202405311030,H0895,(주)메이든,maden,전미정,0517469328,부산광역시 동래구 충렬대로399-0 (안락동) 2층,99.671,62761500
2,MCR0043,1,18804,***,정책현안 연구용역(2. 두개의 전쟁과 미래전쟁),용역,MCR,국방대학교,202405311030,F3522,국방대학교산학협력단,KNDU R and DB Foundation,문호석,0418316361,충청남도 논산시 양촌면 황산벌로1040,,22734000
6,LIK0029,1,19048,001,'24년 부대계약(7~9월) 부식(일반품목3) 구매,물품,LIK,제2군수지원여단,202405311030,B8DB8,씨제이프레시웨이 주식회사,CJFRESHWAY,이건일,0221496154,경기도 용인시 기흥구 기곡로32-0 (하갈동),58.833,903835
5,EBH0024,1,1914,***,24년 발칸 사격제어부 부품,물품,EBH,해상공중전력운영계약팀,202405301630,2346F,건웅테크 주식회사,"Keon Woong tech co,.ltd",박영혜,0513053300,부산광역시 강서구 가리새2로58-0 (범방동),84.607,783192000
17,UDA0012,1,22412,***,'24년 얼음정수기 임차,용역,UDA,제3190부대,202405301630,E515B,필립시스템,philipsystem,김재롱,01037345656,경기도 김포시 대곶면 대곶북로158번길1-0 204호(창고동),88.201,100358550
37,LCF0269,1,22216,***,조종사용 머플러 1항목 제조(피복),물품,LCF,육군군수사령부,202405301630,L6BFB,주식회사 마크온탑,,신승자,07076039643,서울특별시 영등포구 여의대방로43나길10-1 (신길동)  1층,88.28,10810750
14,EBH0017,1,6300,***,BTCS 부품(구매),물품,EBH,해상공중전력운영계약팀,202405301630,M7442,주식회사 오공,,권기순,0315125077,경기도 구리시 수택천로16번길32-0 (수택동),88.104,232600000
430,LPF0055,1,22598,***,24년 사령부 및 훈련장 제초 용역,용역,LPF,제51보병사단,202405301600,J8114,주식회사 범하건설산업,,장선희,0316302240,"경기도 화성시 동탄오산로86-8, 406호(오산동, 동탄역로얄클래스)",87.78,53063153
381,LPF0056,1,22599,***,24년 예비군훈련대 제초 용역,용역,LPF,제51보병사단,202405301600,D0B49,주식회사 소담,sodam,김권예,0313129937,경기도 시흥시 은계번영길5-0 (은행동),87.747,34901320
63,EBB0204,2,5052,***,"일반호스(전차, 장갑차용)(구매)",물품,EBB,지상공통전력운영계약팀,202405301530,JBCA9,시앤에스테크,,최재식,0513130420,부산광역시 사상구 학감대로252번길68-0 (주례동),87.998,61540500
19,UMM0675,1,22483,***,24~25-D-주한미군기지이전 이사화물 수송용역,용역,UMM,국군재정관리단,202405301530,CF4E0,대신로지스틱스 주식회사,DAISHIN LOGISTICS,양임석,0222014000,"서울특별시 송파구 오금로46길5-0 (가락동, 보성빌딩) 3층",95.19,183250000
3,UMM0661,1,21824,***,(24G186-I) 노후 LAN 교체사업 금융리스,물품,UMM,국군재정관리단,202405301530,M501B,미래에셋캐피탈(주),,이만희,027879295,"서울특별시 중구 을지로5길26, 6층 (수하동, 미래에셋센터원 웨스트타워)",99.415,5621887020
3760,UMM0679,1,20009,***,(246195-F) 디지털 인쇄장비 구매,물품,UMM,국군재정관리단,202405301530,LD7BE,한부자 컴퍼니,,한승택,01038703585,"광주광역시 서구 월드컵4강로28번길60, 101동 104호(화정동, 신동아아파트)",87.995,60828942
4974,UMM0638,1,18767,***,24-N-육성용접기 구매(248147-F),물품,UMM,국군재정관리단,202405301530,L4B56,스토리큐라,,이선영,01047109326,"서울특별시 은평구 증산로1길26 (수색동, DMC청구아파트) 103동 304호",87.995,97473900
18,UMM0642,1,18619,***,24-M-상륙작전 탑재모델 유지보수,용역,UMM,국군재정관리단,202405301530,IF172,주식회사 코테스,,고기종,0432357292,충청북도 청주시 흥덕구 비하로59-2 (비하동),94.052,60500000
11,UMM0650,1,18210,***,24-N-0함대 비데 임차용역,용역,UMM,국군재정관리단,202405301530,K1CA7,그린워터,,최안나,03216447534,경기도 용인시 수지구 동천로285 (동천동),88.384,59859040
501,UMM0678,1,16158,***,(247134-F) 장비운영소모품(외과3) 구매,물품,UMM,국군재정관리단,202405301530,K0CBD,주식회사 모아텍,,김동섭,07087671114,대구광역시 수성구 범어천로54-0 (범어동) 3층 337호,87.996,87221786
755,UMM0652,1,14801,***,[24F142-A]  취사장 청소용역,용역,UMM,국군재정관리단,202405301530,F1678,(주)크린에코,CleanECO,박동선,0547495665,경상북도 경주시 감포읍 동해안로2229,88.002,72849531
1717,UAC0019,1,20889,***,인쇄재료 48종 수시 구매,물품,UAC,국방출판지원단,202405301530,J12D9,조이유통,,권민순,01075425238,"경기도 의정부시 송양로94-0 (민락동, 민락엘레트19단지)1903-2602",87.997,42185160
52,LFK0040,1,22024,***,2수송교육연대 얼음정수기 임차 용역,용역,LFK,육군종합군수학교,202405301530,E515B,필립시스템,philipsystem,김재롱,01037345656,경기도 김포시 대곶면 대곶북로158번길1-0 204호(창고동),87.862,42808680
13,LFK0039,1,22013,***,1수송교육연대 얼음정수기 임차 용역,용역,LFK,육군종합군수학교,202405301530,M8F31,해오름컴퍼니,,김재경,025877972,경기도 용인시 수지구 동천로285 (동천동),87.768,57014550
3,EBH0019,1,6300G,***,"BTCS 부품(일반,제조)",물품,EBH,해상공중전력운영계약팀,202405301500,MAAA6,주식회사덕인,,장남인,0553851151,경상남도 양산시 유산공단3길33-0 (교동),84.956,507844000
7,EBHE005,1,4621,***,밸브 어뢰발사관(제조),물품,EBH,해상공중전력운영계약팀,202405301500,LDFE4,제이에이치텍,,강종현,0513238011,부산광역시 사상구 가야대로196번길63,97.935,39950000
2870,MHD0059,1,20927,***,2024년도 2분기 전산(프린터) 소모품 구매,물품,MHD,방위사업청(운영지원과),202405301430,I159A,라니상사,Ranee corp,정혜란,01083422305,"인천광역시 연수구 컨벤시아대로42번길96, 601-1502(송도동, 더샵 엑스포)",87.995,187824480
1,LFN0022,1,21804,***,24년 3사교 주변국 군사유적지 탐방 여행용역,용역,LFN,육군3사관학교,202405301400,BAF62,(주)하나투어,Hanatour service Inc.,송미선,0221270176,서울특별시 종로구 인사동5길41-0 (공평동),90.313,375374000
4,EBHE004,1,4795,***,케이블 조립체류(구매),물품,EBH,해상공중전력운영계약팀,202405301400,E6A75,시온테크,ziontechnology,박혜성,0415221408,충청남도 천안시 서북구 백석공단1로10-0 (백석동),88.41,69539000
6,LIK0027,1,19031,001,'24년 부대계약(7~9월) 부식(일반품목1) 구매,물품,LIK,제2군수지원여단,202405301330,G1811,삼성웰스토리 주식회사,SAMSUNG WELSTORY INCORPORATED,정해린,03151714408,경기도 성남시 분당구 구미로8-0 (구미동),51.649,1305621
6,LIK0028,1,19038,001,'24년 부대계약(7~9월) 부식(일반품목2) 구매,물품,LIK,제2군수지원여단,202405301330,B8DB8,씨제이프레시웨이 주식회사,CJFRESHWAY,이건일,0221496154,경기도 용인시 기흥구 기곡로32-0 (하갈동),55.758,1019753
637,LCP0043,1,22591,***,탑승식 습식 청소차 구매,물품,LCP,육군항공사령부,202405301130,HA139,무한상사,Moohan Corp,이정매,01075605966,"서울특별시 강동구 성내로6나길27, 101-205",88.003,16796690
12,LKG0055,1,22155,***,24년 7~9월 부대계약(빵류) 구매,물품,LKG,육군제53보병사단,202405301100,LDD4A,주식회사 로만,,배순옥,041-332-2347,충청남도 예산군 신암면 용산로159,88.277,661161622
142,MDR0027,1,22638,***,다출처영상융합체계 운영용품 구매,물품,MDR,제9965부대,202405301100,LF87E,예모아,,이예진,01063730801,"경기도 안양시 만안구 만안로259, 312호(안양동 원평노블레스 11차)",88.001,27229637
108,LKG0058,1,22644,***,[육성]예비군훈련대대 예초용역(부산),용역,LKG,육군제53보병사단,202405301100,D8944,(주) 노은,noeun,박노환,0517573753,"부산광역시 연제구 과정로114번길18-14 ,1층(연산동)",88.042,35190543
163,MDD0080,1,20621,***,'24년 재투자 의무장비(파라핀수욕조) 구매,물품,MDD,국군수도병원,202405301100,H9738,제이투산업,j2industry,최진이,01054316650,"인천광역시 남동구 서창남순환로9, 1001동 18층 1804호(서창동, e편한세상서창)",88.001,8668900
1488,MDD0079,1,20619,***,'24년 의무장비(헤모글로빈 A1C자동분석기) 구매,물품,MDD,국군수도병원,202405301100,M465F,더스테이지,,한아름,01020209687,경기도 안양시 동안구 관양로269-5 (관양동) 3층,87.995,38917800
110,LKG0056,1,22171,***,24년 7~9월 부대계약(일반품목) 구매,물품,LKG,육군제53보병사단,202405301100,M472D,한림 주식회사,,임규율,0318292644,경기도 의정부시 범골로35번길42-0 (호원동),83.019,2744684615
4,HCF0143,1,20723,***,항공기 기관 창정비장비 유지보수,용역,HCF,공군군수사령부,202405301030,C08E2,(주)이엔씨테크,ENCTECH,이종희,0432340006,충청북도 청주시 흥덕구 2순환로742번길2 (화계동),88.078,29935050
110,HFD0006,1,22613,***,24-060 물품 보관함 등 3품목,물품,HFD,공군제38전투비행전대,202405301030,J2925,미성FEP,,이중섭,01099598020,"전북특별자치도 전주시 덕진구 백동5길21-0, 1층(인후동2가)",88.01,14038000
609,SDG0024,1,22605,***,망간건전지 등 285종 구매,물품,SDG,제2002부대,202405301030,DBE6B,대한상역,"DH,,Lte",나혜만,010-4398-2588,인천광역시 강화군 양도면 강화남로374번길26-21,88.003,30611210
113,SFD0051,1,22539,***,재난안전물자(레스큐튜브등 2품목)구매,물품,SFD,제9227부대,202405301030,L5F97,한컴퍼니,,한애경,01045078353,"경상북도 포항시 남구 지곡로260, 107동 1302호(지곡동, 효자그린아파트)",88.017,21749480
60,LNH0007,1,22710,***,'24-1차 취사기구 구매,물품,LNH,육군제7163부대,202405301030,J4257,주식회사 오로라,,정순애,01075420347,"경기도 고양시 덕양구 능곡로13번길16-0 , 202동 2401호(토당동, 능곡2차현대홈타운)",88.064,8779740
287,LGT0052,1,22643,***,예비군훈련대 실내사격장 방탄보호판 설치(24-GP-34),물품,LGT,제2307부대,202405301030,EC3A6,주식회사 태승,CallSignENG,이정애,0332559049,강원특별자치도 화천군 화천읍 산수화로6-1,88.003,25618620
517,LNQ0025,1,22400,***,24년 병영도서관 및 독서카페 도서구입,물품,LNQ,제17보병사단,202405301030,M46C0,한스맘,,송남계,010-9931-0566,인천광역시 부평구 수변로15번길88(부개동),90.001,51194088
5,LPK0010,1,22602,***,24년 OO부대 토양오염 정밀조사 용역,용역,LPK,제8기동사단,202405301030,F7833,재단법인 한국환경조사평가원,Korea Environmental Investigation and Assessment Institute,지창환,0313117768,"경기도 시흥시 포도원로116번길25, 801호(신천동, 프라임캐슬 지식산업센터)",88.261,14114000
9,SDG0023,1,22575,***,24-인-도배장판시공 용역,용역,SDG,제2002부대,202405301030,A5D65,주식회사 광성공사,"kwang-sung co.,ltd",김동효,0325652277,"인천광역시 서구 서곶로332, 1층 (심곡동, 케이에스빌딩)",88.153,7918100
839,MFH0007,1,22482,***,'24년 전반기 전산운영용품 구매,물품,MFH,국방시설본부,202405301030,LE047,젤리핑크,,오진아,0623853252,서울특별시 강북구 한천로124다길39-0 (번동) 102호,88.001,37644310
1041,SCF0515,1,16972,***,"스위치,근접식 2EA 구매",물품,SCF,해군군수사령부,202405301030,LD02C,주식회사 이현코리아,,이순화,07042422949,경상남도 창원시 마산합포구 해안대로11 (해운동) 401-10호,87.995,25232800
3862,SCF0516,1,15986,***,밀폐형인화점측정기 1EA 구매,물품,SCF,해군군수사령부,202405301030,K4756,에스유상사,,김상욱,01063252888,경기도 하남시 미사대로520 (덕풍동)현대지식산업센터2차 C동 A624호,87.995,33201004
4661,MCL0004,1,22108,***,24-1차 ○○○체계 운용품 구매,물품,MCL,국방정보본부,202405301030,G5BD7,주식회사 도경,"DOKYEONG  INFORMATION COMMUNICATION CO., LTD.",정길호,0319057279,"경기도 고양시 덕양구 삼원로63, 12층 에프1205호(원흥동, 고양 아크비즈 지식산업센터)",87.995,42083770
292,LBA0047,1,22517,***,‘24년 7~9월 부대조달 부식(햄류 2품목) 구매,물품,LBA,제 2167부대,202405301030,L68AF,삼일앨엔에스,,손용익,01024502789,"경기도 안양시 동안구 관악대로249번길11, 2층 201호 (비산동)",82.997,447847404
2,LBA0046,1,22513,***,‘24년 7~9월 부대조달 부식(미소된장) 제조/구매,물품,LBA,제 2167부대,202405301030,1463F,동해식품(주),"Dong Hae Foods Co.,LTD",김진은,0336434393,강원특별자치도 강릉시 모산로169번길30 (담산동),88.261,9296993
122,LBA0045,1,22511,***,‘24년 7~9월 부대조달 부식(빵류 55품목) 구매,물품,LBA,제 2167부대,202405301030,E4EC4,아이리치베이커리,,정양숙,0557589779,경상남도 진주시 대곡면 진의로612-4,83.001,1893097470
414,HCF0141,1,20755,***,유압유 미립자 분석기 교정키트 구매,물품,HCF,공군군수사령부,202405301030,GC747,근영유통,geunyoung dis.,박수영,01071026608,"대구광역시 북구 태전로1, 101동 302호 (태전동, 태전역 더 뉴클래스)",88.004,30313412
2,EBB0212,1,4111B,***,"스위치,온도조절용",물품,EBB,지상공통전력운영계약팀,202405291630,MAAA6,주식회사덕인,,장남인,0553851151,경상남도 양산시 유산공단3길33-0 (교동),83.994,166736000
4,SCU0042,1,22254,***,전기튀김기 2개 구매,물품,SCU,해군 기동함대사령부,202405291630,KF264,일광기업 주식회사,,전지영,0552422276,경상남도 창원시 마산합포구 허당로84-0 (산호동),88.034,2246230
24,LHM0056,1,22409,***,24년 전반기 물탱크 청소 용역,용역,LHM,제15보병사단,202405291630,J7A89,주식회사사람사는세상,,송혜자,0336428777,강원특별자치도 강릉시 가작로307-0 (포남동),88,20048909
131,LHQ0028,1,22320,***,24년 무열마을 단지 조경용역,용역,LHQ,제2작전사령부,202405291630,H0CB9,주식회사 진환조경,jin hwan landscape archtecture,황종훈,0536141088,대구광역시 달성군 화원읍 비슬로491길11,88.002,17010850
356,LDA0016,1,21372,***,24년 1차 전산운용재료 구매,물품,LDA,지상작전사령부,202405291630,KECDA,주식회사하임종합관리,,유빛나,07041462431,"경기도 김포시 고촌읍 장차로13번길25, 302-1070호(세종프라자)",88.001,22779220
74,LHK0039,1,21657,***,24년 과학화훈련장 제초용역,용역,LHK,제2군단,202405291630,L0FE9,주식회사오투,,이길민,0337345360,강원특별자치도 원주시 바우골길12-2 (단계동),88.025,5639500
292,LFK0041,1,22203,***,24-2차 정보통신운영 및 사이버지식정보방 구매,물품,LFK,육군종합군수학교,202405291630,L97FE,스페이스 와이지,,이수진,07051542699,"대전광역시 유성구 노은동로219, 303동 902호(지족동, 열매마을아파트3단지)",88.008,21855728
2,LGT0050,2,21553,***,24년 얼음정수기 임차용역 (24.6~27.5),용역,LGT,제2307부대,202405291630,L1B88,큐어컴퍼니,,이지행,01034379149,강원특별자치도 횡성군 서원면 신평석화로905,88.511,143284440
2,LDH0542,1,20874,***,(특무) 창정비용 일반물자 구매,물품,LDH,육군종합정비창,202405291630,F1280,주식회사 모든통상,modentrade,최광용,07073531610,"서울특별시 구로구 가마산로232 (구로동, 스페스큐브)",88.887,5389670
2,ELA0020,1,5310L,***,24년 경량화수류탄 파라핀 지환통,물품,ELA,화력총괄계약팀,202405291630,D3C15,(주)오성지관,"O SUNG PAPER TUBE MFG.CO.,LTD",오형수,0318587092,경기도 양주시 칠봉산로337번길11 (봉양동),85.696,311750000
6,EBH0012,1,5400,***,자이로 유니트 어뢰용(정비),물품,EBH,해상공중전력운영계약팀,202405291630,HA57B,와이디일렉트로닉스 주식회사,YD Electronics,김희수,0519109983,"부산광역시 금정구 개좌로273-20 (회동동), 브이원타워 604호",88.44,196324400
4,EBH0018,1,0420A,***,24년 VIC-7K/9K부품류,물품,EBH,해상공중전력운영계약팀,202405291630,1003F,연합정밀(주),"YEONHAB PRECISION CO.,LTD",김은주,0415665992,충청남도 천안시 동남구 목천읍 학수소사길219-27,85.012,400000000
3,EBH0010,2,0016B,***,24년 오리콘 몸통(덮개),물품,EBH,해상공중전력운영계약팀,202405291630,4498F,삼호정밀,SAMHO PRECISION,김일천,0519717226,부산광역시 강서구 평강로217-1 (대저1동),84.334,293500000
18,EBB0215,1,7970,***,"판조립체, 덮개용(K1전차)",물품,EBB,지상공통전력운영계약팀,202405291630,L33B4,혁신산업,,김윤정,0553443044,경상남도 김해시 한림면 한림로515번길224-0,88.048,32594000
6,HCF0139,1,21426,***,[신궁 유도탄 부품]가스관 조립체 등 5종 제조,물품,HCF,공군군수사령부,202405291600,KDBEA,도균테크,,김도균,0513015821,부산광역시 사상구 낙동대로1318번길52-0 (삼락동),88.784,23125200
10,SCP0065,1,22420,***,24-동 0함대 예초용역,용역,SCP,제8385부대,202405291600,J90B6,대성이엔씨 주식회사,,김진오,0335322178,강원특별자치도 동해시 샘실3길68. 2층 201-1호(천곡동),88.703,42770000
10,SCP0064,1,22418,***,24-동 주거시설 예초용역,용역,SCP,제8385부대,202405291600,D4706,주식회사 조은조경,joen,진성태,0335220087,강원특별자치도 동해시 송정로25-0 (송정동),88.029,10333557
270,LKF0041,1,22374,***,24년 1~3분기 전산운영용품 구매,물품,LKF,제6755부대,202405291600,M8579,굿즈매치,,이수진,01049988552,"대구광역시 북구 도남길76-0 (국우동, 힐스테이트데시앙 도남1단지)106동 1005호",88.003,77660190
9,SCP0069,1,22430,***,24-동 관사시설 예초용역,용역,SCP,제8385부대,202405291600,J90B6,대성이엔씨 주식회사,,김진오,0335322178,강원특별자치도 동해시 샘실3길68. 2층 201-1호(천곡동),88.192,5093700
28,LPG0012,1,22411,***,'24년 1공구(A여단) 제초관리용역,용역,LPG,제5보병사단,202405291600,L0F5A,(주)에이펙스조경,,이성옥,0334528239,"강원특별자치도 철원군 갈말읍 태봉로1526-12, 1층",88.149,60088146
12,LPG0011,1,22410,***,'24년 2공구(B여단) 제초관리용역,용역,LPG,제5보병사단,202405291600,E4680,주식회사 강산조경,gang san,김대연,0318347886,경기도 연천군 연천읍 연천로285,89.138,56594388
12,LPG0010,1,22408,***,'24년 3공구(C여단) 제초관리용역,용역,LPG,제5보병사단,202405291600,B0B54,주식회사 서진,SEOJEEN,서수진,0318345688,경기도 연천군 연천읍 샘골길29,88.082,75090000
11,LPG0009,2,22407,***,'24년 4공구(사령부) 제초관리용역,용역,LPG,제5보병사단,202405291600,B0B54,주식회사 서진,SEOJEEN,서수진,0318345688,경기도 연천군 연천읍 샘골길29,88.09,87069000
10,MDQ0008,2,17368,***,구조실습 마네킨 등 5품목 구매,물품,MDQ,국군의무학교,202405291600,GE221,가드케이 충청,,김희숙,0422562035,"대전광역시 중구 동서대로1365번길12, 2층(목동)",95.246,17965000
1213,LQG0046,1,22279,***,00부대 전산운영용품(2~3분기) 구매 납품,물품,LQG,육군 52보병사단,202405291600,LF4BA,블러썸코코,,이서율,01093080121,"경기도 고양시 일산서구 강선로188-0 (일산동, 후곡마을)1110동 1501호",88,30790692
544,LCN0029,1,21481,***,'24-2차 전산운영용품 및 부수장비 구매,물품,LCN,육군사관학교,202405291600,H1E33,가나안테크,Canaantech,박상수,01072822719,"경기도 시흥시 비둘기공원7길51, 1층 103-3호(대야동, 대명프라자)",88.001,36037477
78,SFM0046,1,22190,***,군장품(태극기) 제조,물품,SFM,제3170부대,202405291600,L21F0,주식회사 대일산업,,최외숙,01049234280,"부산광역시 사상구 낙동대로1356번길28, 2층(삼락동)",88.001,79128900
108,LCG0041,1,22178,***,[24-육-114] 안전문화 홍보 로고라이트 구매,물품,LCG,육군본부,202405291600,M266D,에제르 컴퍼니,,이우형,07043003323,"경기도 남양주시 별내중앙로30, 6층 605-317호(별내동, 별내로데오몰)",88.028,11598260
235,SCP0068,1,22428,***,24-울 000전대 예초용역,용역,SCP,제8385부대,202405291600,AA8F3,주식회사 대도건설,daekyung,이명호,0544617951,"경상북도 김천시 아포읍 한지2길18, 2층",88.003,36171900
10,SCP0067,1,22426,***,24-동 0000대대 예초용역,용역,SCP,제8385부대,202405291600,L9548,건흥엔지니어링주식회사,,장한조,0335323837,"강원특별자치도 동해시 동해대로5443 (평릉동, 동해시종합버스터미널) 1층 108호",88,71674156
14,SCP0066,1,22423,***,24-기 000전대 예초용역,용역,SCP,제8385부대,202405291600,JCA51,(주)강원조경,,최문식,0336312007,강원특별자치도 고성군 죽왕면 동해대로5847-0,88.584,36209709
21,SCG0015,1,22355,***,Drum unit 등 24종 구매,물품,SCG,해군본부,202405291600,L0943,이젠진상사,,김진혁,0425513100,"충청남도 계룡시 엄사면 엄사중앙로66, 3동 104호",88.085,30213900
275,SCN0095,1,22253,***,라쳇 콤비렌치 세트 등 241종 구매,물품,SCN,제7001부대,202405291600,MA169,민쓰네유통,,서현욱,01067622343,"경상남도 창원시 의창구 북면 감계로233, 407동 19층 2호(창원 감계 힐스테이트 4차)",88,45641400
40,SCH0082,1,22366,***,타이가 팬츠 등 3종,물품,SCH,해군작전사령부,202405291600,I08F0,대성,dae sung,최명희,01068330717,"경상남도 창원시 마산회원구 양덕로65-0 (양덕동, 타코마) 가-503",88.001,9989820
285,SCH0083,1,22365,***,동파이프 확관기 등 64종,물품,SCH,해군작전사령부,202405291600,L7DFD,윤지영,,윤지영,010-5473-4902,"부산광역시 동래구 온천천로399번길14-0 (낙민동, 동원로얄듀크)102동2203호",88.045,28982272
77,SCH0084,1,22364,***,24-0전단 00관사 제초 용역,용역,SCH,해군작전사령부,202405291600,A0BD7,주식회사 석영토건,"Dae Heung Construction Co.,Ltd.",김기수,0552532850,"경상남도 창원시 의창구 차룡로48번길44, 1404호(팔용동, 창원스마트업타워)",88.02,5135930
3,LKH0014,1,22389,001,24-4차 예비군 수송버스 임차용역(창원),용역,LKH,제6128부대,202405291600,HCBEB,주식회사 뉴하나고속관광,"NEW HANA TRAVEL CO.,LTD.",김진환,0533522600,대구광역시 달서구 와룡로38-1 (본동),88.597,72000000
16,SCI0059,1,22261,***,원적외선히터 등 2종 8점 구매,물품,SCI,제9121부대,202405291600,G7B37,마니,money,신동심,0552957783,경상남도 창원시 의창구 북면 동곡로33-0  휴먼빌108-501,88.466,3948927
44,SCQ0052,2,22068,***,공기청정기 필터 제조납품,물품,SCQ,제9911부대,202405291600,D186C,주식회사 부일필터,"BOOIL FILTER CO.,LTD",정현주,0518513025,부산광역시 금정구 금사로 165(회동동),88.008,70637860
76,SCI0058,1,22238,***,센서 HEAD WITH SE 등 5종 구매,물품,SCI,제9121부대,202405291600,LA0C0,정온통상,,정한수,01045972866,"경상남도 창원시 마산회원구 팔용로91, 204동 1802호(합성동, 창원두산위브더센트럴 2단지)",88.093,72970631
3,LPF0054,1,22432,***,24년 예비군훈련 셔틀버스 임차(4차),용역,LPF,제51보병사단,202405291600,J1A37,주식회사 더버스(The BUS),,안영대,031-774-4000,경기도 양평군 양평읍 도장골길31-3,99.078,37990000
248,SCP0063,1,22414,***,24-포 00대대 예초용역,용역,SCP,제8385부대,202405291600,J1755,대림조경개발 주식회사,,백은호,01065853801,경상북도 김천시 아포읍 아포대로998-1,88.007,27601560
14,LKS0040,1,22367,***,롤장비운용재료 구매,물품,LKS,육군인사사령부,202405291600,M78D9,현대종합상사,,정이안,010-4411-2344,충청남도 계룡시 두마면 제1산단로7-4 2동 2호,88.167,15470000
377,LKS0039,1,22358,***,'24-5차 전산운영용품 구매,물품,LKS,육군인사사령부,202405291600,M3F6E,아람,,박은숙,01020324907,"대전광역시 서구 원도안로100, 102동 101호(도안동, 도안베르디움)",88,11765440
121,LDI0003,3,20409,***,"24년 취사장 후드,덕트 청소 용역",용역,LDI,육군 1군 102기갑여단,202405291600,E1958,하이크린,hyclean,조재용,0337460807,강원특별자치도 원주시 이화3길 16-17(단계동),88.023,9666390
41,SFD0050,1,22183,***,의무약품 및 물자(탁센연질캡슐등 136품목)구매,물품,SFD,제9227부대,202405291600,KCC2B,주식회사원진메디팜,,김진규,0319868101,"경기도 김포시 고촌읍 아라육로80, 226호",88.001,23636550
121,LDI0003,5,20409,***,"24년 취사장 후드,덕트 청소 용역",용역,LDI,육군 1군 102기갑여단,202405291600,E1958,하이크린,hyclean,조재용,0337460807,강원특별자치도 원주시 이화3길 16-17(단계동),88.023,9666390
5045,LGM0021,1,22322,***,(24-물품-42) 24-3차 정보통신체계운영 용품 구매,물품,LGM,제11기동사단,202405291600,K6F4B,어썸스토어,,고윤미,01062257416,"강원특별자치도 원주시 나비허리길57-0, 105동 305호 (단구동, 단구 신성 미소지움)",88,30493730
4,UMM0641,1,21655,***,(24G191-A) 클라우드 기반 구축 상용SW 2차 금융리스,물품,UMM,국군재정관리단,202405291600,G1D8F,주식회사 우리카드,wooricard,진성원,0269683142,서울특별시 종로구 종로1길50-0 (중학동) 더케이트윈타워,95.524,325457200
961,UMM0649,1,20616,***,(24F194-A) 제초용역,용역,UMM,국군재정관리단,202405291600,C9972,다산종합조경주식회사,DASAN,장영수,0328156746,"인천광역시 남동구 소래역로46번길28-0, 504호 (논현동)",88.04,217668000
1619,UMM0648,1,18518,***,(246214-E) 자동표기용 종이(울트라컷)구매,물품,UMM,국군재정관리단,202405291600,I503A,소영프로젝트,Soyoung Project,정소영,0317751724,"경기도 남양주시 진접읍 해밀예당1로50-47 , 506호 C98(리첸타워)",87.995,77471260
55,UMM0647,1,18339,***,"(246103-E) 담요, 폭발군수품처리용 1항목 제조",물품,UMM,국군재정관리단,202405291600,K8847,탑에스씨,,이승은,07070079007,"서울특별시 영등포구 여의대방로43나길12, 1층 (신길동)",88.013,98435150
9,UMM0618,2,16357,***,(246022-G) VoIP용 음성동보장치 제조설치(리스물건),물품,UMM,국군재정관리단,202405291600,C1FA0,주식회사유비라인,"UBLINE CO., LTD",이병오,027142400,"서울특별시 금천구 디지털로9길 32, 갑을그레이트밸리 A동 1602호(가산동)",88.825,147350000
149,SCF0514,1,21274,***,"(긴급)정류기,반도체 장치용 등 2종",물품,SCF,해군군수사령부,202405291600,HC427,제일테크,JEILTECH,김문길,0512656997,부산광역시 사하구 다대로613-0 (다대동) 자유마트 220호,99.57,23996500
1137,SCF0513,1,17977,***,(긴급) 과급기 등 2종,물품,SCF,해군군수사령부,202405291600,I4D5E,재윤상사,Jae Yoon Corp,임명택,01068319985,"경기도 시흥시 월곶중앙로14번길87, 215-307(월곶동)",87.995,110537180
243,MDF0023,1,21738,***,전관방송시스템 노후 교체사업,물품,MDF,국군지휘통신사령부,202405291600,ID77C,이에스텍이엔지 주식회사,,최정환,07043224747,"경기도 화성시 동탄첨단산업1로27, 515호,516호 (금강펜테리움아이엑스타워)",87.998,754101700
3,LQG0045,1,22278,***,(육성) 예비군 무기 총기보관용 박스 제조 납품,물품,LQG,육군 52보병사단,202405291600,1900F,전일목재산업 주식회사,JEONIL TIMBER,김병진,0635453131,전북특별자치도 김제시 백구면 금백로1138-0,89.149,3702000
245,LGI0051,1,22334,001,'24-3차 부대계약 후식(유제품류) 구매,물품,LGI,제3군수지원여단,202405291600,GF4C9,주식회사 위앤코리아,we and corea corp,노현창,0319431583,경기도 파주시 연다산길248  (연다산동),82.997,4140.62
259,LGI0037,1,21286,001,'24-3차 부대계약 후식(아이스크림류) 구매,물품,LGI,제3군수지원여단,202405291600,J4A17,주식회사 에스앤피인터내셔널,,김호기,025462705,"경기도 광주시 오포읍 봉골길81번길11-4, 2층 (문형리)",82.997,9870.18
255,LGI0035,1,21284,001,'24-3차 부대계약 후식(음료류) 구매,물품,LGI,제3군수지원여단,202405291600,J6361,주식회사 멀티열린세상,,주영철,01020118585,"경기도 광명시 광명로786번길4 (광명동),301호",83.008,10972.14
195,LGI0034,1,21283,001,'24-3차 부대계약 후식(간식류) 구매,물품,LGI,제3군수지원여단,202405291600,M597F,거제축산물급식센터 주식회사,,이정미,0556339393,경상남도 거제시 수양로210 (양정동),83.022,2970.3
178,LGI0033,1,21282,001,'24-3차 부대계약 후식(과일류) 구매,물품,LGI,제3군수지원여단,202405291600,ED9DD,(주)해도식품,haedofood,윤현주,0616427322,전라남도 여수시 국동남8길10(국동),83.01,4247.77
195,LGI0032,1,21281,001,‘24년 3분기 영내자증식 (에너지바 등 17종),물품,LGI,제3군수지원여단,202405291600,BCFAD,주식회사 삼성육운,samsungyoukwoom,이미자,032-439-6267,"인천광역시 남구 주안로 108, 경향프라자 401호(주안동)",83.037,20253
1008,LCF0268,1,21575,***,"벙어리장갑,내열용 등 3항목 구매(총포)",물품,LCF,육군군수사령부,202405291600,K26F3,토우코퍼레이션,,양정화,0553130935,경상남도 김해시 상동면 상동로279-21,87.997,39792520
73,LCF0267,1,07293,***,"필터,유체용 등 1항목 구매(총포)",물품,LCF,육군군수사령부,202405291600,BA226,주식회사 서한산업,SUHHAN INDUSTRIES,강윤식,0512627971,부산광역시 사하구 다산로176번길 35(),88.358,10808000
43,LCF0265,1,07290,***,"리드선,전기용 등 15항목 구매(총포)",물품,LCF,육군군수사령부,202405291600,E6A75,시온테크,ziontechnology,박혜성,0415221408,충청남도 천안시 서북구 백석공단1로10-0 (백석동),98.924,7185000
121,LDI0003,4,20409,***,"24년 취사장 후드,덕트 청소 용역",용역,LDI,육군 1군 102기갑여단,202405291030,E1958,하이크린,hyclean,조재용,0337460807,강원특별자치도 원주시 이화3길 16-17(단계동),88.023,9666390
5730,LDH0544,1,21213,***,24-2차 전산소모품 구매,물품,LDH,육군종합정비창,202405281330,JDC7F,주식회사올바른,,맹지수,0519717002,부산광역시 기장군 장안읍 장곡길173-0 107호,88,30775527
2,LDH0526,1,20052,***,"K200 스위치,온도조절용 등 13종 구매",물품,LDH,육군종합정비창,202405281300,BDFC7,현대정밀가스켓,,이의정,051-802-7662,부산광역시 사상구 가야대로175번길29-0 (감전동),88.392,11535000
2,LDH0540,1,20070,***,"K221 덮개,방수용 등 8종 구매",물품,LDH,육군종합정비창,202405281300,DC147,DGI산업,DGI.CO,백지윤,0519042500,"부산광역시 동래구 차밭골로21번길36, 1층 (온천동)",92.354,6650000
5,LDH0534,1,20062,***,K200 시일 등 7종 구매,물품,LDH,육군종합정비창,202405281300,M81CD,도하테크,,이은선,051-303-5134,부산광역시 강서구 대저로3번길52-15 (대저1동),88.325,3882650
4,LDH0527,1,20053,***,K200 오-링 등 18종 구매,물품,LDH,육군종합정비창,202405281300,I52B6,티케이(T.K)테크,T.K TECH,김재욱,051-303-5134,부산광역시 강서구 대저로3번길52-15 (대저1동),88.302,8248640
199,LCF0257,1,14642,***,오-링 등 23항목 구매(궤도-012),물품,LCF,육군군수사령부,202405281130,M81CD,도하테크,,이은선,051-303-5134,부산광역시 강서구 대저로3번길52-15 (대저1동),88.045,26754940
691,LCP0042,1,22042,***,'24년 취사장 후드·덕트 청소용역,용역,LCP,육군항공사령부,202405281130,KECDA,주식회사하임종합관리,,유빛나,07041462431,"경기도 김포시 고촌읍 장차로13번길25, 302-1070호(세종프라자)",88.019,14537320
221,LCF0256,1,14644,***,"플러그 조립체,시일링용 등 33항목 구매(궤도-014)",물품,LCF,육군군수사령부,202405281130,IFADD,동진테크,,주진희,0513281155,부산광역시 사상구 낙동대로901번길25-38(감전동),88.025,175619000
3,EBB0205,1,1623,***,"브래킷, 판류",물품,EBB,지상공통전력운영계약팀,202405281100,EABF3,우창기계 주식회사,Woo Chang Machinery Co. Ltd,김운태,0552528997,경상남도 창원시 성산구 공단로324-21 (웅남동),84.769,242500000
7,LHM0054,1,21982,***,군-탄-7 디젤 매연 측정기 구매,물품,LHM,제15보병사단,202405281100,L913E,남산,,구정희,01097224808,"강원특별자치도 화천군 간동면 느릅길25, 1동 1층 103호(1)",88.507,7345200
94,LKG0053,1,21956,***,24-2차 더좋은 병영식당 취사기구 구매,물품,LKG,육군제53보병사단,202405281100,L5F9B,삼보금속,,최헌식,070-4651-0998,부산광역시 강서구 대저동서로211번길17-1 (대저2동),88.004,11361900
136,LGP0098,1,22131,***,24년 주거 시설 정기 안전점검 용역,용역,LGP,제1군수지원사령부,202405281100,CE34E,유케이건설(주),,하병욱,0557528790,"경상남도 진주시 충의로119 (충무공동),진주혁신도시아슬란스포츠몰 5층 C502-1호",88.018,22426790
314,LPC0027,1,22127,***,24년 소형전술차량용 특수윤활유 구매,물품,LPC,제25보병사단,202405281100,M17B4,캔디박스,,조혜리,01088769663,"강원특별자치도 속초시 미시령로3337번길2-0, 3층 302-E36호 (교동)",88.002,20787080
142,LKD0050,1,22162,***,24년 과학화예비군훈련장 제초관리 용역 계약,용역,LKD,제32보병사단,202405281100,CA1AD,(주)산내조경,San-Nae Landscape Architecture,유미숙,0415626351,충청남도 천안시 동남구 병천면 가전1길 161-9(),88.024,14127000
15,EBBE028,1,9520,***,스프링류,물품,EBB,지상공통전력운영계약팀,202405281100,K2645,(주)경원R&D,,김옥숙,0513044211,부산광역시 사상구 낙동대로1292번길9-0 (삼락동),88.015,36017500
20,MFK0009,1,21779,***,부대비품(냉난방기) 구매,물품,MFK,제9912부대,202405281100,BD4C2,디케이건설주식회사,DK,김동식,0319320971,"경기도 고양시 일산동구 정발산로 43-7, 메리트윈 310호(장항동)",88.011,3451680
228,HDL0014,1,22020,***,24년 탄약고지역 제초용역,용역,HDL,공군제16전투비행단,202405281100,KDE40,주식회사 건평,,최준식,0547450113,"경상북도 영덕군 영덕읍 덕곡길102, 2층",88.016,24175730
62,LFH0010,1,21828,***,24년 얼음정수기 임차 용역,용역,LFH,육군부사관학교,202405281100,M6340,주식회사 오거스트,,장원진,07040445360,"대전광역시 서구 둔산중로14번길36, 5층 517호 (탄방동)",87.992,106756850
68,UMM0639,1,21615,***,(24F151-B) 24년 얼음정수기 임차 용역,용역,UMM,국군재정관리단,202405281100,K1CA7,그린워터,,최안나,03216447534,경기도 용인시 수지구 동천로285 (동천동),87.827,133161400
2444,UMM0635,1,21572,***,(246170-B) 24년 통신장비용 축전지 구매,물품,UMM,국군재정관리단,202405281100,DEA0F,(주)현대전기시스템,"HYUNDAI ELECTRIC SYSTEMS CO.,LTD.",최실호,0513151271,부산광역시 사상구 새벽로167번길56-0 (감전동),82.995,233697200
182,UMM0630,1,21421,***,24-M-IP교환기 교체사업(리스자산),물품,UMM,국군재정관리단,202405281100,G5BD7,주식회사 도경,"DOKYEONG  INFORMATION COMMUNICATION CO., LTD.",정길호,0319057279,"경기도 고양시 덕양구 삼원로63, 12층 에프1205호(원흥동, 고양 아크비즈 지식산업센터)",83.134,647938860
827,UMM0636,1,19640,***,(247130-B) 장비운영소모품(병리6) 90종 구매,물품,UMM,국군재정관리단,202405281100,JD925,엠앤에스코리아,,김문수,01025227742,"경기도 포천시 군내면 포천로909번길10, 나동 2층",82.995,290594163
81,UMM0624,1,18945,***,24-N-기본피복(해군 여군 흑단화 등 2종) 구매,물품,UMM,국군재정관리단,202405281100,L7C94,주식회사 머니정,,이도근,0269598684,"서울특별시 종로구 종로36길17 (종로5가) 1,2,3층",88.009,111045000
151,UMM0660,1,18892,***,(24F137-I) 24년 ASP 방화지대 구축용역(중부권),용역,UMM,국군재정관리단,202405281100,D8DEA,유한회사 재영,greem,윤재영,0615357668,전라남도 여수시 선원7길16 (선원동) 3층,88.087,170464640
145,UMM0659,1,18891,***,(24F136-I) 24년 ASP 방화지대 구축용역(서부권),용역,UMM,국군재정관리단,202405281100,ED696,주식회사한백임업,HANBAEK,이대식,0538175302,"경상북도 영덕군 영덕읍 군청길58 , 2층",88.048,157339600
61,UMM0631,1,18581,***,24~27-F-얼음정수기 임차 용역,용역,UMM,국군재정관리단,202405281100,K1CA7,그린워터,,최안나,03216447534,경기도 용인시 수지구 동천로285 (동천동),87.751,160931490
3707,UMM0634,1,15238,***,(246183-B) 오실로스코프 구매,물품,UMM,국군재정관리단,202405281100,M0B20,채시하우징,,양희권,01054182623,경기도 김포시 고촌읍 수기로136 (캐슬앤파밀리에시티 2단지),87.996,55480492
2802,UMM0615,1,15110,***,24-N-다관절리프트 구매,물품,UMM,국군재정관리단,202405281100,K0472,기본(The Gibbon),,오영열,01036023222,"광주광역시 남구 노대실로49, 606동 101호 (노대동, 송화 레이크 포레)",87.995,135056840
27,UMM0643,1,14917,***,(246188-C) 24년 프린터 도입사업(리스자산),물품,UMM,국군재정관리단,202405281100,2685F,(주)아이엔지시스템,ING SYSTEM,김정화,027953713,"서울특별시 금천구 가산디지털1로70, 1101,505호(가산동, 호서대벤처타워)",83.121,1537538000
2,UMM0640,1,14784,***,24-N-전투실험용 소형전술급 무인기 임차용역,용역,UMM,국군재정관리단,202405281100,K1BF5,주식회사억세스위,,이준범,0318910077,경기도 수원시 권선구 산업로195-58 (고색동) 3층,88.158,146800000
459,UMM0632,1,14530,***,(24F108-I) 24년 제초용역,용역,UMM,국군재정관리단,202405281100,GBB89,주식회사 선호개발,sunho,윤종선,0319874430,경기도 김포시 유현로238번길43-0 (풍무동) 401호(샤인프라자),87.996,180729600
877,UMM0612,1,13907,***,24-D-동력계산대 구매,물품,UMM,국군재정관리단,202405281100,JFB35,히트,,이지미,01040001575,경상북도 칠곡군 동명면 봉암3길37,87.996,87906447
299,UMM0336,2,04192,***,"24-D-오토바이 1,450cc 이상 구매",물품,UMM,국군재정관리단,202405281100,GFBE8,(유)기흥모터스 용인점,KIHEUNG MOTORS,이계웅,07074058212,경기도 용인시 기흥구 신정로105-4 (신갈동),99.497,114000000
146,MDG0143,1,20772,***,24년 의무장비(혈액가온장치) 구매,물품,MDG,국군의무사령부,202405281100,L9D1B,주식회사 에스엠플래닛,,조현선,05056887272,"경기도 성남시 수정구 창업로43-0 (시흥동)1층, 글로벌비즈니스센터",97.105,17960000
1440,LPC0025,1,21395,***,24년 71여단 제초 용역,용역,LPC,제25보병사단,202405281100,M4DE0,주식회사 동하조경건설,,김재우,0559202777,경상남도 산청군 산청읍 중앙로2번길18,87.997,104617800
4,LHM0053,1,21864,***,24년 체력단련기구(헬스기구) 임차 용역,용역,LHM,제15보병사단,202405281100,HB488,주식회사 스포플렉스,spoflex,남병태,0318725666,경기도 양주시 광적면 그루고개로143번길244-10,88.755,78993000
62,LFH0010,2,21828,***,24년 얼음정수기 임차 용역,용역,LFH,육군부사관학교,202405281100,M6340,주식회사 오거스트,,장원진,07040445360,"대전광역시 서구 둔산중로14번길36, 5층 517호 (탄방동)",87.992,106756850
246,LFC0044,1,21410,***,24년 7~9월 가공후식(이온음료 등 7품목) 구매,물품,LFC,육군훈련소,202405281100,GF69C,주식회사 코주부비앤에프 (B&F),"KOJOOBU B&F Co.,Ltd.",이춘복,07041853310,경기도 하남시 감이남로74-24 (감이동),83.001,380197095
7,LCF0261,1,09507,***,"스프링, 지지용 등 11항목 제조(기장)",물품,LCF,육군군수사령부,202405281100,I3063,이든산업,Ideun Industry,박용철,070-4647-0245,부산광역시 강서구 호계로57번길20-0 (죽동동),88.254,13053190
68,LCF0262,1,09475,***,"엘보, 파이프 및 튜브 연결용 등 26항목 구매(기장)",물품,LCF,육군군수사령부,202405281100,L182F,우진테크,,김우진,0553392541,경상남도 김해시 분성로557번길60-7 (어방동),88.106,20739200
4,EBH0011,1,4101B,***,24년 KGGB 수리부속,물품,EBH,해상공중전력운영계약팀,202405281100,HA57B,와이디일렉트로닉스 주식회사,YD Electronics,김희수,0519109983,"부산광역시 금정구 개좌로273-20 (회동동), 브이원타워 604호",86.232,632819000
10,EBB0207,1,9020,***,'24년 장갑전투도자 부품(구매),물품,EBB,지상공통전력운영계약팀,202405281100,L0FB5,에스엔더블유테크,,명노헌,0517141295,부산광역시 강서구 가리새2로13번길14-0 (생곡동),85.498,289982590
5,EKA0013,1,7100A,***,"망원경,엘보형(방향틀용)",물품,EKA,기동총괄계약팀,202405281030,F7886,(주)우경광학,"Woo Kyung optics co.,ltd.",류재복,0314955319,경기도 안산시 단원구 해봉로330번길 8,83.846,363998000
308,SCI0056,1,22045,***,복사용지 등 540종 구매,물품,SCI,제9121부대,202405281030,JCFB0,재동상사,,김병환,0552423321,경상남도 창원시 마산합포구 산호동3길14 (산호동),88.002,22310810
14,LMH0035,1,22175,***,24년 프린터 임차용역(003),용역,LMH,제7군단,202405281030,L81E4,커먼유니크,,한인아,01048468607,"경기도 이천시 마장면 중앙로56, 201동 401호(이천마장리젠시빌란트더웰)",88.017,28333608
22,SDF0070,2,20994,***,24-항-논 소방점검 용역,용역,SDF,제5738부대,202405281030,AC541,(주) 경일,KYUNGIL,김일열,0415765518,충청남도 천안시 동남구 통정5로67-0 (신방동) 404호,88.069,3051970
53,SCR0059,1,22150,***,박스테이프 등 409종 구매,물품,SCR,해군제3함대사령부,202405281030,L4F94,첼시,,성은경,07086481939,"전라남도 목포시 산정로109번길16-0 , 1층(산정동)",88.003,12558052
131,MCT0029,1,22202,***,무인감시장비 설치납품,물품,MCT,국군체육부대,202405281030,K5C42,주식회사 제이더블유,,이상민,028990668,"경기도 광명시 하안로60-0, E동 411호 (소하동, 광명테크노파크)",88.005,28945180
389,LQH0028,1,22006,***,(육성)지역예비군 쌍안경 구매,물품,LQH,제3697부대,202405281030,H0A63,산주광학,SANJU OPTICAL,김우원,0316983160,"경기도 성남시 분당구 판교로700, E동 502,505호 (야탑동, 분당테크노파크)",98.501,25810000
61,SCN0091,1,21920,***,24-진-36 00연습장 제초용역,용역,SCN,제7001부대,202405281030,A9399,자연조경,jayeon landscape,안정숙,0552933304,"경상남도 창원시 마산합포구 자산서11길63-0 (자산동, 주택)",88.006,2858320
6,HDC0025,1,22160,***,24-용-52 이주지역 생활계폐기물 위탁처리 용역,용역,HDC,공군제1전투비행단,202405281030,F57A8,주식회사 정원,Jeongwon,고득용,0545541232,경상북도 문경시 신기공단1길22-21 (신기동),88.074,34371760
27,SDF0072,1,22149,***,배터리 200L 등 3종 구매,물품,SDF,제5738부대,202405281030,JE867,에스에이치테크,,김상호,01043907780,"경상북도 포항시 남구 동해면 일월로11번길22, 102호(천호골든아파트)",88.017,3512300
172,LKF0039,1,22054,***,24년 주거시설 정기안전검사용역,물품,LKF,제6755부대,202405281030,JC577,주식회사 세원건설,,이동근,0532860011,"대구광역시 남구 자유5길5-0 (대명동), 2층 201호",88.026,55187800
111,SFG0058,1,22023,***,24-K-교육훈련장 정밀안전점검 용역,용역,SFG,제9181부대,202405281030,G6244,시설물안전연구원주식회사,isri,최명란,0317598380,"경기도 성남시 수정구 산성대로63 (수진동,  어거스트)",88.002,9111700
320,LFC0046,1,21993,***,24년 부대후생용구(이발도구) 구매,물품,LFC,육군훈련소,202405281030,LF771,제일산업,,최윤창,07081225511,"충청남도 계룡시 두마면 농소로63, 306-2002",88.004,71221410
36,SCN0090,1,21795,***,의무물자 아스헥솔 등 2종 구매,물품,SCN,제7001부대,202405281030,G8429,삼성팜,sam sung pharm,이혜란,0538123550,경상북도 경산시 경안로14길2-0 (신교동),88.011,38952140
135,SCN0089,1,21794,***,의무물자 손세정리필용 등 30종 구매,물품,SCN,제7001부대,202405281030,J1D85,주식회사 다함메디,,한승엽,0317050041,"경기도 용인시 처인구 포곡읍 마성로386, 102호,103호",88.044,17085900
93,SCI0057,1,21940,***,플랫 씰링 등 11종 구매,물품,SCI,제9121부대,202405281030,MA169,민쓰네유통,,서현욱,01067622343,"경상남도 창원시 의창구 북면 감계로233, 407동 19층 2호(창원 감계 힐스테이트 4차)",88,17560150
115,LCH0036,1,22083,***,00부대 제초관리 용역(1-24-용-1),용역,LCH,특수전사령부,202405281030,B1B89,가화조경건설(주),"gawha landscape.co.,ltd.",양현희,0226547940,서울특별시 강서구 곰달래로250(2층),88.048,28965300
73,SCN0094,1,21799,***,의무물자(테가덤 외 195종),물품,SCN,제7001부대,202405281030,IEC5B,유한회사 대성,,안하은,07043667105,"전라남도 장성군 황룡면 강변로452-16, 3증 301호",88.001,41285510
64,SCN0093,1,21800,***,의무물자(CBC버틀 등 41종) 구매,물품,SCN,제7001부대,202405281030,JEE53,제이비글로벌주식회사,,박대희,01088766052,경기도 남양주시 송산로339번길28-11 (별내동) 101호,96.295,18380000
27,DSS0022,1,22025,***,00부대 공기조화기 필터 제조설치 납품,물품,DSS,국군제1068부대,202405281030,A5F12,고려정공 주식회사,"korea clean air co.,ltd",김순자,0313218500,경기도 용인시 처인구 모현읍 독점로268,88.054,20561200
17,SCN0092,1,21798,***,의약품(이미그란정 50mg 등 119종) 구매,물품,SCN,제7001부대,202405281030,G3D14,주식회사 내일약품,"Naeil Pharm co.,ltd.",안진호,0314260011,"경기도 안양시 동안구 흥안대로125, 4층, 지하1층(호계동, 동안빌딩)",88.052,40212700
402,MDE0003,1,22017,***,00부대 간부숙소 제초관리 용역,용역,MDE,제3공수특전여단,202405281030,C2195,호연종합건설주식회사,hoyeon construction. co.ltd,조미경,0317941738,"경기도 성남시 중원구 마지로111, 3층 303호",88.008,19637800
15,SCP0062,1,21931,***,산불진화복(외투) 등 3종 구매,물품,SCP,제8385부대,202405281030,M8864,거산,,명영환,031-340-7772,"경기도 군포시 흥안대로27번길26, 지층(금정동)",88.053,7725900
283,SCF0508,1,20902,***,(긴급) 타이밍 기어 케이스 커버 등 84종,물품,SCF,해군군수사령부,202405281030,M3B3A,울림플러스,,송채경,01082723044,"부산광역시 강서구 신호산단2로29, 5층 506-84호(신호동, 신호프라자)",88.027,12569130
262,SCF0503,1,20316,***,복사용지 등 39종 구매,물품,SCF,해군군수사령부,202405281030,F1BBF,영화상사,,서옥경,0518054447,부산광역시 연제구 거제천로 233(),88.004,4424000
259,SCF0499,1,19083,***,회로카드 조립체 등 2종 구매,물품,SCF,해군군수사령부,202405281030,C9A3A,주식회사 휴엔스,"HUENS co.,LTD",한재윤,0314534350,경기도 의왕시 오전공업길13-0 (오전동),92.687,11150000
4846,SCF0507,1,18756,***,기-의장대 등 13종 구매,물품,SCF,해군군수사령부,202405281030,LEBE7,빌리언우먼,,최의선,01066007702,경상남도 사천시 용현면 죽천강길56 (동강아뜨리에) 101-904,88.007,44626664
337,SCF0509,1,18730,***,스티어링 실린더 등 19종 구매,물품,SCF,해군군수사령부,202405281030,LD02C,주식회사 이현코리아,,이순화,07042422949,경상남도 창원시 마산합포구 해안대로11 (해운동) 401-10호,88.022,52205800
3,SCF0512,1,18700,***,"폴리머 탄창 2,511EA 구매",물품,SCF,해군군수사령부,202405281030,IF9D9,주식회사 엠아이티에스프리시즌,"MITS PRECISION Co., Ltd.",김홍석,0316638068,경기도 화성시 안녕남로50번길22 (안녕동),88.145,40630000
37,SCF0501,1,18248,***,가스 점검액 790EA 구매,물품,SCF,해군군수사령부,202405281030,D131C,명성,,장종운,0516332412,부산광역시 동구 성남이로38번길 37(),88.111,3330000
11,SCF0500,1,16488,***,"박스, 플라스틱제(대) 등 2종 / 제조",물품,SCF,해군군수사령부,202405281030,D8475,고광산업주식회사,"ko kwang Industry co,ltd.",이지연,0316688990,경기도 평택시 서탄면 수월암4길62,91.864,6117200
1147,SCF0492,2,15378,***,압력시험기,물품,SCF,해군군수사령부,202405281030,L426D,서희테크,,홍애란,01082840084,"인천광역시 미추홀구 주안동로39-1 (주안동, 트인자리애) 101동 302호",87.995,22067000
1040,SCF0511,1,15221,***,압력비교검사기 1EA 구매,물품,SCF,해군군수사령부,202405281030,M71D1,김가유통,,김성민,01055140339,"인천광역시 부평구 경원대로1269, 111동 303호(산곡동, 현대아파트)",87.995,22896050
4380,SCF0502,1,14162,***,"밸브, 안전릴리프형 등 27종 구매",물품,SCF,해군군수사령부,202405281030,J0C00,해오름,,이옥희,01054001362,"경기도 남양주시 별내1로6, 103동 2004호(별내동,힐스테이트)",87.995,144385900
200,LKM0034,1,21649,***,24년 사단 사령부 제초용역,용역,LKM,제2632부대,202405281030,M32DD,주식회사 늘푸른조경,,김종태,0633512757,전북특별자치도 장수군 장수읍 장천로204-0,87.752,177377983
69,LHK0040,1,21978,***,작전지휘시설 신축 선행연구용역,용역,LHK,제2군단,202405281030,CEF9C,(주)디앤오종합건축사사무소,"dno architects group.,ltd.",정봉원,025012305,"서울특별시 송파구 법원로9길26, D동 1104호(문정동, H-비즈니스파크)",87.796,165630000
35,LHD0027,1,21905,***,00부대 생활관 증개축 관급자재(샌드위치패널)(Y040),물품,LHD,제21보병사단,202405281030,A3BE4,(주)신우산업,"Shinwoo Industrial Co., Ltd.",최상권,0429332170,"대전광역시 대덕구 문평동로65-0 (문평동, (주)신우산업)",89.219,190700000
5,LCM0029,1,20280,***,'24년 학교교실 장비도입(스크린 제조설치) 사업,물품,LCM,육군교육사령부,202405281030,BEE4C,(주)윤씨네,"YUNCINE Co., Ltd.",이미희,03180593905,경기도 화성시 양감면 초록로532번길38-0,88.815,44245730
9,LCF0248,1,12774,***,"부트,먼지 및 습기 방지용 등 1항목 제조(특무)",물품,LCF,육군군수사령부,202405281030,L0FB5,에스엔더블유테크,,명노헌,0517141295,부산광역시 강서구 가리새2로13번길14-0 (생곡동),88.031,7830440
6,LCF0247,1,07288,***,"삼각대,사격통제 기구용 등 1항목 제조(총포)",물품,LCF,육군군수사령부,202405281030,H25F1,지비아이 코리아 (GBI KOREA),GBI KOREA,박동철,0517845997,"부산광역시 해운대구 센텀중앙로97-0 (재송동), 센텀스카이비즈 606호",88.043,47606755
1074,HCF0137,1,21826,***,"24-H-05 톱, 띠형, 금속절단형",물품,HCF,공군군수사령부,202405281030,K38D9,지그인더스트리,,신종현,01065515313,인천광역시 연수구 원인재로212 (연수동),87.995,19943231
1296,HCF0138,1,05069,***,"24-H-22 중,고층 자주식 고소작업대",물품,HCF,공군군수사령부,202405281030,H15D0,주식회사 이음,EEUM,전병욱,0222784433,서울특별시 서대문구 포방터2길24 (홍은동),87.996,43065200
38,EKA0011,1,7100C,***,"덮개,입구용(방향틀용)",물품,EKA,기동총괄계약팀,202405281030,F925B,주식회사 에이지광학,"A. G. OPTICS CO., LTD",이수경,0414101356,"경기도 화성시 동탄역로156, 에이동 1012호(오산동, 동탄역 롯데캐슬)",88.046,144662320
5,LKM0024,1,16982,***,'24~27년 신병교육대대 병영식당 급식 민간위탁(재),용역,LKM,제2632부대,202405281000,C6195,주식회사 풀무원푸드앤컬처,"Pulmuone Food & Culture Co.,Ltd",이동훈,0234007790,서울특별시 송파구 송파대로34길29(송파동),0,13140000000
1,LFS0002,1,18180,***,AI를 적용한 화생방 드론봇 전력체계 연구 용역,용역,LFS,육군화학학교,202405271500,GD2A3,주식회사 씨이엠아이,"C-EMI Inc,",박재완,0428232974,"대전광역시 유성구 대학로31-0 (봉명동, 유성한진오피스텔) 2215호",97.626,35000000
2,MHD0057,1,20868,***,소형무장헬기 양산 패키지 시설사업(4차),용역,MHD,방위사업청(운영지원과),202405271500,G48D0,(주)에프오알엠도시건축공간연구소,FORMs Architects,권시형,07077164315,"서울특별시 송파구 법원로11길25-0, A동 1310호(문정동, 에이치비즈니스파크)",,64900000
2,EKAE001,1,7200A,***,"에어컨, 이동식(5톤 확장식 밴용)",물품,EKA,기동총괄계약팀,202405271400,G6EA2,주식회사 와풀,woowful,송봉주,0226783080,경기도 김포시 월곶면 김포대로2708-37,98.22,32800000
2,HDK0019,1,21911,***,"24-101, 수송대대, 군차량 수리부속",물품,HDK,공군제11전투비행단,202405271330,H9C71,한국씨엔에스,Han Kook cns,김유석,0536426900,대구광역시 달서구 한실로6길120-45 (대곡동) 1층,94.082,82900000
3,HCG0006,2,12522,***,24-미래 공군병력 부족 대비 인력공급 확대방안 연구,용역,HCG,공군본부,202405271100,C2084,연세대학교 산학협력단,University - Industry Foundation,홍종일,0221236500,"서울특별시 서대문구 연세로 50, 연세대학교(신촌동)",,36000000
1603,MDR0026,1,21716,***,방수배낭 구매,물품,MDR,제9965부대,202405271100,KF15B,로템컴퍼니,,최우준,01024361862,"서울특별시 양천구 오목로23길38, 102호(신정동, 중앙빌라)",88,39317450
31,LPC0026,1,21522,***,24-2차 전산운영용품 구매,물품,LPC,제25보병사단,202405271100,M2CE8,보라스토어,,임보라,07047097189,"경기도 양주시 덕정11길29, 1동 502-3호(덕정동)",88.079,53327100
4,LIK0039,1,21879,***,24년 진지공사용 폐타이어 수송용역 계약,용역,LIK,제2군수지원여단,202405271100,C4129,대원종합상사(울산),DAEWON GENERAL TRADING CO.,김철구,0517510062,울산광역시 울주군 웅촌면 대복동천로 62(),88.055,7228400
468,LNM0005,1,21802,***,24년 00부대 제초관리 용역,용역,LNM,제5181부대,202405271100,BD2BC,(주)영림공사,Young Lim Gong Sa,김명근,0316330204,경기도 이천시 부악로16-1 (중리동),88.008,33383250
10,UMM0613,1,18657,***,24-F-군사경찰 방탄헬멧 제조,물품,UMM,국군재정관리단,202405271100,GC8D0,주식회사 비엠아이,"BMI co.,Ltd",나인겸,0318417887,"경기도 남양주시 진건읍 진관산단로54번길3, 2층",88.011,75854000
10,UMM0629,1,18459,***,24-N-통신기반체계 이전 광전송장치 제조,물품,UMM,국군재정관리단,202405271100,BAFF0,(주)신용아이엔씨,SinYoung,최성식,0613945566,전라남도 장성군 남면 나노산단2로106,88.105,97634599
606,UMM0626,1,17090,***,"24-F-전동카트, 승용식 1종 구매",물품,UMM,국군재정관리단,202405271100,GF192,삼보기업,sambo,박미숙,01025691881,"경기도 고양시 덕양구 원당로59번길120-0 (주교동, 예중파크뷰아파트) 101동 10층 3호",82.998,518352800
15,UMM0610,1,15982,***,"24-N-기,신호용 등 134종 제조(248130-F)",물품,UMM,국군재정관리단,202405271100,H58AB,주식회사 엔미디어솔루션,N-media solution,이근식,01042405887,"인천광역시 계양구 계산새로71, 비동 310호(계산동, 하이베라스)",91.446,144815940
357,LCF0246,1,14588,***,"펌프,원심식 등 5항목 구매(일장-004)",물품,LCF,육군군수사령부,202405271030,FE043,주식회사 에코비투,ecob2co.ltd,하영임,023532356,"경기도 고양시 덕양구 삼원로73, 721호(원흥동, 원흥한일윈스타)",97.906,102055300
10,HCL0041,1,22099,***,24-얼음정수기 임차,용역,HCL,공군사관학교,202405271030,GCDE4,아쿠아퓨어,aquapure,박정석,0432683369,충청북도 청주시 청원구 주중로52-1 (주중동) 2층,88.267,83395610
50,SFD0049,1,21875,***,24-P-예비군훈련장 방역소독 및 청소용역,용역,SFD,제9227부대,202405271030,B94E9,(주)공신,(INC)GongSin,정윤락,0547738006,경상북도 경주시 원화로322 (성동동)(3층),88.041,10433200
84,SCI0055,1,21792,***,가슴장화 등 20종 구매,물품,SCI,제9121부대,202405271030,J4554,가람,,김언지,070-8870-0072,경상남도 창원시 의창구 대산면 봉강가술로519,88.07,9515384
29,MCS0069,1,21856,***,(공-31) 대형 플로터 프란터 1종 구매,물품,MCS,국방부계룡대근무지원단,202405271030,M78DC,은영테크,,정병갑,010-8510-5892,충청남도 계룡시 두마면 농소로63-0  305동 902호(계룡 더 푸르지오 더퍼스트),88.002,23221516
5,MCS0068,1,21850,***,(공-32) TV 1종 구매,물품,MCS,국방부계룡대근무지원단,202405271030,F11DD,세계로상사,Saegyero Corp.,채홍삼,0425512948,충청남도 계룡시 신도안면 부남리167,92.367,1578000
14,LGT0051,1,21846,***,'24년 지형분석지도제작(24-GP-28),물품,LGT,제2307부대,202405271030,K6FBD,준유통,,김민경,01063769490,"강원특별자치도 강릉시 선수촌로113 (유천동, 엘에이치선수촌8단지)",88.095,10172100
2,MCS0067,1,21843,***,(공-26) 냉난방기 1종 구매,물품,MCS,국방부계룡대근무지원단,202405271030,F0119,주식회사 에이원,Aone,김운회,0425515599,충청남도 계룡시 평리길34-0 (엄사면),90.955,3030000
6,SDQ0055,1,21815,***,"기록세트, 신호자료용 등 2종 구매",물품,SDQ,해군제2수리창,202405271030,H2BDC,덕신,dukshin,장향숙,02-537-9667,경기도 평택시 중앙2로13 (평택동) 602-1호,88.114,17084500
9,SCK0064,1,21812,***,24-00사 소방시설 점검 용역,용역,SCK,해군교육사령부,202405271030,CB6E7,나라기업 주식회사,Nara Corporation,우희석,0552473119,"경상남도 창원시 의창구 중동중앙로47, 어반브릭스 스튜디오스트리트몰 4013호(중동)",88.034,34831815
78,SCI0054,1,21822,***,이산화탄소 센서 등 5종 구매,물품,SCI,제9121부대,202405271030,HF48E,예광,yeagwang,이예진,0552537889,"경상남도 창원시 마산회원구 팔용로89, 104동 11층 1103호(합성동, 창원두산위브더센트럴 1단지)",88.023,56295516
1591,LMH0033,1,21688,***,24년 안전물자세트 구매(C045),물품,LMH,제7군단,202405271030,M2BD1,하이엔비,,방한결,010-9917-9662,"경기도 남양주시 별내면 청학로학교길10-34, A동 301호(삼환빌라)",88,22390480
239,LCH0035,1,21710,***,00부대 제초관리 용역(7-24-용-3),용역,LCH,특수전사령부,202405271030,I019D,신정주식회사,SIN JUNG construction company limited,고영채,0636357700,전북특별자치도 남원시 교룡로15-8 (신정동),88.001,29988100
58,HCQ0039,1,21887,***,24-117 오실로스코프 등 1종,물품,HCQ,공군제5공중기동비행단,202405271030,KC51F,진명,,조종열,0512940005,부산광역시 강서구 유통단지1로57번길34 (대저2동) 106동217호,88.204,32324900
46,MCX0031,1,21646,***,00병원 공조기필터 교체 설치납품,물품,MCX,자운대근무지원연대,202405271030,I772A,주식회사천태이엔지,CHUNTAE ENG,김은애,0315750792,경기도 남양주시 진접읍 팔야로57-0,88.034,27819720
21,LQH0026,1,21579,***,(육성)지역예비군 전투조끼 구매,물품,LQH,제3697부대,202405271030,K9A32,주식회사 순수팩토리,,신지원,023712101,경기도 고양시 덕양구 삼원로40-1 (삼송동),88.295,33230000
60,LQH0025,1,21494,***,(육성)지역예비군 총기보관함 제조 납품,물품,LQH,제3697부대,202405271030,G12A5,준디자인주식회사,"jun design co.,ltd",박형호,0319412203,"경기도 파주시 조리읍 명봉산로79번길44-130, 1동",88.204,32559380
28,HDG0016,1,21888,***,24-84 공기청정기 필터 4종 구매,물품,HDG,공군제10전투비행단,202405271030,J33A5,주식회사 필터솔루션,,전호준,0317362223,"경기도 성남시 중원구 사기막골로99-0 (상대원동) 지2층 비233호, 비234호",88.064,23295600
102,LBB0014,1,21818,***,'24년 산불진화 개인보호구 구매,물품,LBB,육군제7789부대,202405271030,LC3BD,에스클래스주식회사,,서정미,07088484021,"경기도 고양시 일산동구 무궁화로20-18, 5층 47 (장항동, 하임빌로데오빌딩)",88.015,51551340
31,SCI0053,1,21803,***,Tube Cap 등 5종 구매,물품,SCI,제9121부대,202405271030,M4F7C,뉴텍（NEW TACK）,,강상훈,01081813657,경상남도 창원시 의창구 사화로210-0 (팔용동)304호,88.102,9095300
41,SCK0063,1,21700,***,예초기 날 등 5종 구매,물품,SCK,해군교육사령부,202405271030,JCFB8,이트렌드,,이정배,07047890055,"경상남도 창원시 성산구 원이대로580번길3, 3층 346호(중앙동, GS25 용지점)",88.007,4104084
2,LGT0026,1,13841,***,'24년 군 주거시설 개선사업 선행연구(24-GD-51),용역,LGT,제2307부대,202405271030,E33A6,(사)국방시설연구협회,kooksiyon,정주교,0317528708,"경기도 성남시 수정구 복정로84번길 22-15,(B-001호) (복정동)",50.335,72000000
186,LCF0245,1,14597,***,"밸브,체크형 등 36항목 구매(일장-010)",물품,LCF,육군군수사령부,202405271030,L7685,주식회사 대성에프앤디,,조태광,0519739981,부산광역시 강서구 강동중곡2길9-0 (강동동),83.065,217788316
8,EBB0202,1,9464,***,연막탄발사기 부품류,물품,EBB,지상공통전력운영계약팀,202405241600,LBEBA,주식회사 엔아이티,,전규성,0544340901,"경상북도 김천시 혁신로288-5, 303호(율곡동, 스네일파크)",87.354,354578514
4,MHD0055,1,20490,***,방위사업 원가계산 외부용역(6차),용역,MHD,방위사업청(운영지원과),202405241500,DD450,태성회계법인,TAESUNG,남상환,025610077,"서울특별시 강남구 역삼로25길35, 5층 (역삼동, 청오큐브타워)",,374000000
7,LDH0504,1,19463,***,K9자주포 나사등20종 구매,물품,LDH,육군종합정비창,202405241300,L06F8,코비상사,,김일우,051-704-2226,"부산광역시 강서구 명지국제2로41-0 (명지동, 더샵 명지퍼스트월드 3단지) 309동 2406호",88.558,4834800
4,LDH0516,1,20779,***,K10탄운차 베어링등7종 구매,물품,LDH,육군종합정비창,202405241300,2351F,덕산베아링,DUCKSAN Bearing CO.,신복승,0518045604,부산광역시 부산진구 서전로9번길 38(),88.372,6542600
3,LDH0513,1,20676,***,K9자주포 부싱등4종 구매,물품,LDH,육군종합정비창,202405241300,L0FB5,에스엔더블유테크,,명노헌,0517141295,부산광역시 강서구 가리새2로13번길14-0 (생곡동),88.225,1775500
8,LDH0512,1,20675,***,K9자주포 베어링등17종 구매,물품,LDH,육군종합정비창,202405241300,BDFC7,현대정밀가스켓,,이의정,051-802-7662,부산광역시 사상구 가야대로175번길29-0 (감전동),98.778,8490000
16,LDH0510,1,20669,***,K1전차 스위치 등 5종 구매,물품,LDH,육군종합정비창,202405241300,I5028,모아컴,MORECOM,이상주,031-8039-6060,서울특별시 송파구 양산로12 (거여동) 세신거여훼미리타운 303호,98.053,50390620
8,LDH0522,1,20040,***,"K9자주포 나사,기계용등10종 구매",물품,LDH,육군종합정비창,202405241300,L4D65,주안산업,,강선자,010-7788-0337,"경상남도 창원시 의창구 반계로104-9 (팔용동, 팔용벽산블루밍A단지)206-505",88.206,6612500
3,LDH0509,1,19474,***,K9자주포 호스조립체등3종 구매,물품,LDH,육군종합정비창,202405241300,BDFC7,현대정밀가스켓,,이의정,051-802-7662,부산광역시 사상구 가야대로175번길29-0 (감전동),87.999,1656000
7,LDH0508,1,19470,***,K9자주포 오링등19종 구매,물품,LDH,육군종합정비창,202405241300,M81CD,도하테크,,이은선,051-303-5134,부산광역시 강서구 대저로3번길52-15 (대저1동),88.18,4046010
9,LDH0507,1,19468,***,K9자주포 안내기등4종 구매,물품,LDH,육군종합정비창,202405241300,LB760,에스케이(SK)산업,,박수경,07043008540,경상남도 창원시 성산구 원이대로774 (상남동) 512-304,88.033,5886300
5,LDH0506,1,19466,***,K9자주포 슬리브등2종 구매,물품,LDH,육군종합정비창,202405241300,KD3C7,선우테크,,권은향,010-8454-8474,"경상남도 창원시 의창구 반계로104-21 (팔용동, 벽산블루밍아파트B단지)103동701호",88.093,5291500
8,LDH0505,1,19465,***,K9자주포 롤러등4종 구매,물품,LDH,육군종합정비창,202405241300,LB760,에스케이(SK)산업,,박수경,07043008540,경상남도 창원시 성산구 원이대로774 (상남동) 512-304,88.725,2193900
2,EBB0199,1,0029A,***,조준장치 등(지명),물품,EBB,지상공통전력운영계약팀,202405241100,F7886,(주)우경광학,"Woo Kyung optics co.,ltd.",류재복,0314955319,경기도 안산시 단원구 해봉로330번길 8,85.343,1672740000
20,LHK0038,1,20474,***,24년 차량 장방형경광등 세트 구매(1차),물품,LHK,제2군단,202405241100,EB172,"춘천사랑종합유통,필립스A/S",chunchonsarang,황호석,033-257-9944,강원도 춘천시 후석로 275(),88.064,5171004
20,LHK0037,1,20472,***,24년 석면 보호구 구매,물품,LHK,제2군단,202405241100,IE541,더블유에프(WF)시스템,,김규례,01033722207,"강원특별자치도 춘천시 우석로79번길25-0 (석사동), 301호",88.013,6162770
37,LGP0093,2,21098,***,24년 통신장비 외주정비 원가검증 용역,용역,LGP,제1군수지원사령부,202405241100,B1E57,재단법인 한국산업관계연구원,,임승택,025882162,"서울특별시 금천구 디지털로173, 504호(가산동, 엘리시아지식산업센터)",88.02,17475200
892,MDR0025,1,21556,***,두건 등 4종(잠수물자) 구매,물품,MDR,제9965부대,202405241100,KE73E,에스제이유통,,전화자,01051105586,"경기도 평택시 지제동삭1로163, 125동 14층 1호(동삭동, The Sharp 지제역 센트럴파크 1BL)",88.001,22848380
159,LIK0038,1,21476,***,24년 주둔지 제초용역 계약,용역,LIK,제2군수지원여단,202405241100,JBD54,주식회사 신우건설,,심현식,0334337315,강원특별자치도 홍천군 홍천읍 꽃뫼로1길38-0,88.005,41383380
174,LGP0096,1,21477,***,24년 1급 방진마스크 구매,물품,LGP,제1군수지원사령부,202405241100,F2641,(주)제이앤비이노베이션,"J&BINNOVASION CO. LTD,.",오명숙,07070107767,서울특별시 구로구 디지털로33길28 (구로동) 601-2호,88,6352620
2,LGP0095,1,21474,***,24년 의료용가스(산소) 구매 및 용기검사,물품,LGP,제1군수지원사령부,202405241100,BAA55,경원산소(주),kyeong won oxygen co,임정규,0337485586,강원특별자치도 원주시 우산공단길149-0 (우산동),96.131,19932528
5,LGP0094,1,21469,***,24년 화공가스 구매 및 용기검사,물품,LGP,제1군수지원사령부,202405241100,BAA55,경원산소(주),kyeong won oxygen co,임정규,0337485586,강원특별자치도 원주시 우산공단길149-0 (우산동),88.195,48590828
118,LCH0033,1,21405,***,"'24년 2,3분기 전산운영용품 구매",물품,LCH,특수전사령부,202405241100,L0824,대흥상사,,박현숙,07088689998,"전북특별자치도 익산시 약촌로228 (영등동, 동신아파트) 105-703",88.021,17787870
933,UMM0621,1,17609,***,(24F174-A) 부대관리 민간 제초관리용역,용역,UMM,국군재정관리단,202405241100,K6CCA,주식회사 네이처조경,,정영재,01025114715,"대구광역시 동구 이노밸리로26길18, 1층 106호(각산동, 성덕빌딩)",87.996,239365000
211,UMM0619,1,16526,***,(247021-H)내부망웹메일메신저노후교체(리스자산),물품,UMM,국군재정관리단,202405241100,J12FA,지후,,하창헌,01053928684,"경기도 고양시 덕양구 청초로65 (덕은동, DMC 한강 에일린의뜰) 210호",87.997,205073000
105,UMM0614,1,14912,***,(247170-C) 병원장비소모품(1) 119품목 구매,물품,UMM,국군재정관리단,202405241100,J6361,주식회사 멀티열린세상,,주영철,01020118585,"경기도 광명시 광명로786번길4 (광명동),301호",83.277,463092742
9,UMM0622,1,10649,***,(246140-B) 4방향 차입식 팔레트 2종 제조,물품,UMM,국군재정관리단,202405241100,2839F,금성목재,,유재득,0512011011,부산광역시 사하구 하신중앙로84-0 (신평동),83.775,402161000
1069,UMM0604,1,08631,***,24-F-공기호흡기 등 2종 구매,물품,UMM,국군재정관리단,202405241100,J97FA,휴앤케어,,박진형,0533272208,대구광역시 북구 학남로60 (학정동),88.005,160037250
1407,LPC0024,1,21237,***,24년 72여단 제초 용역,용역,LPC,제25보병사단,202405241100,D75F2,주식회사 청목,dsjk,최홍아,0558645005,경상남도 남해군 이동면 남해대로2431번길71,87.996,158885346
4,LKD0049,1,21078,***,24~27년 32사단 식기세척기 임차 용역,용역,LKD,제32보병사단,202405241100,KF8B8,굿모닝테크,,최정은,07044549333,충청남도 논산시 부적면 부인길160-0,87.983,161717100
2,HCG0018,1,16671,***,24-미래 한국공군 훈련기 성능 및 적정 규모 연구,용역,HCG,공군본부,202405241100,C7CD2,사단법인 안보경영연구원,SMI,김주형,025445937,"서울특별시 강남구 언주로527, 10층 (역삼동)",64.987,28000000
3,EBB0200,1,6620,***,하우징류,물품,EBB,지상공통전력운영계약팀,202405241100,MAAA6,주식회사덕인,,장남인,0553851151,경상남도 양산시 유산공단3길33-0 (교동),83.842,161100000
2,EBB0203,1,6101A,***,스페이서류,물품,EBB,지상공통전력운영계약팀,202405241100,MAAA6,주식회사덕인,,장남인,0553851151,경상남도 양산시 유산공단3길33-0 (교동),84.248,512330000
2,LCF0244,1,21242,***,230mm 창정비시설 관급(방폭형 항온항습기) 제조설치,물품,LCF,육군군수사령부,202405241030,C26D0,주식회사 대성테크윈,"DAE SUNG TECHWIN CO.,LTD.",성낙구,0553293456,경상남도 김해시 대동면 대동산단2로263-24,83.004,1201657680
135,LCH0034,1,21630,***,00부대 제초관리 용역(13-24-용-3),용역,LCH,특수전사령부,202405241030,K7A2B,주식회사 옥황,,박세나,043-882-0438,충청북도 음성군 감곡면 음성로2449-0,88.036,31847080
42,SCP0061,1,21624,***,윤활방청제 등 97종 구매,물품,SCP,제8385부대,202405241030,IA368,가진테크,GAJIN-TECH,서진수,010-6417-8010,강원특별자치도 동해시 지양길80-2 (지흥동)202호,88.072,38910000
7,SCP0060,1,21614,***,1인용 유압식 고소작업대 등 2종 구매,물품,SCP,제8385부대,202405241030,JFB9B,청아철물설비,,김주희,010-7224-5200,강원도 동해시 단봉길23 (북평동),88.282,7190000
1889,LPF0050,1,21581,***,24년 3분기 전산운영용품 구매,물품,LPF,제51보병사단,202405241030,K7340,미래컴퍼니,,박영숙,01051339960,"경기도 수원시 권선구 서수원로99 (오목천동, 수원권선 꿈에그린 아파트) 105동 501호",88,28908690
1138,DSS0021,1,21520,***,00조사 전술배낭 구매,물품,DSS,국군제1068부대,202405241030,LDA48,수퍼,,김은회,01073831937,경기도 하남시 대성로313-1 (덕풍동),88,25924406
645,DSS0020,1,21524,***,24-2차 도서구매,물품,DSS,국군제1068부대,202405241030,L17BE,경기시스템,,이현미,07047907822,"경기도 안양시 동안구 흥안대로445, 6층 615호(평촌동, 평촌 K-비즈리움)",90.001,4969878
11,SCH0080,2,20604,***,24-부-00부두 성능평가 및 옹벽 정밀점검 용역,용역,SCH,해군작전사령부,202405241030,BF2AC,주식회사 청출어람,"LastFirst ENG.co.,ltd",심경환,0515045658,부산광역시 연제구 교대로 13(거제동),88.219,38540700
224,LKS0033,2,19151,***,'24년 군악기(양악) 구매,물품,LKS,육군인사사령부,202405241030,GE48B,유니온티에이,,최용노,07088277823,경기도 고양시 일산동구 정발산로15-0 (장항동) 4층 415호,88.014,46165770
5,SFM0045,1,21409,***,부동액 구매,물품,SFM,제3170부대,202405241030,E5D61,연천종합물산,연천종합물산,양재석,0542810909,경상북도 포항시 남구 대송면 제내길53번길21-0,88.285,9933000
42,MCF0014,1,21397,***,제69회 현충일 행사용 이동식 화장실 임차 용역,용역,MCF,국립서울현충원,202405241030,CE308,고은상사,goeun,김진웅,0318641519,경기도 동두천시 평화로2349번길8-9 (생연동),98.094,6950000
3,SEE0026,1,21590,***,24-J-육성-프린터 임차 용역,용역,SEE,제9해병여단,202405241030,KA847,주식회사 한올네트웍스,,김선학,064-711-1191,제주특별자치도 제주시 우정로16길21(외도일동),89.807,20412960
140,SFD0047,1,21589,***,교육훈련물품(탄피받이등 10품목)구매,물품,SFD,제9227부대,202405241030,K5634,주식회사 해피트리,,이진우,01084574225,경상북도 포항시 남구 연일읍 유강길9번길61-0 상가동 108호(대림한숲타운1차상가),88.011,67221920
262,SFN0045,1,21606,***,예초기 조속레버 등 10종 구매 납품,물품,SFN,연평부대,202405241030,M5EC4,뉴제이커넥션,,정현정,01082924545,인천광역시 연수구 랜드마크로20-0 (송도동) 110동 602호,88,15853961
30,LPF0051,1,21587,***,24년 전기안전관리 대행 용역,용역,LPF,제51보병사단,202405241030,CE7E9,(주)이에스안전공사,ESCO,송시영,0326626642,경기도 부천시 원미구 장말로241-0 (중동),88.07,25670278
30,SCH0081,1,21279,***,24-30호 아쿠아텍 스쿠버얼럿 등 15종 구매,물품,SCH,해군작전사령부,202405241030,I3CBC,만능유한회사,csm,정양수,01036902326,"전라남도 무안군 삼향읍 남악3로80,204호(제일프라자)",92.999,9969180
99,SCP0059,1,21598,***,냉난방기 18대 납품 설치,물품,SCP,제8385부대,202405241030,C8412,(주)현진기계건설,hyunjinnch,남창현,0337630490,강원특별자치도 원주시 남산로91 (일산동),88.015,66184480
343,LFC0045,1,21433,***,"24년 체육비품(팔굽혀펴기, 윗몸일으키기대) 구매",물품,LFC,육군훈련소,202405241030,M3725,부경이엔지,,백서진,01096241135,충청남도 금산군 진산면 화엄로541,88.006,74025041
1172,SFC0067,1,21083,***,토너 등 6품목 구매,물품,SFC,제9691부대,202405241030,HBE36,제이씨드림,JC Dream,김현구,01093675349,울산광역시 울주군 온양읍 남창로944-2,87.996,24053040
624,SFC0065,1,20577,***,행잉화일 등 70품목 구매,물품,SFC,제9691부대,202405241030,B8A9E,협성산업사,hyup sung ind,임종금,0226848888,서울특별시 구로구 고척동103-4 고척상가 나동 사-178,88.249,8542160
2,LIK0023,1,18588,***,'24년 정비피복 제조계약,물품,LIK,제2군수지원여단,202405241030,GD9B9,주식회사 하이디,"HEIDI Co.,Ltd",김건수,0216449624,경기도 파주시 법원읍 파주로2550-0,95.209,138389350
42,LHG0024,1,21233,***,'24년 공기청정기 필터 제조 구매,물품,LHG,제1862부대,202405241030,BE469,(주)더원필터,derwon filter,조병덕,0319771872,경기도 고양시 일산동구 공릉천로71번길38-9 (사리현동),87.998,135999000
5,LDG0052,1,20942,***,24년 폐기물(PCP상자) 위탁처리 용역,용역,LDG,육군 탄약지원사령부,202405241030,B9783,네이처이앤티주식회사,Dong Yang ECO co.ltd.,이호진,0542713133,경상북도 포항시 남구 대송면 철강로492번길49,85.166,170200800
7,LDG0051,1,20941,***,24년 폐기물(혼용재질) 위탁처리 용역,용역,LDG,육군 탄약지원사령부,202405241030,I6EEC,주식회사 이한산업,"leehan Co.,Ltd.",김원홍,0415412140,충청남도 아산시 선장면 삽교천로2-35,84.416,84516383
60,LDG0049,1,20940,***,24~27년 얼음정수기(45대) 임차 용역,용역,LDG,육군 탄약지원사령부,202405241030,M79E3,케이제이상사,,강주현,010-2890-2231,경기도 부천시 원미구 삼작로286-0 (도당동) 1층,87.749,64719000
2,SCL0025,1,16120,***,24-00학교 교내식당 위탁용역,용역,SCL,해군사관학교,202405241000,JAE2A,푸디스트 주식회사,,박정훈,0221742660,서울특별시 용산구 청파로363(서계동),,16380000000
10,LCG0040,1,18009,***,[24-육-90] 전반기 예비군지휘관 근무복류 제조 구매,물품,LCG,육군본부,202405231200,ICB3C,성진에스앤에프 주식회사,,이성훈,07049424556,경기도 용인시 처인구 모현읍 백옥대로2101번길63-48,88.185,11836202
541,LCP0040,1,21137,***,위험물취급자 안전장구 세트 구매,물품,LCP,육군항공사령부,202405231130,IBF78,대로종합상사,,문지연,0264012669,"경기도 광명시 광명로841, 502호(광명동, 동진프라자)",88.821,7215280
3848,LCP0041,1,21152,***,'24년 2·3분기 전산운영용품 구매,물품,LCP,육군항공사령부,202405231130,LA981,탄탄대로,,김준현,01084165525,"충청남도 아산시 둔포면 중앙공원로33번길23-4 , 3층 303호",88,59690973
4,HDG0013,1,21107,***,<24-47> 24년 공군 10비 특수건강진단 민간위탁용역,용역,HDG,공군제10전투비행단,202405231100,F8BC7,안양세종의원,anyangsejongmedi,김영득,07043484551,"경기도 안양시 만안구 충훈로70, 2,4,5층 (석수동)",87.849,97156650
20,EBBE027,1,9039,***,"'24년 방현재, 선박용",물품,EBB,지상공통전력운영계약팀,202405231100,J72A6,오승산업,,오세화,0513114051,부산광역시 사상구 학감대로252번길83 (주례동),88.029,77872770
198,LGQ0014,1,21125,***,24년 사단 제초용역,용역,LGQ,제36보병사단,202405231100,K0B47,주식회사 혜성,,한지영,0332414447,강원특별자치도 춘천시 동면 서부대성로441-4 102호,88.009,89171553
279,LIK0034,1,21013,***,24년 안전물자세트(안전장갑 등 3품목) 구매계약,물품,LIK,제2군수지원여단,202405231100,MA333,티에프,,신태식,0332416697,강원특별자치도 춘천시 동내면 너부래길19-34,88.002,6171660
2,MCS0065,1,21201,***,(군수-015) 가스레인지 구매,물품,MCS,국방부계룡대근무지원단,202405231100,E0F72,가람주식회사,garam,신혜영,0428405115,충청남도 계룡시 엄사면 번영로85-0  101호,97.618,1349000
14,LMP0026,1,21236,***,"24년 2,3분기 전산운영용품",물품,LMP,제3보병사단,202405231100,M10E1,모세컴퍼니,,허진영,01062644720,"강원특별자치도 철원군 갈말읍 태봉로1585, 101호",88.005,54560720
22,LCN0027,3,17516,***,24-1차 사무자동화 비품 제조,물품,LCN,육군사관학교,202405231100,B08F0,청도산업(주),"Chung do industrial co.,ltd",박광수,0319495112,경기도 파주시 광탄면 분수리170-3,88.366,12116200
33,EBBE023,2,9631,***,'24년 베어링류(구매),물품,EBB,지상공통전력운영계약팀,202405231100,M07DE,원탑 하이테크,,박경순,0518318757,부산광역시 강서구 녹산산업중로100-0 (송정동),88.064,70489500
35,EBBE024,2,8994,***,"'24년 스프링, 지지용",물품,EBB,지상공통전력운영계약팀,202405231100,H3B13,동광정밀,DONGKWANG PRECISION,이규로,0513010812,부산광역시 강서구 체육공원로52번길94  (대저1동),88.093,22803233
78,LIK0035,1,21015,***,24년 안전물자세트 구매(재료비),물품,LIK,제2군수지원여단,202405231100,KD211,주식회사 구곡건설,,김상겸,0334419878,강원특별자치도 화천군 사내면 사내로10-7,88.01,2104217
146,UMM0620,1,18577,***,24-N-OO사 조경관리 용역,용역,UMM,국군재정관리단,202405231100,JDFB4,주식회사 조은조경나무병원,,김혜영,0539656705,"경상북도 경산시 성암로3길6, 1층 (옥산동)",88.001,56236772
18,UMM0512,2,14159,***,(246176-E) 절삭유 통합 공급장치 제조 설치,물품,UMM,국군재정관리단,202405231100,E104F,주식회사지텍,"GTECH.Co., Ltd.",김금옥,07071267255,경기도 김포시 양촌읍 황금3로7번길36 (학운리),83.837,357737160
5,LCF0222,1,20652,***,"어댑터,호이스트용 등 14항목 제조(총포공구)",물품,LCF,육군군수사령부,202405231100,M2E84,동창원산업(주),,정창,0553459455,경상남도 의령군 용덕면 의합대로123-7,88.151,38872350
4949,LCF0223,1,13571,***,"솔,세척용,프라이머용 등 29항목 구매(총포공구)",물품,LCF,육군군수사령부,202405231100,M8B22,에스와이유통,,김춘임,01066720018,"경기도 하남시 역말로15번길35, 103동 301호(덕풍동, 덕풍쌍용아파트)",87.995,62393230
220,LCF0226,1,11841,***,인버터 등 7항목 구매(궤도공구),물품,LCF,육군군수사령부,202405231100,IFADD,동진테크,,주진희,0513281155,부산광역시 사상구 낙동대로901번길25-38(감전동),88.033,237552000
5181,LCF0225,1,11839,***,충전 햄머 드릴 등 3항목 구매(궤도공구),물품,LCF,육군군수사령부,202405231100,L5AFC,착한참치상회,,이민규,0312145433,경기도 수원시 영통구 광교중앙로240-0 (하동) 1층 107호 착한참치상회,87.995,174667602
1526,LCF0224,1,11838,***,유압식 쇼트램 등 4항목 구매(궤도공구),물품,LCF,육군군수사령부,202405231100,H81CF,서인상사,SeoIn Trading,정영경,01055926959,"경기도 성남시 중원구 황송로77, 104-1604 (금광동, 래미안 금광)",83,220519870
17,LCF0221,1,09922,***,"고정구,무기 구성품 정비용 등 13항목 제조(총포공구)",물품,LCF,육군군수사령부,202405231100,L16AC,환호테크,,서선희,0513283412,부산광역시 사상구 가야대로103번길10(감전동),88.016,108555000
5190,LCF0238,1,09405,***,자동 에어릴 등 10항목 구매(항공공구),물품,LCF,육군군수사령부,202405231100,M4718,거송비드프로,,송종형,0555210937,"경상남도 창녕군 부곡면 온천중앙로34, 2층(중앙상가)",87.995,110427392
5020,LCF0237,1,08541,***,"소켓,소켓 렌치용 등 12항목 구매(항공공구)",물품,LCF,육군군수사령부,202405231100,FF877,케이 글로벌,K  GLOBAL,김간순,01050024588,대전광역시 대덕구 대화로160-0 (대화동) 1동 306호(산업용재유통상가),87.995,161452000
3903,LCF0243,1,06267,***,방진마스크(N95) 등 7항목 구매(의무),물품,LCF,육군군수사령부,202405231100,I4651,아트소마,artsoma,유진숙,01029663460,"서울특별시 서대문구 홍연길77-0 (연희동, 한인트윈빌) 202호 C-46",87.995,20836340
1320,LCF0187,1,05877,***,심장세동제거기검사기 등 1항목 구매(의무),물품,LCF,육군군수사령부,202405231100,LFE33,디케이컴퍼니(DK company),,권정훈,01091853695,"경기도 용인시 처인구 경안천로196-1  205동 1404호 (고림동, 양우내안애에듀퍼스트)",87.995,20052050
32,LCF0220,1,04776,***,"내부방탄복, 판문점 등 1항목 제조(피복)",물품,LCF,육군군수사령부,202405231100,K9A32,주식회사 순수팩토리,,신지원,023712101,경기도 고양시 덕양구 삼원로40-1 (삼송동),88.006,20197710
207,LCF0242,1,04759,***,"덮개조립체,포탑용 등 12항목 구매(항공)",물품,LCF,육군군수사령부,202405231100,GED69,부림산업,Burim Industry,조주희,0553364424,경상남도 김해시 김해대로2646-0 (안동),88.124,52187157
1213,HCF0130,1,16299,***,"24-H-46 합성기,전기 주파수용",물품,HCF,공군군수사령부,202405231030,K548A,반석유통,,편미영,01068996727,"대전광역시 유성구 지족로362 (지족동, 반석마을아파트3단지) 302-1404",88.001,38842770
386,HCM0048,1,21131,***,24-05-168 타이어 등 11품목,물품,HCM,공군교육사령부,202405231030,I6ABB,더원기업,"Theone co.,",정난규,07078412357,경상남도 김해시 대동면 동남로309-13,88.001,19587130
1856,LKS0038,1,21241,***,부사관 모집홍보 기념품 구매,물품,LKS,육군인사사령부,202405231030,M3821,엔젤통상,,이강빈,01042258745,경기도 시흥시 서울대학로264번길74-0 (배곧동) B동 312호,88,30301204
253,LKM0028,1,21195,***,24년 지휘관 단독관사 제초 용역,용역,LKM,제2632부대,202405231030,K76EF,주식회사 더나은조경,,김순임,0632517136,"전북특별자치도 전주시 덕진구 송천중앙로119-0 (송천동1가), 2층",88.001,28758790
580,LCI0003,1,21184,***,24년 제초관리 용역(24-029),용역,LCI,육군제6501부대,202405231030,L173A,랜데코조경 주식회사,,윤정아,0317786131,"경기도 성남시 수정구 공원로340, 상가동 206호(신흥동)",88.017,33864023
10,SCR0058,1,21073,***,에어컨 스탠드 형 등 6종 13점 구매,물품,SCR,해군제3함대사령부,202405231030,I4F5C,미래종합상사,mire-G.T.C,김기현,061-282-4941,"전라남도 목포시 당가두로14번길50, 101호 (옥암동)",88.045,12731400
261,LKM0031,1,21230,***,24년 103여단 주둔지 제초 용역,용역,LKM,제2632부대,202405231030,IAE35,대웅건설주식회사,d,이숙민,0633220900,전북특별자치도 무주군 무주읍 단천로184,88.002,37176260
18,HCS0008,1,21223,***,(조달) 24-1-32 타이어 등 18품목,물품,HCS,제3훈련비행단,202405231030,GA94F,성화종합상사,sunghwa,이애숙,0518054447,"경상남도 창원시 성산구 신촌로95-0 (신촌동, 동성임대아파트) 102-507",97.153,46500000
262,LKM0030,1,21227,***,24년 105여단 주둔지 제초 용역,용역,LKM,제2632부대,202405231030,J8071,주식회사 중앙조경,,방극섭,0636342282,전북특별자치도 남원시 히어실길8-15 (용정동),88.029,42600400
261,LKM0029,1,21206,***,24년 106여단 주둔지 제초 용역,용역,LKM,제2632부대,202405231030,K3DAC,주식회사 대한건설산업,,김현주,0632441974,"전북특별자치도 완주군 봉동읍 봉동동서로117-4 ,2층",88.007,58737000
117,SDQ0054,1,21199,***,부품상자 등 93종 구매,물품,SDQ,해군제2수리창,202405231030,L7450,동해유통,,최승종,01062487950,"경기도 평택시 안중읍 안현로서6길10, 403-디3호(대원빌딩)",88.013,14206130
215,HCM0049,1,21176,***,24-05-167 ABC 소화기 등 3품목 구매,물품,HCM,공군교육사령부,202405231030,LBBD4,삼자,,이규열,07047112466,"경상남도 김해시 대청로237, 104동 1403호(삼문동, 장유 덕산아내 에코캐슬)",88.011,17371495
44,LDC0012,1,21171,***,KCTC체계 운영유지용품 구매(2분기),물품,LDC,육군과학화전투훈련단,202405231030,MA333,티에프,,신태식,0332416697,강원특별자치도 춘천시 동내면 너부래길19-34,88.077,26046360
194,SCK0062,1,21051,***,도서(인공지능 개론 등 523종) 구매,물품,SCK,해군교육사령부,202405231030,ICA7C,주식회사 참존바이오,,이정호,07047727683,"경상남도 창원시 성산구 연덕로184번길28-0 (내동, 공단상가)3동 2층 6호 1",90,12144360
205,MCT0027,1,21032,***,펜싱부 운동용품(레슨용 마스크 등 10종)구매,물품,MCT,국군체육부대,202405231030,G397D,주식회사 하늘미디어,Skymedias,김병철,07040704179,"경기도 화성시 동탄중심상가1길33, 9층 901-110호 (반송동, 동탄미래도프라자)",88,8558401
81,SFD0045,1,20083,***,24-P-용-01 침수예방사업 선행연구용역,용역,SFD,제9227부대,202405231030,L8AFA,주식회사 태양이엔지,,김자이,07047423100,경상북도 포항시 북구 대해로15-0 (죽도동) 2층,87.766,86107500
916,SCF0495,1,21116,***,"프로펠러, 선박용 등 4종 구매",물품,SCF,해군군수사령부,202405231030,IE9FD,제이에스컴퍼니,,오정심,01098082774,"경기도 시흥시 엠티브이24로20 , 105호(정왕동)",87.996,144591820
501,SCF0491,1,17916,***,전원 공급 모듈 등 2종 구매,물품,SCF,해군군수사령부,202405231030,4759F,서광전자,seokwang electronic co.ltd,오복룡,055-541-0071,경상남도 창원시 진해구 이동로69번길 12(),88.146,31713660
619,SCF0498,1,16916,***,"컵,세라믹제 등 7종 구매",물품,SCF,해군군수사령부,202405231030,I5CC1,다엘시스템,Dalsystem,임혜영,07048374689,"충청남도 부여군 부여읍 중앙로11, 2층",88.055,22978520
846,SCF0493,1,15891,***,"교정기, 전압용 등 8종 구매",물품,SCF,해군군수사령부,202405231030,L1768,스피드,,김혜명,07046473089,"인천광역시 미추홀구 토금남로4번길25-12, 101호(용현동, 선영하이츠빌)",83.006,373827590
506,SCF0497,1,15743,***,"펌프, 원심식 등 12종 구매",물품,SCF,해군군수사령부,202405231030,KC787,토탈marine,,허광주,055-551-4511,경상남도 창원시 마산회원구 회원동로42-1 (회원동),88.676,79470000
1204,SCF0496,1,14303,***,"전지, 축전식 5,680EA 구매",물품,SCF,해군군수사령부,202405231030,J4839,리브뉴,,강미현,010-7227-6581,경상남도 남해군 상주면 상주로68번길13-5,87.996,11257700
985,LMK0024,1,21054,***,[24-C21] 24년 제초 용역 계약,용역,LMK,제6보병사단,202405231030,CD15A,탑 종합건설 주식회사,,안인호,0334337717,강원특별자치도 홍천군 북방면 성동로66-0,87.997,277513850
211,LIK0037,1,21240,001,‘24년 부대계약 부식(7~9월)(빵류) 제조/구매,물품,LIK,제2군수지원여단,202405231030,MA9FF,천지수산,,최재우,01075300477,"부산광역시 서구 원양로35-0 (암남동) 도매장동 2층 31호, 39호, 40호, 119호, 120호, 125호",83.091,943969
417,HCF0129,1,20651,***,"24-H-32 발전기, 기능용, 전자시험용",물품,HCF,공군군수사령부,202405231030,I6D73,주식회사 티엠시스,TMSYS inc.,김선철,0317565224,경기도 성남시 수정구 성남대로1210번길16-2 비01호(수진동),88.057,31896700
5409,HCF0128,1,20089,***,"[항공등화 부품]전지,축전식 구매",물품,HCF,공군군수사령부,202405231030,L6FA7,인플(interior plus),,정현석,07070079628,"부산광역시 북구 효열로275번길55, 1층 2호 (금곡동)",87.995,45106322
1535,HCF0132,1,19088,***,[항자단] 동판부식 시험기 등 4종,물품,HCF,공군군수사령부,202405231030,ED7CE,영흥인퍼스,yhinfus,홍현기,0323218543,"경기도 부천시 원미구 조마루로385번길122, 1012호(춘의동, 삼보테크노타워)",87.996,99363640
3600,HCF0131,1,19084,***,"[항자단] 워커,그리스용",물품,HCF,공군군수사령부,202405231030,I5E80,주식회사 진성하이텍,JINSUNG HITEC,조종열,0555525665,"경상남도 창원시 마산합포구 해안대로91, 상가 205호(해운동, 경민시티빌)",87.996,60277400
38,HCC0042,1,21034,***,위성수신기 등 2품목(081),물품,HCC,해군제1수리창,202405231000,IA6F6,월천테크,wallchuntech,반효선,070-8851-3656,강원특별자치도 동해시 발한로267 (발한동) 105호,88.041,3663100
38,HCC0043,1,21158,***,개스킷 등 33품목(082),물품,HCC,해군제1수리창,202405231000,K6A6F,동원상사,,지정훈,010-9030-7646,강원특별자치도 동해시 동굴4길6 (천곡동)2층 201호(삼성타워),91.219,8401790
38,HCC0043,2,21158,***,개스킷 등 33품목(082),물품,HCC,해군제1수리창,202405231000,K6A6F,동원상사,,지정훈,010-9030-7646,강원특별자치도 동해시 동굴4길6 (천곡동)2층 201호(삼성타워),91.219,8401790
2,EBB0197,1,6703,***,장갑차 부품(어댑터류),물품,EBB,지상공통전력운영계약팀,202405221600,4741F,예지정밀,yeji precision,김정모,0553320248,경상남도 김해시 대동면 대동산단4로146-9,84.588,273988000
61,LGP0092,1,20835,***,24년 정밀안전점검 및 내진성능평가 용역(2공구),용역,LGP,제1군수지원사령부,202405221430,K7810,주식회사 한뉴엔지니어링,,김진수,07041772015,경기도 안양시 동안구 엘에스로136 (호계동) 금정역2차 SK V1 A동 814~815호,88.022,61430090
61,LGP0091,1,20834,***,24년 정밀안전점검 및 내진성능평가 용역(1공구),용역,LGP,제1군수지원사령부,202405221330,C7BA6,(주)엘씨구조시스템,LC STRUCTURE SYSTEM,이종석,07075436074,"경기도 안양시 동안구 시민대로401, 1104호(관양동, 대륭테크노타운15차)",88.01,60752098
4,EBH0009,1,0306,***,"24년 장비커버류(기동,총포)",물품,EBH,해상공중전력운영계약팀,202405221300,GED69,부림산업,Burim Industry,조주희,0553364424,경상남도 김해시 김해대로2646-0 (안동),90.552,16041680
183,SCF0488,1,20780,***,(긴급)실리카샌드 1종,물품,SCF,해군군수사령부,202405221300,A3BDF,삼영기계(주),"SAMYOUNG MACHINERY CO.,LTD",한금태,0418403019,충청남도 공주시 월미농공단지길39-0 (월미동),89.938,11652000
632,LCF0230,1,14647,***,방수 주머니 등 16항목 구매(궤도-018),물품,LCF,육군군수사령부,202405221130,ID615,정우디앤피,,이영남,01053981582,서울특별시 중구 퇴계로218-7 (필동2가),87.995,122946790
3,EBB0194,1,4956B,***,2024 화학탐지장비세트(CAM2) 수리부속(일반),물품,EBB,지상공통전력운영계약팀,202405221100,3366F,(주)센서테크,Sensor Tech Inc.,김미숙,0428225601,대전광역시 유성구 죽동로171 (죽동),84.729,353744800
58,MDN0005,1,20836,***,생물학무기용 진단키트 구매,물품,MDN,국군화생방방호사령부,202405221100,G7B37,마니,money,신동심,0552957783,경상남도 창원시 의창구 북면 동곡로33-0  휴먼빌108-501,88.134,39070878
531,MDN0004,1,20826,***,표본수집키트 구매,물품,MDN,국군화생방방호사령부,202405221100,M0393,폴트레이드,,성재현,01033662109,"전라남도 해남군 해남읍 동초길70, 가동 301호(금영아파트)",88,41288030
239,LKP0097,1,20819,***,24년 2분기 전산운영용품 구매,물품,LKP,5군수지원사령부,202405221100,K57DC,성희기업,,김성기,0532466330,"대구광역시 동구 효동로16, 3층 301호(효목동, 우남로즈아파트)",88,41288170
96,LAR0001,1,20959,***,'24년 주둔지 제초용역,용역,LAR,국제평화지원단,202405221100,MB08C,주식회사 다올조경,,신한례,01052352445,"인천광역시 남동구 선수촌공원로17번길8, 506-5호(구월동, 정방빌딩)",88.085,19575923
357,UMM0625,1,20847,***,"(246076-F) 들것, 플라스틱 구매",물품,UMM,국군재정관리단,202405221100,GD71D,주식회사 제이씨이앤엠,JCENM,박찬우,01062388965,경기도 고양시 일산서구 덕이로281-18 (덕이동),88.001,122892000
971,UMM0606,1,20559,***,(24F166-A) 렌탈프린터 용역,용역,UMM,국군재정관리단,202405221100,I532D,주식회사 퍼스트텍,First Tech,양영선,0313125240,경기도 시흥시 문화마을로16번길45-0 3층 (대야동),87.747,85014050
2,UMM0592,1,19867,***,24-M-사열차 제조(248026-F),물품,UMM,국군재정관리단,202405221100,G6EA2,주식회사 와풀,woowful,송봉주,0226783080,경기도 김포시 월곶면 김포대로2708-37,91.569,118970000
2,UMM0628,1,18544,***,(24F123-I) 보급부대 근무분야 민간위탁 강원춘천,용역,UMM,국군재정관리단,202405221100,F52B9,공우이엔씨 주식회사,KONGWOO ENC Corporation,이한기,0262760252,"서울특별시 영등포구 여의대방로43라길6-0 (신길동, 신길프라자3층)",97.692,1806000000
33,UMM0605,1,15807,***,24-N-00사 얼음정수기(41대) 임차용역,용역,UMM,국군재정관리단,202405221100,K89C6,주원글로벌,,서진주,01074300888,"경상남도 창원시 성산구 원이대로774 (상남동, 성원아파트) 201동 2002호",87.755,82369369
24,UMM0616,1,13158,***,(246166-C) 24년 LAN용 UPS 제조설치(리스자산),물품,UMM,국군재정관리단,202405221100,L5BAE,주식회사 포인트이엔지,,장갑상,0313608488,경기도 군포시 공단로149-0 (당동)지하 104호,88.047,1066440830
788,UAC0018,1,19120,***,디지털인쇄재료 7종 수시 구매,물품,UAC,국방출판지원단,202405221100,L4A50,디엔지유통,,조창현,01096801253,"경기도 동두천시 생연로28, 306동 203호(지행동, 부영아파트)",87.998,40901080
2,SFH0079,1,20998,***,24-B-음식물쓰레기 처리기 임차장비 용역,용역,SFH,제9196부대,202405221100,C96C7,에코스마트 주식회사,"ECO-SMART Co., Ltd",이현주,0313668522,경기도 화성시 팔탄면 무하로156번길9-0,84.137,454942400
20,EBH0008,1,1002B,***,24년 발칸 유지부품(구매),물품,EBH,해상공중전력운영계약팀,202405221100,C9ED0,에스브이에스주식회사,SVS Corp.,이진우,0316577400,경기도 안성시 공도읍 원승두길143-12,84.355,1214150000
3,LCF0239,1,07283,***,"브래킷트,우측용 등 1항목 제조(총포)",물품,LCF,육군군수사령부,202405221030,L0FB5,에스엔더블유테크,,명노헌,0517141295,부산광역시 강서구 가리새2로13번길14-0 (생곡동),88.681,1377700
20,SFJ0011,1,20784,***,24-항-군비행장 소음측정 및 분석용역,용역,SFJ,제2112부대,202405221030,M9244,주식회사엔브이에이치테크놀로지,,심상덕,07076335449,"부산광역시 사상구 새벽로131, 2동 3층 301호(감전동, 부산산업용재유통상가)",88.012,39706590
3,SCN0088,1,20865,***,24-진-35 취사식당 조리실 작업환경 측정 용역,용역,SCN,제7001부대,202405221030,G90FC,주식회사 힐스,"HealSE Co., Ltd.",박만철,0552528820,"경상남도 창원시 의창구 평산로23-0, 510호(팔용동, 신화테크노밸리)",88.444,15084542
141,SFD0044,1,20859,***,HDMI케이블등 10품목 구매,물품,SFD,제9227부대,202405221030,M0981,인우스토어,,김지혜,07040421380,"경상북도 포항시 남구 효성로55, 101동 2602호(효자동, 효자풍림아이원아파트)",88.011,11695819
7,LHN0042,1,20801,***,24년 이동식 화장실 임차 용역,용역,LHN,제7보병사단,202405221030,H09D7,주식회사  호반환경건설,HOBAN,김규태,0332548600,강원특별자치도 춘천시 동면 춘천로514-0,89.96,24124000
4,SFM0043,1,20754,***,"24-S-오,폐수처리시설 수질검사 용역",용역,SFM,제3170부대,202405221030,HD840,주식회사 엔비전,envision Co.Ltd.,김시원,0532845180,경상북도 경산시 장산로4길7(신동아프라자 3F),88.445,2693900
32,LCM0028,1,20450,***,'24년 군견(비작전견) 사료 구매,물품,LCM,육군교육사령부,202405221030,M9047,다원건축설비,,김성호,010-8933-4307,강원특별자치도 원주시 원일로300(학성동),88.159,45705000
506,SFH0083,1,21007,***,24-B-비디오서버 등 15품목 구매 납품,물품,SFH,제9196부대,202405221030,M398D,엠에스컴퍼니,,김명숙,01090416220,"인천광역시 연수구 독배로40번길48-0 (옥련동, 우성아파트), 103-1408",88.002,43616670
13,SFH0082,1,21006,***,24-B-탑카울 등 14품목 구매 납품,물품,SFH,제9196부대,202405221030,L068E,주식회사 헤이치 인 헤이치(H in H),,허희은,07040127700,인천광역시 연수구 센트럴로313-0 (송도동),88.381,18655098
594,LCH0031,1,20975,***,00부대 제초관리 용역(교-24-용-1),용역,LCH,특수전사령부,202405221030,B4298,이수조경건설 주식회사,isu,엄영자,0313773760,경기도 오산시 원동로22-0 (원동) 843호,88,69790000
30,LHN0043,1,20961,***,"24년 군장품(명찰,벨크로 부착) 계약",물품,LHN,제7보병사단,202405221030,KE95E,한국종합상사,,조주훈,01085574269,"강원특별자치도 강릉시 관솔길117, 4층(내곡동)",88.158,17743830
114,LCH0030,1,20960,***,00부대 제초관리 용역(9-24-용-1),용역,LCH,특수전사령부,202405221030,B4497,주식회사호민조경,HO MIN,최봉수,0324730722,인천광역시 남동구 인주대로763번길49-0 (구월동) 정흥빌딩 302호,88,35273920
1860,HDT0016,1,20775,***,항정단 감시정찰체계대대 마우스패드 등 53종,물품,HDT,공군작사근무지원단,202405221030,HA147,푸른송,fu fms song,송미경,0314753305,"경기도 안산시 단원구 광덕4로220-0 (고잔동), 512호",88,39704190
5,LBA0041,1,20769,***,'24년 화공가스 구매 및 용기검사,물품,LBA,제 2167부대,202405221030,HE518,일성가스,il sung,김교호,0316814646,경기도 평택시 청북읍 청북로207,88.055,36699300
5,SFH0081,1,21005,***,24-B-부품보관함 등 5종 8점 구매 납품,물품,SFH,제9196부대,202405221030,C3F95,툴데포,Tooldepot,홍승표,0328188909,인천광역시 연수구 청솔안로5번길12-0 (청학동),95.531,4950000
5,SDF0071,1,20995,***,24-항-논 물탱크 청소용역,용역,SDF,제5738부대,202405221030,K27F4,주식회사 공주크린산업,,주미나,010-5824-5535,충청남도 공주시 웅진로106(중학동),90.442,906921
189,LCH0032,1,20978,***,00부대 제초관리 용역(11-24-용-2),용역,LCH,특수전사령부,202405221030,K5E74,라임산업개발 주식회사,,양한나,0617610993,전라남도 광양시 광양읍 백운로170,88.01,33510600
138,LGP0090,1,20833,***,24년 내진성능평가 지반조사 용역,용역,LGP,제1군수지원사령부,202405221030,M03C9,제이씨건설엔지니어링 주식회사,,이주섭,0316893934,"경기도 군포시 군포첨단산업2로7번길8, 4층 419호, 421호, 422호,423호,424호(부곡동, 군포에이스더블유밸리)",88.051,19364300
15,LFC0043,1,20797,***,24년 19차 의료기재(탄력붕대 등 60품목) 구매,물품,LFC,육군훈련소,202405221030,J9E2B,(주)효선,,심효선,07077044913,"충청남도 천안시 서북구 성정두정로12, 6층 601-80호(성정동, 메트로죤-1)",88.071,22932626
29,SCN0087,1,20791,***,라면조리기 2구 4대 구매,물품,SCN,제7001부대,202405221030,L02B4,제이앤제이 이엔지,,노선영,0512911220,부산광역시 강서구 명지국제8로30-0 (명지동),88.166,3962213
4,SFN0038,1,16747,***,24-Y-복-복지회관 신축사업 선행연구용역,용역,SFN,연평부대,202405221030,E33A6,(사)국방시설연구협회,kooksiyon,정주교,0317528708,"경기도 성남시 수정구 복정로84번길 22-15,(B-001호) (복정동)",70.613,65000000
3,SFC0041,2,16633,***,인공근육 기반 전투원용 슈트 개발 발전방향 연구,용역,SFC,제9691부대,202405221030,CB4AB,한성대학교 산학협력단,hansung industry-university cooperation foundation,이정훈,027604218,서울특별시 성북구 삼선교로16길116-0 (삼선동2가),91.746,18656000
2,SFC0040,2,16630,***,해병대 고유 무기체계별 맞춤식 정비개념 연구,용역,SFC,제9691부대,202405221030,C7FEF,건양대학교 산학협력단,Konyang University Industry Cooperation Foundation,이후기,0417305622,"충청남도 논산시 대학로 121, 건양대학교 산학협력단(내동)",84.719,21000000
29,SCF0490,1,16501,***,"저울(30kg, 150kg) 2종 구매",물품,SCF,해군군수사령부,202405221030,G9170,(주)씨앤씨솔루션,C&C Solution,홍수정,0519412814,부산광역시 강서구 녹산산업중로62-6 (송정동),88.042,2116000
8,SCF0259,3,07575,***,'24년 기체혼합기 정비,물품,SCF,해군군수사령부,202405221030,H9871,주식회사 에이앤지테크,angtech,김경훈,0326770272,"경기도 부천시 원미구 도약로282번길6(도당동, AG빌딩)",86.674,110000000
39,LQG0044,1,20881,***,24년 전반기 공기청정기 필터 제조 납품,물품,LQG,육군 52보병사단,202405221030,KAEED,다모아필터 주식회사,,양미정,01074137706,경상북도 구미시 산동읍 5공단7로74-0,88.007,25358508
489,LPF0049,1,20985,***,24-27년 예비군 육성지원(공기청정기) 임차,용역,LPF,제51보병사단,202405221030,L4016,주하라 댄스피트니스,,김연재,01095020178,경기도 남양주시 진접읍 장현로134-0 3층,87.759,121279700
636,LPF0048,1,20982,***,24-27년 예비군 육성지원(프린터) 임차,용역,LPF,제51보병사단,202405221030,K5DF6,유노코리아,,권지은,01072071901,"경기도 의정부시 부용로174-0 (신곡동, 상록아이파크) 104동 201호",87.751,161737940
2,LDG0048,1,20623,***,105밀리 고폭탄 파라핀 지환통 제조/생산능력,물품,LDG,육군 탄약지원사령부,202405221030,D2134,주식회사 수원지관산업,"SUWON PARER CONE & TUBE MFG.CO.,LTD",장주현,0313537034,경기도 화성시 향남읍 발안로679-14,86.598,1373247517
15,LCF0235,1,20711,***,"덮개,보호용 등 60항목 제조(총포)",물품,LCF,육군군수사령부,202405221030,K5740,주식회사 시그니처와이케이고,,박영춘,0322406439,"경기도 부천시 조마루로385번길92, 907호(원미동, 부천테크노밸리 U1 center)",88.001,171461920
4,LCF0234,1,20710,***,"렌즈,등용 등 2항목 제조(총포)",물품,LCF,육군군수사령부,202405221030,G2DE7,소올산업,M-TECH,김민경,0332572330,강원특별자치도 춘천시 춘천로58(효자동),88.07,11893500
3,LCF0233,1,20709,***,"펠트,기계식,성형식 등 21항목 제조(총포)",물품,LCF,육군군수사령부,202405221030,I3063,이든산업,Ideun Industry,박용철,070-4647-0245,부산광역시 강서구 호계로57번길20-0 (죽동동),92.667,1843085
7,LCF0229,1,20699,***,개스킷 등 54항목 제조(자주포),물품,LCF,육군군수사령부,202405221030,3654F,금진산업,GUMJIN CO.,이강욱,0513049001,부산광역시 사상구 삼락천로33-0 (삼락동),88.043,19668300
10,HCC0041,1,20849,***,알루미늄 파티션 등 16품목(074),물품,HCC,해군제1수리창,202405221000,JFB9B,청아철물설비,,김주희,010-7224-5200,강원도 동해시 단봉길23 (북평동),88.18,4232200
2,EBB0190,1,3031,***,"핀,발사용",물품,EBB,지상공통전력운영계약팀,202405211500,2781F,(주)경도,"Kyung Do Co ., Ltd",조영,0553757001,경상남도 양산시 상북면 홍룡로42,83.689,276180000
3,EBB0152,2,1A212,***,"24년~25년 (UH-60) 제어장치,시동보조기용 정비",물품,EBB,지상공통전력운영계약팀,202405211400,G2D98,주식회사 원영전자,WonYoung Elec INC.,김창환,0317374080,"경기도 성남시 중원구 사기막골로159-0 (상대원동, 금강하이테크2 아파트형공장) 711호",86.025,30250000
4,LDH0493,1,19204,***,"(기동) 축,차축용,자동차용 등 2종 구매",물품,LDH,육군종합정비창,202405211300,G989D,금성특수산업,GoldStar Special Lnd,김진봉,051-313-8822,부산광역시 사상구 광장로34 금성특수산업,89.119,12022000
563,SCF0486,1,20084,***,"(긴급)밸브, 볼형 등 54종",물품,SCF,해군군수사령부,202405211300,KE0F6,경진테크,,정태경,01074007682,"경상남도 창원시 성산구 원이대로495 (반림동, 트리비앙아파트) 230동 1607호",94.267,26833620
15,LDH0497,1,20265,***,(자재) 하우징 상부 하부 부품키트 구매,물품,LDH,육군종합정비창,202405211300,I5028,모아컴,MORECOM,이상주,031-8039-6060,서울특별시 송파구 양산로12 (거여동) 세신거여훼미리타운 303호,99.553,127289280
3,LCG0035,1,19494,***,[24-육-98] 의료기관 잠복결핵 검진,용역,LCG,육군본부,202405211200,D2701,(사)대한결핵협회,knta,신민석,0226339461,서울특별시 서초구 바우뫼로6길57 (우면동),88.532,39508700
4,LCF0175,2,12844,***,"부력판 등 7항목 제조(궤도,제조014)",물품,LCF,육군군수사령부,202405211130,M2E84,동창원산업(주),,정창,0553459455,경상남도 의령군 용덕면 의합대로123-7,88.505,54438040
3,EBB0189,1,1622,***,K계열 기동궤도부품류,물품,EBB,지상공통전력운영계약팀,202405211100,3715F,디씨에이치(주),"Daichang Marine Tech CO., LTD",김효성,0518326078,부산광역시 사상구 모덕로27번길 126(),84.614,1024500000
18,LFK0036,2,20560,***,24년 교육생 생활관 증축 및 개수 선행연구 용역,용역,LFK,육군종합군수학교,202405211100,JFBF4,사단법인 대신경제정책연구소,,이원제,0222991070,서울특별시 성동구 상원1길26-0 (성수동1가) 서울숲A타워 705호,88.026,35901030
31,LRC0002,1,20276,***,‘24년 시설유지관리(제초용역) 계약,용역,LRC,제7862부대,202405211100,JE5E1,이지조경(주),,이정은,07075439810,강원특별자치도 철원군 갈말읍 명성로139번길13-22 (명품ESA아파트) 상가동 비03호,88.002,34021680
372,LIK0031,1,20615,***,24년 부식 재포장재료 구매,물품,LIK,제2군수지원여단,202405211100,J5DE4,애플,,경도현,01053950336,"강원특별자치도 원주시 중앙로86, 203호 (중앙동)",88,45432671
90,LKG0050,1,20603,***,24년 동원/지역예비군훈련장 방제용역(1차),용역,LKG,육군제53보병사단,202405211100,G55F8,주식회사 마스터크린시스템,mastercleansystem,손영선,0519419196,부산광역시 강서구 범방3로59번길43 (범방동),88.059,29823500
415,LKG0049,1,20599,***,[육성]응급처치킷,물품,LKG,육군제53보병사단,202405211100,IF982,다민실업,,이종애,07077892710,부산광역시 금정구 수림로62번길49 (장전동),88.003,60382280
18,LFK0036,1,20560,***,24년 교육생 생활관 증축 및 개수 선행연구 용역,용역,LFK,육군종합군수학교,202405211100,JFBF4,사단법인 대신경제정책연구소,,이원제,0222991070,서울특별시 성동구 상원1길26-0 (성수동1가) 서울숲A타워 705호,88.026,35901030
162,MCR0045,1,20649,***,24-2차 2분기 국외도서 구매,물품,MCR,국방대학교,202405211100,C7252,대경상사,daekyungsangsa,홍순억,042-551-1494,"충청남도 계룡시 신도안1길41-0 (신도안면, 계룡대쇼핑타운)",88.016,18580828
237,MCR0044,1,20648,***,24-2차 2분기 국내도서 구매,물품,MCR,국방대학교,202405211100,L93FF,신화텍 주식회사,,권영석,07047722900,"충청남도 천안시 서북구 업성1길66, 3층(업성동)",90,32926389
2,LKG0051,1,20618,***,125-4대대 간부숙소 가구 설치납품,물품,LKG,육군제53보병사단,202405211100,E47F9,(주)포이닉스부산,"POINIX BUSAN CO,LTD",구춘남,0516111311,부산광역시 남구 신선로 340(),88.025,31377000
8,LIK0032,1,20630,***,'24년 HET 권양기 구매,물품,LIK,제2군수지원여단,202405211100,EF2CA,대광종합상사,DaKang a general trading company,김정현,0336539838,강원특별자치도 강릉시 경강로2496,88.672,8989800
20,LHM0052,1,20548,***,재해예방기술지도(8건통합),용역,LHM,제15보병사단,202405211100,LB429,주식회사 케이안전,,표애연,0316353902,경기도 이천시 영창로227번길33-0 (창전동) 1동 204호,88.021,13303680
197,UMM0587,1,19665,***,(246167-D)빔프로젝터 도입사업(리스자산),물품,UMM,국군재정관리단,202405211100,BD1E1,(주)가이드삼정,GUIDE SAMJUNG,문용만,027802323,서울특별시 강서구 화곡로416 더 스카이밸리5차 1319호,83.215,1374784592
5,UMM0595,1,19520,***,24-D-승강기 위탁관리 용역,용역,UMM,국군재정관리단,202405211100,A8274,삼정엘리베이터(주),"Samjung elevator.co.,ltd",최강진,0226484141,"서울특별시 양천구 목동서로 301-5, 지하1층 B01호(신정동 319-20)",88.777,58740000
1192,UMM0608,1,18533,***,(24F115-I)24년 렌탈프린터 임차용역,용역,UMM,국군재정관리단,202405211100,M2CCD,꿈꾸는다락방,,박진화,01027718780,경기도 이천시 신둔면 원적로449번길389-19,87.747,74271059
1612,UMM0602,1,18284,***,(246233-C) 24년 이동식 산불진화장비 구매,물품,UMM,국군재정관리단,202405211100,BB2BA,주식회사 코리아종합관리,"korea general service cl.,ltd",박기흥,0325550067,"인천광역시 계양구 도두리로21, 704호(계산동, 이-프라자)",82.998,240069160
2215,UMM0597,1,16738,***,24-F-신호발생기 1품목 구매,물품,UMM,국군재정관리단,202405211100,KDFB0,주식회사 크리스탈,,전수정,07088306083,대전광역시 서구 청사로136 (월평동) 12층 R1268호,87.995,98417568
838,UMM0589,1,16486,***,24-N-0함대 예초관리 용역,용역,UMM,국군재정관리단,202405211100,E1E69,(주)에이블이앤지,Easyone,장윤경,0262653500,서울특별시 금천구 가산디지털2로184-0 (가산동) 423호,88.003,335238400
456,UMM0601,1,11393,***,"(246014-C) 케이블, 전화기용(야전선) 구매",물품,UMM,국군재정관리단,202405211100,FCD7C,주식회사 우리아이티,wooriit,천재호,0325773494,"인천광역시 서구 가남로61, 219호 (가좌동, 토지산업2차지식산업센타)",83.229,264433961
2011,UMM0593,1,04878,***,24-F-포말제독기 구매,물품,UMM,국군재정관리단,202405211100,DAF18,그리마,GREEMA,이양숙,0327721945,인천광역시 동구 화도로29-0 (화수동)2층,87.996,109023890
548,MDG0142,1,18886,***,24-4차 복지기금 자산성비품(소파 등 4종) 구매,물품,MDG,국군의무사령부,202405211100,KF2E4,이룸유통,,김민서,01085749838,"인천광역시 남동구 운연천로11, 1305동 601호",87.996,5436970
99,MDG0140,1,17016,***,24년 의무장비(탁도계) 구매,물품,MDG,국군의무사령부,202405211100,M96C9,엠제이유통,,강명진,01097030434,강원특별자치도 강릉시 남부로164번길12-0 (노암동),88.002,4410480
329,LCG0036,1,19495,***,[24-육-101] 기여공약 이행을 위한 금속탐지장비 구매,물품,LCG,육군본부,202405211100,J12FA,지후,,하창헌,01053928684,"경기도 고양시 덕양구 청초로65 (덕은동, DMC 한강 에일린의뜰) 210호",98.703,30966100
215,LCF0219,1,11950,***,모사전송기 등 1항목 구매(통신),물품,LCF,육군군수사령부,202405211100,FCDCA,이모던솔루션,emordensolution,고상달,01045786757,"경상남도 창원시 의창구 팔용로423번길8, 지하(팔용동)",88.005,24402790
235,LCF0159,2,05884,***,창상드레싱 등 2항목 구매(의무),물품,LCF,육군군수사령부,202405211100,JEE53,제이비글로벌주식회사,,박대희,01088766052,경기도 남양주시 송산로339번길28-11 (별내동) 101호,98.066,33400000
257,HCL0040,1,20080,***,24-132 항공우주비행체 압력 측정시스템,물품,HCL,공군사관학교,202405211100,C3D0B,(주)피디케이,"PDK CO., LTD",한무필,0428626880,대전광역시 유성구 엑스포로339번길10-6 (문지동),95.634,203775000
1,HCG0010,1,15603,***,24-공군 적정 상비병력 규모 연구 용역,용역,HCG,공군본부,202405211100,C6455,(사)한국전략문제연구소,Korea Research Institute for strategy,김재창,027051301,"서울특별시 용산구 청파로 40, 삼구빌딩 1815호(한강로3가)",89.022,38900000
22,LCF0207,2,19752,***,"다기관조립체, 유압식 등 2항목 구매(특무)",물품,LCF,육군군수사령부,202405211030,IB84C,시연테크,SYTECH,손효경,01093764541,경상남도 김해시 한림면 김해대로835번길54,87.797,2073698500
33,LKF0035,1,20558,***,24년 공기청정기 필터 구매 계약의뢰,물품,LKF,제6755부대,202405211030,JBEA4,리더산업필터,,황순희,0549722484,경상북도 칠곡군 지천면 금호로172-11,88.181,21420000
3,LHD0025,1,20635,***,백두산어린이집 통학버스 임차용역(Z018),용역,LHD,제21보병사단,202405211030,EE4F4,(자)현대관광,,이상진,033-481-7888,강원도 양구군 양구읍 비봉로45,90.509,63890000
137,SCH0078,1,20606,***,패스트로프 등 2종,물품,SCH,해군작전사령부,202405211030,G739B,선우블라인드 커튼,Haetsalnamu Distribution,김수진,0552647960,"경상남도 창원시 성산구 외동반림로126번길28, 지하1층 102호(중앙동)",88.009,50764500
31,SCH0079,1,20607,***,호흡조절기용 저압 호스 등 10종,물품,SCH,해군작전사령부,202405211030,KCF4C,주식회사 선,,안영선,01054623830,경상남도 창원시 마산합포구 가포순환로109 (가포동),88.012,19833750
5824,UAB0035,1,20602,***,24년도 국군복지단 판매장비/비품(냉난방기)구매,물품,UAB,국군복지단,202405211030,M13E7,제이에스산업,,신연경,01081212899,경기도 의왕시 백운호수로3길14-1 (학의동) 1층 1호,88,22437000
215,SCK0061,1,20614,***,도서(모험의 서 등 594종) 구매,물품,SCK,해군교육사령부,202405211030,M244F,한산글로벌,,김영은,01040476556,"경상남도 창원시 마산합포구 고운로118, 102호 102-A016(신월동)",90,10460050
130,SCH0077,1,20543,***,24-29호 리튬건전지 등 18종 구매,물품,SCH,해군작전사령부,202405211030,J5B38,제이유텍,,강쥴리,01098075579,경상남도 창원시 마산회원구 합포로274 (양덕동) 4층 401-D6호,88.003,5922350
138,SCH0076,1,20535,***,24-28호 상선기 마다카스타르 등 122종 구매,물품,SCH,해군작전사령부,202405211030,H5330,주식회사 원에스엠종합관리,ONESM,한정호,0552897246,경상남도 창원시 성산구 창이대로881번길17-0 (대방동),88,30324360
546,HDG0011,1,20563,***,24-86 벽걸이 에어컨 6평형 등 15품목 구매,물품,HDG,공군제10전투비행단,202405211030,FC048,주식회사아이디에프,"IDF.Co.,Ltd.",최원창,0314510993,"경기도 군포시 공단로140번길46, 1층 105호,106호,212호,213호 (당정동,엠테크노당정지식산업센터)",88.013,37931013
60,SDG0022,1,20564,***,24-7 의무대 부대구매,물품,SDG,제2002부대,202405211030,KCC2B,주식회사원진메디팜,,김진규,0319868101,"경기도 김포시 고촌읍 아라육로80, 226호",88.011,18162540
128,SCH0075,1,20532,***,24-27호 나사지 복주머니 등 190종 구매,물품,SCH,해군작전사령부,202405211030,J5396,잇츠,,김태훈,01095506442,"경상남도 창원시 의창구 평산로171번길6-2, 3층 1호(서상동)",88.018,28754620
101,LCG0038,1,20427,***,[24-육-108] 2경비단 화생방 장비 구매,물품,LCG,육군본부,202405211030,L5279,주식회사 제이디폼,,홍종국,07088077220,"서울특별시 강서구 국회대로209, 2층,3층(화곡동, 하오랜드빌딩)",88.085,19304511
524,LNQ0022,1,20143,***,24년 2~3분기 전산용품 구매,물품,LNQ,제17보병사단,202405211030,I7B2E,모두의상사,modu inc,김영진,01039939026,"인천광역시 부평구 부흥로286번길30, 1401호",88.001,78322950
27,SFH0076,1,20643,***,24-B-디지털 카메라 등 4품목 제조 설치(도서지역),물품,SFH,제9196부대,202405211030,08063,주식회사 유진인프라코어,yujin infracore co.ltd,주경선,0323619001,"인천광역시 남동구 함박뫼로347번길162, 404호 (남촌동)",88.126,32051843
241,SFH0075,1,20641,***,24-B-복사용지 등 95품목 구매 납품(도서지역),물품,SFH,제9196부대,202405211030,KC8BE,온누리,,김진원,01044370087,인천광역시 중구 인중로26번길35 (도원동),88.001,4325251
225,SFH0078,1,20646,***,24-B-통합구매(코팅기 등 20품목) 구매,물품,SFH,제9196부대,202405211030,K0F98,엠팩토리,,문한욱,01034970030,"인천광역시 미추홀구 아암대로253번길50, A동 101호 (학익동)",88.003,19770033
21,SFH0077,1,20645,***,급수시설 수질 개선용 필터 구매 납품(도서지역),물품,SFH,제9196부대,202405211030,K3CD9,선일유통,,김동훈,07088398230,"인천광역시 서구 봉수대로1440번길9 (왕길동, 마전주공아파트) 101동 1301호",88.135,5705870
10,LGO0004,1,20526,***,'24년 00부대 제초 용역,용역,LGO,제20기갑여단,202405211030,LDB5B,주식회사 대호조경,,이창숙,0334351006,"강원특별자치도 홍천군 홍천읍 남산마을길11, 102호",88.008,32258824
15,LHZ0004,1,20238,***,24년 축성도구 구매,물품,LHZ,제5767부대,202405211030,C0914,(주)동건,DONG GUN CO.,윤영현,0332422612,강원특별자치도 동해시 전천로245-2 (북평동),88.124,1929000
129,MDW0012,1,20454,***,24-1차 전문도서 구매,물품,MDW,국군간호사관학교,202405211030,M881D,골미사,,김태조,07051542699,"대전광역시 중구 문화로56-7, A동 202호(산성동, 한백빌라)",90.006,5285950
270,SCN0086,1,20237,***,도서 스즈메의 문단속 등 261종 구매,물품,SCN,제7001부대,202405211030,I7F90,동아학습사,DAGSS,박영남,0552461355,경상남도 창원시 마산합포구 완월동7길31-0 (장군동4가),90.002,33083418
101,MCT0026,1,21001,***,야구부 훈련용품(야구화)구매,물품,MCT,국군체육부대,202405211030,K6AE4,그린포스주식회사,,김비주,07077394765,"서울특별시 강서구 화곡로429, 402-10호(가양동,토피아빌딩)",88.005,17647990
79,LPQ0003,1,20578,***,'24년 렌탈프린터 임차 용역,용역,LPQ,제9251부대,202405211030,LA436,엠투어스,,최경선,01046522221,경기도 남양주시 화도읍 창현로45 (남양주 창현 도뮤토)101동402호,88.027,31697227
10,SEE0025,1,20504,***,24-J-실내공기질 측정 용역,용역,SEE,제9해병여단,202405211030,A1DF8,주식회사한국이앤씨,"HanKook E&C Co.,Ltd",장영덕,0535636806,대구광역시 서구 북비산로 165(),88.014,3650000
40,SCH0074,1,20530,***,24-26호 마이크케이블 등 112종 구매,물품,SCH,해군작전사령부,202405211030,CF5B2,대광산업,daegwang,이종명,01026787883,경상남도 창원시 마산회원구 양덕북5길97 (양덕동1층상가),88.001,22251610
180,MCX0030,1,20536,***,PVC파이프렌치 등 66종 구매,물품,MCX,자운대근무지원연대,202405211030,L0E3E,주식회사 보리똥,,성은혜,01044590591,"대전광역시 유성구 지족로190번길39 (지족동, 노은에코힐) 701동 601호",88.181,11868744
978,SCF0478,1,19459,***,"(긴급) 펌프, 유압식 1종",물품,SCF,해군군수사령부,202405211030,I4D75,창조통상,chang jo,손수진,01088736797,경기도 용인시 처인구 명지로16번길25-0 (역북동) 우미린센트럴파크 107-1001,87.995,7173040
22,LCF0207,1,19752,***,"다기관조립체, 유압식 등 2항목 구매(특무)",물품,LCF,육군군수사령부,202405211030,IB84C,시연테크,SYTECH,손효경,01093764541,경상남도 김해시 한림면 김해대로835번길54,87.797,2073698500
10,SCF0483,1,20350,***,"덮개, 포구용 1종 제조",물품,SCF,해군군수사령부,202405211030,L0FB5,에스엔더블유테크,,명노헌,0517141295,부산광역시 강서구 가리새2로13번길14-0 (생곡동),88.781,41385480
978,SCF0478,2,19459,***,"(긴급) 펌프, 유압식 1종",물품,SCF,해군군수사령부,202405211030,I4D75,창조통상,chang jo,손수진,01088736797,경기도 용인시 처인구 명지로16번길25-0 (역북동) 우미린센트럴파크 107-1001,87.995,7173040
878,SCF0481,1,15799,***,전기다리미 86EA 구매,물품,SCF,해군군수사령부,202405211030,IDF8A,티나라교육기획,,김정한,01038770229,울산광역시 중구 태화로130-0 (태화동),95.082,6081500
14,SCF0480,1,14195,***,"격막, 밸브용, 평면형 등 4종 제조",물품,SCF,해군군수사령부,202405211030,I52B6,티케이(T.K)테크,T.K TECH,김재욱,051-303-5134,부산광역시 강서구 대저로3번길52-15 (대저1동),88.34,24840700
2,MCR0027,2,12715,***,7.정기기초과제(7.생성형...),용역,MCR,국방대학교,202405211030,C4572,명지대학교 산학협력단,MJU IAC,김영욱,0313306845,"경기도 용인시 처인구 명지로 116, 명지대학교(남동)",,18500000
3,LCF0205,1,20005,***,"몸체,브리지 베이스 등 1항목 생산능력제조(총포)",물품,LCF,육군군수사령부,202405211030,4498F,삼호정밀,SAMHO PRECISION,김일천,0519717226,부산광역시 강서구 평강로217-1 (대저1동),99.719,162736300
3,EKA0007,1,7210,***,¼톤 통신장비 탑재차,물품,EKA,기동총괄계약팀,202405201430,G6EA2,주식회사 와풀,woowful,송봉주,0226783080,경기도 김포시 월곶면 김포대로2708-37,86.772,1453634150
675,MCJ0005,1,19569,***,2센터 외부 조경(예초) 관리 용역,용역,MCJ,국방통합데이터센터,202405201100,CA81B,(주)일촌,Ilchon Construction Co. Ltd.,조재원,0537674700,대구광역시 달성군 옥포읍 간경3길24-1,87.747,14626699
20,LHM0050,1,20106,***,24년 취사피복 구매,물품,LHM,제15보병사단,202405201100,AD7DD,합자회사 성현건설,senghean,신용실,0334425476,"강원특별자치도 화천군 화천읍 산수화로1길 11-10,지층",88.265,32056821
14,LHM0049,1,19759,***,(지통-3) 2분기 전산운영용품,물품,LHM,제15보병사단,202405201100,I3742,대성,DAESENG,홍미순,01075998577,강원특별자치도 화천군 간동면 유촌길27-0,88.038,34021760
150,LHK0033,1,19596,***,24년 지휘관 관사 제초용역,용역,LHK,제2군단,202405201100,IFE69,주식회사 성지건설,,정문희,0337331883,"강원특별자치도 원주시 호저면 원문로641, 2층 202호",88.005,25683600
169,LML0002,1,19865,***,24년 00부대 예초용역,용역,LML,제3공병여단,202405201100,D4F69,(주)대의건설,,우상준,0334419955,강원특별자치도 화천군 화천읍 산수화로3길33-9,87.757,44478000
159,LPM0016,1,20358,***,24년 안전물자(10가지 품목)통합구매 계약,물품,LPM,제9보병사단사령부,202405201100,JF1B4,정안기업,,안선화,0319419350,경기도 고양시 덕양구 통일로1031번길450-0 (내유동),88.009,49462880
9,UMM0580,1,19509,***,"24-F-변환기,주파수용 제조(249081-F)",물품,UMM,국군재정관리단,202405201100,A2CB0,태일자동제어(주),TIAC,한연수,0622254721,광주광역시 광산구 신가매결길28(신창동),88.213,114050700
6014,UMM0581,1,17249,***,24-D-쇼핑카트 등 6종 구매,물품,UMM,국군재정관리단,202405201100,G44ED,다비드 주식회사,"David co.,Ltd.",최양임,0632522272,전북특별자치도 전주시 덕진구 전주천동로364 (진북동),87.995,100752000
7,UMM0583,1,17088,***,24-N-평 함정 및 유해환경근무자 특수건강검진 용역,용역,UMM,국군재정관리단,202405201100,F8BC7,안양세종의원,anyangsejongmedi,김영득,07043484551,"경기도 안양시 만안구 충훈로70, 2,4,5층 (석수동)",88.171,90490600
250,UMM0530,1,16112,***,24-N-무선망 원격운용장치 구매(248139-F),물품,UMM,국군재정관리단,202405201100,H8CAB,극동크리트 주식회사,"KEUKDONG CRETE CO.,LTD",여도환,028748771,"서울특별시 동작구 보라매로5길51, 402호(신대방동, 롯데타워)",83.027,243474509
28,UMM0574,1,14741,***,24-N-0함대 얼음정수기(195대) 임차 용역(함정포함),용역,UMM,국군재정관리단,202405201100,I0AC2,디에이치바이오,DHBIO,김단희,07041549149,충청북도 충주시 예성로120 (용산동),83.222,517341136
303,UMM0558,1,14436,***,24-D-체력단련장 코스관리장비 구매(241027-F),물품,UMM,국군재정관리단,202405201100,C987A,(주)상지일렉스,sangji,정원상,0222778923,서울특별시 성북구 화랑로19길77-8 2층 (장위동),84.068,778476325
2155,UMM0586,1,04873,***,24-N-IR레이저 등 2종 구매,물품,UMM,국군재정관리단,202405201100,G1332,(주)선진종합상사,Sun-Jin a general trading company,박선형,01031946100,"충청남도 당진시 대호만로1438-0 (석문면, 현대용접재료)",87.996,176403350
1,SFC0038,2,16374,***,24-해병-사고예방 VR영상콘텐츠 제작 대행,용역,SFC,제9691부대,202405201030,H0C31,주식회사 요요인터렉티브,"yoyointeractive Co., Ltd.",이경주,024041306,"서울특별시 송파구 법원로127-0 (문정동) 문정대명벨리온 208, 209, 210호",90.729,26676967
23,LFN0020,1,20283,***,24년 전산운영용품(토너 등 79품목) 구매,물품,LFN,육군3사관학교,202405201030,GC53C,아누바이오,anubio,이상수,0543316006,경상북도 영천시 호국로34-11,88.004,44664100
24,LHK0034,1,19595,***,24년 토양오염도 검사 용역,용역,LHK,제2군단,202405201030,H16DC,재단법인 순환자원연구원,Insititute of Circular Resource,정성욱,0527161125,울산광역시 울주군 웅촌면 웅촌로502-0,88.023,18406180
9,HDQ0045,1,20591,***,"20비 24-133 기도, 인두용 등 14종",물품,HDQ,제20전투비행단,202405201030,K04B5,골든타임코리아,,채정미,0422553001,충청남도 계룡시 장안로39 (금암동) 303호,88.106,11850000
100,SCI0052,1,20233,***,에폭시 프라이머 피복 키트 60점 구매,물품,SCI,제9121부대,202405201030,LD02B,대연상사,,맹인재,07070047722,경상남도 창원시 진해구 용재로29번길5-15 (용원동) 301호,88.099,36806600
23,SCP0055,1,20008,***,24-0함대 주거시설 정기안전점검 용역,용역,SCP,제8385부대,202405201030,L9548,건흥엔지니어링주식회사,,장한조,0335323837,"강원특별자치도 동해시 동해대로5443 (평릉동, 동해시종합버스터미널) 1층 108호",88.009,10508768
107,SCF0485,1,20387,***,세절기 커터세트 등 12종 구매,물품,SCF,해군군수사령부,202405201030,L696E,그랜드시티,,정현욱,0549759228,경상남도 창원시 성산구 중앙대로78-0 (상남동),88.007,12627862
157,LKT0051,1,20386,***,"24-3차 정보통신운영(전산, 기타용품) 구매",물품,LKT,제1989부대,202405201030,GFBFF,동운사,doung woon sa,이숙영,0625112600,광주광역시 북구 북문대로20번길35-0 (운암동),88.039,64524130
75,SCF0484,1,20364,***,포장비닐 등 16종 구매,물품,SCF,해군군수사령부,202405201030,M6AC3,진해상사,,김동국,07070792933,경상남도 창원시 마산회원구 삼호로38-0 (양덕동),88.032,6058000
15,SCP0057,1,20395,***,체력단련장 농약(터프그린 등 12종) 구매,물품,SCP,제8385부대,202405201030,KE46B,씨앤와이(C&Y),,윤선희,01077938443,"경기도 화성시 동탄첨단산업1로27, B동 1631호(영천동, 금강펜테리움 IX타워)",88.647,17310700
48,SCP0056,1,20366,***,이지롱 등 154종 구매,물품,SCP,제8385부대,202405201030,L0E4F,주식회사 정진약품,,최정문,0222444291,서울특별시 동대문구 장한로10길9-0 (장안동) 3층,88.103,34331870
3,SCK0059,1,20346,***,24-정보중급반 10기 현장학습 버스 임차용역,용역,SCK,해군교육사령부,202405201030,C1EB0,주식회사 명신관광,myeongsin tour,안종주,0552385040,"경상남도 창원시 성산구 상남로37,비이 101호 (상남동 덕산베스트텔)",88.35,2852010
162,SCH0073,1,20273,***,24-25호 알카라인 건전지 등 57종 구매,물품,SCH,해군작전사령부,202405201030,F69C0,에이엔디,aandd,진랑근,0552237982,경상남도 창원시 마산합포구 중앙동1가2-10번지,88.017,18405900
32,SCI0051,1,20103,***,"계전기, 고체소자식 등 2종 14점 구매",물품,SCI,제9121부대,202405201030,CE517,경남상사,,허정명,051-338-6138,경상남도 창원시 진해구 용원로90번길 11-1(),88.091,5505425
2,LDH0491,1,18785,***,(일장) 다목적굴착기 어댑터 등 10품목 구매,물품,LDH,육군종합정비창,202405171700,EB989,진광사,,최진욱,010-4410-2737,경상남도 김해시 진영읍 진영리1611-3 중흥s클래스 119-105,89.244,12546000
14,EBB0150,2,1110,***,'24년 군용 트레일러용 관성제동장치,물품,EBB,지상공통전력운영계약팀,202405171600,L8E9D,뉴테크코리아 주식회사,,이인순,07075763689,경기도 화성시 송산면 송산포도로510-13,88.04,196444210
769,LCF0186,1,06328,***,현미경 등 4항목 구매(의무),물품,LCF,육군군수사령부,202405171600,F487B,(주)성현엔지니어링,"SeongHyeon Engineering Co.,Ltd",최은석,01096008200,"서울특별시 도봉구 방학로7길7-0, 1층 (방학동)",87.995,24714400
311,LCF0188,1,05875,***,수술대야전용 등 12항목 구매(의무),물품,LCF,육군군수사령부,202405171600,L0AB9,삼성삼림조합 주식회사,,고병애,0324345030,"인천광역시 서구 염곡로306, 지하1층(석남동)",88.001,40124710
4,LCF0200,1,03524,***,수동밴딩기류 6품목 제조(물자),물품,LCF,육군군수사령부,202405171600,F2A23,아산웰딩테크,asan welding tion,김노경,0328112522,인천광역시 남동구 남동서로 52(고잔동) 남동공단 128블럭 1롯트 1층,88.514,26197620
1631,HDQ0044,1,19694,***,24-탄약고 제초용역,용역,HDQ,제20전투비행단,202405171600,AC068,대신개발 주식회사,"Daesin development co.,ltd.",김강분,0432973294,충청북도 청주시 상당구 용담로139번길16(용담동),87.997,148376000
12,EBB0184,1,9410,***,'24년 지뢰탐지기 부품(구매),물품,EBB,지상공통전력운영계약팀,202405171600,C0636,주식회사 와이어블(Wiable Corp.),KRTnet Corporation,김문환,0220773145,"서울특별시 송파구 법원로11길28, 10층, 11층, 12층(문정동, 비케이타워)",83.462,864182997
9,EBB0183,1,9400,***,'24년 지뢰탐지기 부품(제조),물품,EBB,지상공통전력운영계약팀,202405171600,C0636,주식회사 와이어블(Wiable Corp.),KRTnet Corporation,김문환,0220773145,"서울특별시 송파구 법원로11길28, 10층, 11층, 12층(문정동, 비케이타워)",86.581,616959037
15,EBB0167,1,9133,***,"'24년 천막, 차량정비용",물품,EBB,지상공통전력운영계약팀,202405171600,0020F,강서실업,GangSeo Industry,조부규,0553252660,경상남도 김해시 김해대로2644-0,88.528,141212539
2,EBB0185,1,8570,***,가열기조립체류,물품,EBB,지상공통전력운영계약팀,202405171600,MAAA6,주식회사덕인,,장남인,0553851151,경상남도 양산시 유산공단3길33-0 (교동),84.342,1313123000
3,EBB0180,1,6944,***,장갑차 부품,물품,EBB,지상공통전력운영계약팀,202405171600,EABF3,우창기계 주식회사,Woo Chang Machinery Co. Ltd,김운태,0552528997,경상남도 창원시 성산구 공단로324-21 (웅남동),84.677,88600000
3,EBB0179,1,6920,***,장갑차 부품(축 및 기어류),물품,EBB,지상공통전력운영계약팀,202405171600,EABF3,우창기계 주식회사,Woo Chang Machinery Co. Ltd,김운태,0552528997,경상남도 창원시 성산구 공단로324-21 (웅남동),84.693,223400000
38,EBB0168,1,1575,***,'24년 일반호스(구매),물품,EBB,지상공통전력운영계약팀,202405171600,MAA92,삼영산업,,문헌태,0553333303,경상남도 김해시 분성로557번길60-7 (어방동),88.035,179825000
7,LCF0191,1,11934,***,"개스킷 등 83항목 제조(궤도,제조-002)",물품,LCF,육군군수사령부,202405171530,M2E84,동창원산업(주),,정창,0553459455,경상남도 의령군 용덕면 의합대로123-7,88.095,56259950
4,SCF0467,1,17807,***,'24년 잠수함(SS-II) 직류 전동기(통풍팬 모터) 정비,물품,SCF,해군군수사령부,202405171530,H498C,아남중공업주식회사,Anam heavy industry,박상하,0314970095,경기도 시흥시 시화벤처로289-0 (정왕동),83.162,23182419
142,LCF0199,1,14625,***,"핀,분할형 등 52항목 구매(궤도-007)",물품,LCF,육군군수사령부,202405171530,G89EF,이레축산,Irye,임순희,0513218800,부산광역시 사상구 새벽시장로103번길24-0 (감전동),83.017,758820636
100,LCF0197,1,14618,***,"패드,트랙 수용 등 72항목 구매(궤도-003)",물품,LCF,육군군수사령부,202405171530,G492D,조은테크,joeuntech,양호득,0519713266,부산광역시 강서구 평강로171번길259-0 (대저1동),83.929,228146000
8,LCF0195,1,12834,***,"호스,성형식 등 30항목 제조(궤도)",물품,LCF,육군군수사령부,202405171530,IFADD,동진테크,,주진희,0513281155,부산광역시 사상구 낙동대로901번길25-38(감전동),88.059,60210000
8,LCF0194,1,12548,***,"분리기,물분리용,액체연료식 등 4항목 제조(궤도)",물품,LCF,육군군수사령부,202405171530,M81CD,도하테크,,이은선,051-303-5134,부산광역시 강서구 대저로3번길52-15 (대저1동),88.043,22630310
4,LCF0193,1,12547,***,"덮개조립체,탄약저장용 등 18항목 제조(궤도,제조-007",물품,LCF,육군군수사령부,202405171530,M8F94,진해공업,,김재원,0553436724,경상남도 김해시 한림면 김해대로1099번안길42-18,88.348,53345900
12,LCF0192,1,12081,***,"띠,지지용 등 7항목 제조(궤도,제조-005)",물품,LCF,육군군수사령부,202405171530,M9533,선경,,정왕균,01038547544,경상남도 김해시 한림면 안곡로520-2,88.1,116781068
1375,HDT0015,1,19986,***,'24년 오산기지 공동 제초용역,용역,HDT,공군작사근무지원단,202405171500,F0F0D,주식회사 동광조경,jeongin,정미선,0329337783,인천광역시 강화군 강화읍 강화대로396(3층 303호),88,105861486
4,UMM0584,1,19602,***,(24F176-B)해안감시망연동체계 교체(금융리스),물품,UMM,국군재정관리단,202405171500,M501B,미래에셋캐피탈(주),,이만희,027879295,"서울특별시 중구 을지로5길26, 6층 (수하동, 미래에셋센터원 웨스트타워)",96.539,1680699210
288,UMM0573,1,19510,***,(247013-H)군사법원 전자법정 시스템 교체사업,물품,UMM,국군재정관리단,202405171500,H689F,(주)하나정보통신,HANA I&C,박은진,0513224557,"부산광역시 사상구 낙동대로902번길 30, 2층(감전동)",88.012,96247370
1852,UMM0575,1,18488,***,(246234-D)소화기 보관함 구매,물품,UMM,국군재정관리단,202405171500,11226,(주)다남정보통신,"DANAM Telecommunication Co., Ltd.",김석용,0319190707,"경기도 고양시 일산동구 정발산로24, T4동 722호 (장항동, 웨스턴돔2)",82.999,187975978
503,UMM0585,1,18469,***,(24F179-A) 관사 제초용역,용역,UMM,국군재정관리단,202405171500,D8117,시민종합조경 주식회사,Simin Landscaping Company Inc.,김윤옥,0316844496,"경기도 평택시 포승읍 평택항로184번길 26, 가동 206호",87.999,52646456
1198,UMM0576,1,17334,***,(246207-D)일체형 결속기 2종(16밀리/32밀리) 구매,물품,UMM,국군재정관리단,202405171500,F47B3,주식회사 에이원씨에프,A1CF Corp.,김준성,0231444755,"서울특별시 서초구 남부순환로358길62, 2층(양재동, 한터빌딩)",82.996,335349270
4978,UMM0591,1,17146,***,(246194-E) 영현백 구매,물품,UMM,국군재정관리단,202405171500,K3520,공손,,엄정안,01090672170,서울특별시 강북구 오현로9길159 (미아동) 204호,87.995,165428348
806,UMM0543,1,15353,***,"24-D-냉장,냉동고 5종구매(241025-F)",물품,UMM,국군재정관리단,202405171500,E7731,주식회사 터보코리아,TURBO KOREA CORPORATION,박창훈,01026151519,광주광역시 광산구 평동산단2번로 204(장록동),83.035,613742820
700,UMM0582,1,14698,***,24-N-군악기(피콜로 등 16종) 구매,물품,UMM,국군재정관리단,202405171500,HFA89,에이치아이엠,HIM,이용재,0263267322,서울특별시 동작구 사당로4길27-0 (사당동),87.997,179233700
131,UMM0588,1,14690,***,(247019-H)00부대 지휘통신체계 구축,물품,UMM,국군재정관리단,202405171500,A787C,주식회사 인텔리빅스,"IntelliVIX Co.,Ltd.",최은수,025813883,서울특별시 서초구 효령로34길4-0 (방배동) 프린스효령빌딩 6층 601호,83.046,1192328500
175,UMM0577,1,14338,***,(24F134-B) 24년 ASP 방화지대 구축용역(연천처리장),용역,UMM,국군재정관리단,202405171500,E0D27,(주)수림개발,"Su Lim Development Co., Ltd",김지영,0522755770,울산광역시 울주군 삼남읍 벌장길19-0,88.085,91723130
667,UMM0572,1,13715,***,24-D-워크인쿨러 등 4종 구매,물품,UMM,국군재정관리단,202405171500,JA078,주식회사 제일타임씨티피,,김경희,0216007682,서울특별시 중구 퇴계로36가길9(필동2가)세종빌딩3층,87.995,201052580
456,UMM0347,2,12087,***,(247106-C) 의료기재 봉합사 81종 구매,물품,UMM,국군재정관리단,202405171500,FD1AF,주식회사 메디시온,MEDICION,김경호,03180761190,경기도 고양시 덕양구 삼막1길3(오금동),94.83,97456040
261,UMM0578,1,11804,***,(246120-B)기동영상전송장비 구매(리스물건),물품,UMM,국군재정관리단,202405171500,L454C,정욱,,김교욱,01053619588,"강원특별자치도 원주시 흥업면 북원로1600, 108동 303호 (남원주 두산위브)",83.004,644352230
13,UMM0568,1,11530,***,24-F-방탄헬멧 구매,물품,UMM,국군재정관리단,202405171500,IE3D1,주식회사 제이에프,,진주,01090320950,"충청북도 청주시 청원구 율봉로159번길73-1, 301호(율량동, 스톰비오피스센터)",88.216,102908190
84,UMM0571,1,11517,***,(246014-G)24년 전시체계(비디오월) 구축(리스물건),물품,UMM,국군재정관리단,202405171500,C155F,주식회사 아이쿼드,"IQUAD, Inc.",김영태,0315933901,경기도 하남시 미사대로520 (덕풍동) D동 441호,83.218,3749064514
29,MCM0008,1,14226,***,지능형 악성코드 수집분석체계 라이선스 구매,물품,MCM,4284부대,202405171500,F21E1,주식회사  인섹시큐리티,INSEC-SECURITY,김종광,028635687,"서울특별시 금천구 가산디지털1로19, 406호, 407호, 408호, 409호(가산동,대륭테크노타운18차)",97.751,251647000
24,EBB0125,2,0470A,***,MTU엔진 일반부품,물품,EBB,지상공통전력운영계약팀,202405171400,JF1B1,주식회사 에스엘상사,,송영각,0425511580,"충청남도 계룡시 서금암3길5, 925호(금암동, 쉐리움오피스텔)",84.493,379907191
51,SCF0475,1,19998,***,HP T930 플로터 잉크 등 80종 구매,물품,SCF,해군군수사령부,202405171300,LB7EB,미래유통,,김가영,010-6417-8010,"경상남도 창원시 진해구 진해대로727 (석동, 진해 석동 푸르지오) 106-105",88.009,4365300
9,LGP0089,1,19869,***,00부대 배수로 설치(자재구매),물품,LGP,제1군수지원사령부,202405171130,JB417,주영 디엔에스,,김종철,07077865007,경기도 포천시 군내면 유교로163,88.355,22136000
5,LFH0008,1,17762,***,육군부사관학교 양성식당 민간위탁급식 용역,용역,LFH,육군부사관학교,202405171100,C6195,주식회사 풀무원푸드앤컬처,"Pulmuone Food & Culture Co.,Ltd",이동훈,0234007790,서울특별시 송파구 송파대로34길29(송파동),,6736500000
82,HCQ0035,1,20001,***,5비 공병운영중대 신축(자동제어),물품,HCQ,공군제5공중기동비행단,202405171100,K9162,일성테크원주식회사,,김창용,0519251514,부산광역시 연제구 거제천로255번가길37-0 (거제동),88.006,91031100
2,LHK0035,1,19923,***,군 주거시설 개선사업 선행연구 용역,용역,LHK,제2군단,202405171100,K5276,주식회사 어반플로라,,권오은,070-4270-6849,"강원특별자치도 춘천시 충혼길52번길10, 3층 305-가호(온의동)",88.45,69200000
2537,SCG0014,1,19849,***,투척용 바리게이트 구매,물품,SCG,해군본부,202405171100,M61F9,와이피 주식회사,,유명희,01093977460,"울산광역시 동구 남목7길36, 5동 213호(서부동, 남목우주아파트)",88.001,9513190
181,HCR0026,1,19840,***,24년 ○○관사 제초용역,용역,HCR,공군제15특수임무비행단,202405171100,F47D2,주식회사자연과조경,Nature & Landscape,김경한,0314215501,"경기도 의왕시 새롬길14-0 (포일동, 동부새롬아파트)상가2층202호",88.007,5180640
1773,LNR0015,1,19942,***,24-3차 전산운영용품 구매,물품,LNR,수도기계화보병사단,202405171100,I26FA,윤환경에너지관리 주식회사,Youn Seul Corportion,김경숙,0312062847,경기도 고양시 일산서구 중앙로1456-0 (주엽동),88,31507860
312,HCM0047,1,19878,***,'24년 관사숙소관리반 제초용역,용역,HCM,공군교육사령부,202405171100,I85D6,(주)서현개발,seo hyeonsanopgaebal,박덕희,0558027079,"경상남도 밀양시 중앙로66-3, 3층(가곡동)",87.745,39096000
523,MCK0001,1,19780,***,2024년 전반기 전산소모품 통합 구매,물품,MCK,국방전산정보원,202405171100,KF359,프리미어글로벌,,남소영,01054847060,"서울특별시 중랑구 용마산로252, 103동 605호(면목동, 면목현대아파트)",88.002,36819420
45,LFT0006,1,19823,***,'24년 공병학교 공기청정기 필터 제조구매,물품,LFT,육군공병학교,202405171100,JE8A7,하앤컴퍼니(HA N COMPANY),,김미선,0269541903,"경기도 안산시 단원구 별망로419, 1동 2층 203호(목내동, 광양프런티어밸리 지식산업센터 1)",88.019,20219180
368,LIK0026,1,19705,***,24년 폭염대비 장비물자 구매,물품,LIK,제2군수지원여단,202405171100,C8A0C,영동문구센타,youngdong,이석순,033-531-4931,강원특별자치도 동해시 동굴로 153-2(),88.007,10467050
74,MCN0020,1,19257,***,승용식 잔디깎이 구매,물품,MCN,국방부근무지원단,202405171100,J3B1E,해와달,,윤현옥,01052668856,"서울특별시 마포구 성산로4길75, 101동 1504호(성산동, 대원아파트)",88.01,14299438
468,LNR0014,1,19527,***,24년 취사장 청소관리용역,용역,LNR,수도기계화보병사단,202405171100,HFE3A,유엔피글로벌주식회사,"Yuhui Corporation Co.,Ltd",김성길,0312062847,경기도 군포시 산본로323번길7-0 (산본동) 금성프라자 401호,88.001,33952300
87,HCF0098,2,14667,***,합판 구매,물품,HCF,공군군수사령부,202405171030,GFAC1,다온유통,dawon co.,장선희,01073664714,"대구광역시 중구 태평로41, 101동 703호(태평로3가, 힐스테이트 달성공원역)",88.168,26337887
55,LMK0021,2,19928,***,[24-C35] 24년3차 전산운영용품 및 기타운영지원 구매,물품,LMK,제6보병사단,202405171030,HB0C9,주식회사 행복세상,happyworld.inc,서동환,031-536-1928,경기도 포천시 소흘읍 호국로287번길9-50,88.014,13996431
44,LKM0027,1,20049,***,"24년 청소관리(후드,덕트,취사장바닥) 용역",용역,LKM,제2632부대,202405171030,H2533,유한회사  상일서비스,Sang il service,윤성희,0632888572,전북특별자치도 전주시 완산구 신봉3길25-7 (효자동1가),90.027,35198375
234,LGT0049,1,19967,***,'24년~'25년 프린터 임차 용역(24-GS-11),용역,LGT,제2307부대,202405171030,M56C3,미내,,김송덕,01030645496,"강원특별자치도 속초시 중앙로17번길11, 101동 1203호(교동, 미소지움더뷰아파트)",88,92141651
115,SCF0471,1,19955,***,콘솔 의자 좌판 등 13종,물품,SCF,해군군수사령부,202405171030,L0EB6,주식회사 제이앤에스,,이외정,07076231159,"경상남도 창원시 마산회원구 3·15대로732 (합성동, 남산빌딩) 4층 4340호",88.105,6756500
68,LHN0041,1,19925,***,(위임-9) 라디에이터 교체(설치납품),물품,LHN,제7보병사단,202405171030,G74D1,NS산업,.,장준섭,0332627140,강원특별자치도 홍천군 서면 팔봉산로1195-0,88.111,49439680
200,SCI0050,1,19760,***,잠수함 내 침대 사다리 70점 구매,물품,SCI,제9121부대,202405171030,M7FFA,그린앤,,윤효린,01039075915,경상남도 창원시 마산합포구 노산서18길80-0 (교방동) 105동802호,88.001,17105290
41,LKT0050,1,19837,***,00부대 주거시설 창호 교체 등 2건(주거3차),물품,LKT,제1989부대,202405171030,ECBDF,(주)태우종합건설,Tae woo General Construction,강병국,0622651216,광주광역시 북구 동문대로392 (문흥동),88.052,30164679
55,LMK0021,1,19928,***,[24-C35] 24년3차 전산운영용품 및 기타운영지원 구매,물품,LMK,제6보병사단,202405171030,HB0C9,주식회사 행복세상,happyworld.inc,서동환,031-536-1928,경기도 포천시 소흘읍 호국로287번길9-50,88.014,13996431
549,LKS0036,1,19777,***,'24-4차 전산운영용품 구매,물품,LKS,육군인사사령부,202405171030,I4CA8,앤-티엠（N-TM),N-TM,정호영,01054264972,대전광역시 중구 대종로630번길24-0 (중촌동),88.016,21569306
141,LGN0005,1,19826,***,24~25년 렌탈프린터 임차 용역,용역,LGN,제5925부대,202405171030,L9446,제이나인 주식회사,,권영석,07047722900,"강원특별자치도 원주시 세계로5, 203비호(반곡동)",88.002,20602481
95,SCI0049,1,19763,***,컴퓨터 서브어셈블리 등 3종 구매,물품,SCI,제9121부대,202405171030,LB8BE,승현물산,,유승현,010-8181-3657,"경상남도 창원시 진해구 냉천로88, 106동 103호(자은동, 대동빌라트)",88.032,13027800
49,SFN0043,1,20057,***,훈련장 이동식 화장실 임차 용역,용역,SFN,연평부대,202405171030,I43F4,노브식스,Novesix,이기석,01053165051,"인천광역시 남동구 문화서로65번길9, 1301호(구월동, 웰메이드)",88.017,30518020
199,HCQ0036,1,20034,***,'24년 주거시설 정기안전점검 용역,용역,HCQ,공군제5공중기동비행단,202405171030,KA49E,주식회사 늘품이앤씨,,호종훈,0332429995,강원특별자치도 춘천시 강원대학길1 (효자동),88.019,33206811
168,LGC0014,1,19983,***,방재실 낙뢰경보기 교체 설치납품,물품,LGC,육군학생군사학교,202405171030,M8522,베이비에스테틱연구소,,김선호,01021846579,"경상남도 창원시 마산합포구 가포순환로33, 134동 28층 4호(월영동, 마린애시앙부영)",88.021,21476570
27,MCS0064,1,19976,***,24-계룡대 출입통제체계 SW유지보수용역,용역,MCS,국방부계룡대근무지원단,202405171030,G9278,셀코정보기술 주식회사,SELKOR INFORMATION TECHNOLOGY,임윤정,01043840193,서울특별시 도봉구 도봉로169나길78(도봉동),88.235,37992270
921,SCF0459,2,12678,***,호스 등 21종 구매,물품,SCF,해군군수사령부,202405171030,MAA74,바라유통,,박민아,01024782017,전라남도 해남군 산이면 건촌길75,87.996,136140375
2,LDG0043,1,19711,***,천마유도탄 수리부속 수송용기 1품목 제조,물품,LDG,육군 탄약지원사령부,202405171030,2839F,금성목재,,유재득,0512011011,부산광역시 사하구 하신중앙로84-0 (신평동),84.46,316500000
2427,SFG0056,1,19397,***,클리어 화일내지 등 190품목 구매,물품,SFG,제9181부대,202405171030,J8CAC,에스아이컴퍼니,,정상일,01052066617,"경기도 수원시 영통구 동탄지성로488번길22 (망포동, 망포마을 벽산 이빌리지) 103동1102호",87.999,42628920
1675,SFG0053,1,19124,***,디지털카메라 등 6품목 구매,물품,SFG,제9181부대,202405171030,J421C,두리,,한미경,01052652140,"인천광역시 동구 송림로50 (송림동, 삼익아파트)1-103",87.995,8789608
424,SFC0064,1,20019,***,발전기 구매,물품,SFC,제9691부대,202405171030,E964F,신라통상,,김대성,0535277633,대구광역시 서구 통학로40길6-0 (평리동),97.671,48499000
1077,SCK0058,1,17537,***,생화학분석기(자동식) 1대 구매 설치,물품,SCK,해군교육사령부,202405171030,H5483,라온유통,ra-on company,김보명,01083312255,"대구광역시 달서구 상화북로162, 102동 1805호 (상인동, 상인역 모아엘가 파크뷰)",87.995,46972450
510,SCF0472,1,18487,***,"(긴급)앵글,건축용 등 36종",물품,SCF,해군군수사령부,202405171030,ECC72,동우철강(주),dongwoo steel co.,김수근,055-296-7123,"경상남도 창원시 마산회원구 봉암공단6길75-0 (봉암동, 동우철강)",88.983,33512600
654,SCF0473,1,18483,***,"(긴급)세라믹,울 등 46종",물품,SCF,해군군수사령부,202405171030,GF65E,미래상사,miraeshangsa,김성길,051-310-0707,"부산광역시 사상구 낙동대로910, C동 253호(감전동, 마트월드)",89.814,29331500
364,SCF0476,1,14093,***,"변환기, 수중 음파탐지기용 등 4품목 구매",물품,SCF,해군군수사령부,202405171030,M7015,에이스상사,,김일천,010-4387-7885,"부산광역시 사하구 다대로339, 1914호(장림동, 극동정림아파트)",88.19,25717780
4531,SCF0469,1,13360,***,"비,직립형 등 5종 구매",물품,SCF,해군군수사령부,202405171030,I2E28,에스알주식회사,So Ra Corporaion,이금석,0313039504,"경기도 수원시 영통구 청명남로39-0 (영통동), 럭셔리프라자 3층 301-8호",87.995,17504960
921,SCF0459,3,12678,***,호스 등 21종 구매,물품,SCF,해군군수사령부,202405171030,MAA74,바라유통,,박민아,01024782017,전라남도 해남군 산이면 건촌길75,87.996,136140375
274,SCF0470,1,08622,***,"건조제, 활성식 등 3종 구매",물품,SCF,해군군수사령부,202405171030,KC787,토탈marine,,허광주,055-551-4511,경상남도 창원시 마산회원구 회원동로42-1 (회원동),88.983,13350000
69,LMR0030,1,19625,***,24년 승진훈련장 교전전술훈련 시스템 유지보수,용역,LMR,제5군단사령부,202405171030,G245D,주식회사 두루스코,DURUSCO,김옥연,023062014,"서울특별시 서대문구 연희로241, 2층 (연희동)",87.759,83350648
2,LDG0043,2,19711,***,천마유도탄 수리부속 수송용기 1품목 제조,물품,LDG,육군 탄약지원사령부,202405171030,2839F,금성목재,,유재득,0512011011,부산광역시 사하구 하신중앙로84-0 (신평동),84.46,316500000
676,HCF0124,1,19799,***,군사경찰 안전반도 구매,물품,HCF,공군군수사령부,202405171030,KD19D,파인트리 트랜스월드 주식회사,,최은미,07041395588,"서울특별시 종로구 삼일대로32길36, 302호(익선동, 운현신화타워)",87.995,28028000
38,HCF0123,1,19782,***,군사경찰 작전조끼 제조,물품,HCF,공군군수사령부,202405171030,BC011,진화퍼시픽 주식회사,"JINHWA PACIFIC Co., Ltd",백선옥,07077072814,"서울특별시 종로구 율곡로14길14(연건동, 연건빌딩)",88.147,27014858
32,HCC0040,1,19793,***,전화기 등 4품목(074),물품,HCC,해군제1수리창,202405171000,KAA71,현대상사,,김영락,01052181431,강원특별자치도 동해시 부곡6길6(부곡동),88.002,6573560
4,HCC0039,2,19616,***,`24-동 00창 예초용역,용역,HCC,해군제1수리창,202405171000,I021D,백두조경건설 주식회사,"dongin landscape architecture Co.,Ltd.",장성인,01047432529,"강원특별자치도 동해시 천곡1길56(천곡동, 백두조경건설)",88.031,5820727
2,LDH0476,1,17906,***,총포/특무 고정나사 등 22종 구매,물품,LDH,육군종합정비창,202405161700,M0932,다연테크,,홍다연,010-7207-3737,"부산광역시 부산진구 동평로218, 104동 8층 802호(부암동, 일동미라주 아파트)",88.16,5570747
5,LDH0470,1,18635,***,K77지휘차 호스류 등 16종 구매,물품,LDH,육군종합정비창,202405161700,I3063,이든산업,Ideun Industry,박용철,070-4647-0245,부산광역시 강서구 호계로57번길20-0 (죽동동),88.431,19261100
7,LDH0469,1,18634,***,K77지휘차 튜브류 등 8종 구매,물품,LDH,육군종합정비창,202405161700,JA89E,삼강운수,,정광필,055-311-7447,부산광역시 중구 충장대로9번길20 (중앙동4가) 701호,88.216,9912300
3,LDH0465,1,18630,***,K77지휘차 베어링 등 5종 구매,물품,LDH,육군종합정비창,202405161700,2351F,덕산베아링,DUCKSAN Bearing CO.,신복승,0518045604,부산광역시 부산진구 서전로9번길 38(),99.257,23000000
8,LDH0463,1,18628,***,K77지휘차 나사 등 21종 구매,물품,LDH,육군종합정비창,202405161700,L4D65,주안산업,,강선자,010-7788-0337,"경상남도 창원시 의창구 반계로104-9 (팔용동, 팔용벽산블루밍A단지)206-505",88.175,10146500
48,LDH0483,1,18014,***,통신 회로카드조립체 1종 구매,물품,LDH,육군종합정비창,202405161700,M7AA7,창원,,박은미,07078347000,"경기도 평택시 중앙로29, 5층 551호(통복동, 오피스밸리)",87.995,33637083
379,LCF0180,1,05876,***,견인치료기경요추용 등 11항목 구매(의무),물품,LCF,육군군수사령부,202405161600,J5CF7,피앤에스글로벌주식회사,,최진희,07086914239,경기도 의정부시 둔야로45번길11 (의정부동),88,36189360
155,MFK0007,1,19951,***,1분기 병영도서관 도서 구매,물품,MFK,제9912부대,202405161600,LC5FD,미성종합상사,,김지현,0222669112,서울특별시 마포구 성산로2길55-0 (성산동),90.004,2445850
198,SCF0465,1,19687,***,방진필터 등 245종,물품,SCF,해군군수사령부,202405161600,J5B38,제이유텍,,강쥴리,01098075579,경상남도 창원시 마산회원구 합포로274 (양덕동) 4층 401-D6호,88.017,12817450
105,SCF0464,1,19686,***,사각 의자(등판) 등 8종,물품,SCF,해군군수사령부,202405161600,FCDCA,이모던솔루션,emordensolution,고상달,01045786757,"경상남도 창원시 의창구 팔용로423번길8, 지하(팔용동)",88.002,8147000
107,SCF0463,1,19684,***,콘솔 의자 등 12종,물품,SCF,해군군수사령부,202405161600,IED43,주식회사 휴콤,,최성숙,0556055874,경상남도 창원시 성산구 가음로101번길22-6,88.001,10058800
376,LIK0025,1,19680,***,24년 2~3분기 전산운영용품 구매,물품,LIK,제2군수지원여단,202405161600,L9919,동인산업,,신진업,070-8870-0072,"강원특별자치도 동해시 논산길16(묵호진동, 중앙슈퍼)",88.002,15434941
74,LDA0015,1,19719,***,00시설 비상발전기 소모품 교체,물품,LDA,지상작전사령부,202405161600,IAF6F,루비스타,rubystar,고은하,010-8750-7941,"경기도 광명시 디지털로63-0 (철산동, 주공아파트)",88.055,39175990
3,EBBE025,1,9026,***,"'24년 발전기 케이블 조립체, 전력용",물품,EBB,지상공통전력운영계약팀,202405161600,GC2EF,동양기전,DONGYNG ELECTRIC,황정태,0513054872,부산광역시 사상구 모덕로96번길55-0 (덕포동),91.494,50137000
3,LDH0459,1,18523,***,"(기동) T형관,파이프 및 튜브연결용 등 7종 구매",물품,LDH,육군종합정비창,202405161600,M8BB9,대림엠텍,,김부경,0553437885,경상남도 김해시 진례면 테크노밸리로36,88.294,4261967
437,LCF0181,1,18308,***,초음파치료기 등 14항목 구매(의무),물품,LCF,육군군수사령부,202405161600,H4339,주식회사보승글로벌,bosungglobal,위나영,07087065666,"경상남도 창원시 진해구 웅동로162-0, 105동 501호(두동, 청안해오름아파트)",87.999,32394600
9,LCF0177,1,18996,***,배선장치 등 8항목 일반제조(특무),물품,LCF,육군군수사령부,202405161530,K6150,석산전자 주식회사,,진희영,031-458-1525,"경기도 의왕시 오전공업길22, 201호(오전동, 동영벤처스텔)",88.283,138130000
29,SCP0053,1,19740,***,폭염응급키트 40개 구매,물품,SCP,제8385부대,202405161530,L8B5E,씨에스상사,,김효식,01052181431,"강원특별자치도 동해시 부곡6길6,(부곡동)",88.022,4103130
98,SCQ0049,1,19731,***,24-덕 예초관리 용역,용역,SCQ,제9911부대,202405161530,C9972,다산종합조경주식회사,DASAN,장영수,0328156746,"인천광역시 남동구 소래역로46번길28-0, 504호 (논현동)",88.33,72121000
22,LGD0008,1,19743,***,무인경계시스템 유지보수 용역,용역,LGD,육군종합행정학교,202405161530,I0079,메가이엔씨,Mega wireless communications,이병재,0432367283,충청북도 청주시 서원구 대림로351-19 (죽림동),88.085,21420051
28,SCQ0050,1,19736,***,24-평 작업환경 측정 용역,용역,SCQ,제9911부대,202405161530,LBE32,주식회사 한결작업환경컨설팅,,이태환,0415678882,"충청남도 천안시 서북구 늘푸른3길22, 3층 301호(두정동, 이화빌딩)",88.011,23404000
190,SCQ0047,1,19693,***,24-어 예초관리 용역,용역,SCQ,제9911부대,202405161530,L5BB2,유한회사 서진건설,,서진,0636357541,전북특별자치도 남원시 네마실4길45-3 (향교동),88.001,20649200
165,LGT0048,1,19619,***,'24-1차 작은도서관 도서 구매,물품,LGT,제2307부대,202405161530,J5DE4,애플,,경도현,01053950336,"강원특별자치도 원주시 중앙로86, 203호 (중앙동)",90.003,6053979
49,LKF0028,1,19206,***,24년 육성지원사업 배낭 구매,물품,LKF,제6755부대,202405161530,G40C5,지지올레,GIGIOLLE,이윤희,01083350224,"경기도 부천시 원미구 옥산로208번길37, 4층(도당동)",88.019,74995900
1830,LPF0047,1,19766,***,24년 2분기 전산운영용품 구매,물품,LPF,제51보병사단,202405161530,LDE9A,그레이스메종,,박은혜,01023791221,경기도 남양주시 별내면 청학로68번길6 (청학주공아파트),88,29190400
110,HDP0024,1,19657,***,자재보관함 등 16종(24-065),물품,HDP,공군제19전투비행단,202405161530,M77AF,서청주일등자이공인중개사사무소,,김유미,0432362900,"충청북도 청주시 흥덕구 2순환로1106, 303동 B134호 서청주일등자이부동산(비하동, 서청주파크자이)",88.005,24007426
85,SCQ0048,1,19703,***,24-백 예초관리 용역,용역,SCQ,제9911부대,202405161530,L0FE8,주식회사 희조경,,이은숙,0325671837,"서울특별시 서초구 효령로53길18, 709호 (서초동, 석탑오피스텔)",88.006,34185770
21,HCQ0033,1,19700,***,[24-110] 주름관 밸브소켓 등 54종,물품,HCQ,공군제5공중기동비행단,202405161530,D131C,명성,,장종운,0516332412,부산광역시 동구 성남이로38번길 37(),88.047,20264200
38,SCK0056,1,19593,***,의약품 및 의료용품(후메론 등 67종) 구매,물품,SCK,해군교육사령부,202405161530,KCC2B,주식회사원진메디팜,,김진규,0319868101,"경기도 김포시 고촌읍 아라육로80, 226호",88.072,14538850
2204,SFG0055,1,19396,***,병영도서관 및 서측도서 도서 구매,물품,SFG,제9181부대,202405161530,M7DF8,호서컴퍼니,,김하영,01092639570,"인천광역시 서구 서곶로45, 102동 1103호(가정동, 루원 린스트라우스 더 린시티)",90,43129820
484,SFG0054,1,19125,***,24-K-브리핑체계 이전설치 용역,용역,SFG,제9181부대,202405161530,G9533,주식회사 네오글로벌시스템,"NeoGlobalSystem,Inc",김현진,0319433724,경기도 파주시 교하로505번길경기 파주시 교하로505번길 64-3,88.002,58651855
205,LHR0030,1,19504,***,"24년 2,3분기 전산운영용품 구매",물품,LHR,육군 제37보병사단,202405161530,IC1EE,제이앤제이,,송옥주,0432148264,"충청북도 청주시 상당구 산성로98번길23 (용담동,석훈빌딩) 7층7141호",88.005,61074120
383,LGT0046,2,19417,***,'24년 2~3분기 정보통신운영지원 물품 구매,물품,LGT,제2307부대,202405161530,L9919,동인산업,,신진업,070-8870-0072,"강원특별자치도 동해시 논산길16(묵호진동, 중앙슈퍼)",88,65075275
56,MCN0019,1,18959,***,군사경찰피복(동계 특정복) 제조 구매,물품,MCN,국방부근무지원단,202405161530,L6FF9,주식회사 유노인더스트리,,정민영,07087112611,경기도 남양주시 화도읍 비룡로292번길11,88.105,42126000
176,LQH0024,1,19308,***,24년 2분기 전산운영용품 구매,물품,LQH,제3697부대,202405161530,I5AB3,주식회사 유니팜텍,"Uni Farm Tech Co., Ltd.",최현영,0318388877,"경기도 의정부시 시민로80, 14층 1436호 (의정부동, 센트럴타워)",88.696,19118220
2,UMM0565,1,19302,***,24년 합동지속지원훈련 JLOTS 훈련 선박 임차 용역,용역,UMM,국군재정관리단,202405161530,2369F,씨제이대한통운 주식회사,CJ Logistics Corporation,신영수,027001085,"서울특별시 종로구 종로5길7, Tower 8",84.838,873996000
221,UMM0544,1,15681,***,24-D-2-1차 날개접지기 구매(241031-F),물품,UMM,국군재정관리단,202405161530,KD19D,파인트리 트랜스월드 주식회사,,최은미,07041395588,"서울특별시 종로구 삼일대로32길36, 302호(익선동, 운현신화타워)",83.018,203372000
1499,UMM0536,1,09618,***,24-F-생화학분석기 대형 등 4종 구매,물품,UMM,국군재정관리단,202405161530,DDD13,정원B&C,JUNGWON B&C,이숙,07075690484,"경기도 고양시 일산동구 강석로33, (백석동, 대우IAAN) 2층 217호",88.014,124025600
6,UMM0537,1,07878,***,24-F-형광투시검사유니트 장비 제조,물품,UMM,국군재정관리단,202405161530,A49DC,나우주식회사,Nawoo Ltd.,정대혁,0317450088,"경기도 성남시 중원구 둔촌대로388, 410호 (상대원동, 크란츠 테크노)",83.089,293331500
77,SFC0063,1,19742,***,24-덕-체 소토사 등 3종 구매,물품,SFC,제9691부대,202405161530,K3BF9,원왕골재 주식회사,,박기석,01052818706,"경기도 남양주시 늘을2로14번길3, 803호 (호평동, 에이스프라자)",89.805,18034800
220,SFC0062,1,19741,***,24-덕-체 엔진블로어 등 2품목 구매,물품,SFC,제9691부대,202405161530,K5DF6,유노코리아,,권지은,01072071901,"경기도 의정부시 부용로174-0 (신곡동, 상록아이파크) 104동 201호",88.003,4509900
2,SCR0057,1,19706,***,24~27 간부숙소 TV 및 인터넷 서비스 용역,용역,SCR,해군제3함대사령부,202405161530,B1BEC,주식회사 엘지헬로비전,LG HelloVision Corp.,송구영,07073731482,"서울특별시 마포구 월드컵북로56길19, 6층(상암동, 드림타워)",88.709,116244000
200,SCK0057,1,19635,***,24-00사 제초/조경 관리 용역,용역,SCK,해군교육사령부,202405161530,D726A,(주)우리조경개발,,배이선,0557478743,"경상남도 진주시 숙호산로42-5 (이현동) 상가동동 1층 3호(이현동, 진주그린빌라)",88.073,124671690
192,SCF0466,1,18870,***,(긴급)수전용 플러그 등 4종,물품,SCF,해군군수사령부,202405161530,ECF32,세종상사,,노정래,010-9384-8831,경상남도 창원시 진해구 여명로52 (여좌동),91.721,6463560
1818,SCF0416,1,08184,***,스톱워치 등 3종 구매,물품,SCF,해군군수사령부,202405161530,E964F,신라통상,,김대성,0535277633,대구광역시 서구 통학로40길6-0 (평리동),87.996,40521980
37,LCF0190,1,19762,***,[용역-2] 무인경계시스템 유지보수용역,용역,LCF,육군군수사령부,202405161530,J6D8A,주식회사 피에스정보,,정효상,0422235811,대전광역시 중구 목중로16번길46-0 (중촌동),87.921,77882570
2,MHD0107,3,67761,***,함정 개조·개장 사업의 관급보험 도입방안 연구,용역,MHD,방위사업청(운영지원과),202405141500,CF6DD,호원대학교 산학협력단,INDUSTRY-ACADEMIC COOPERATION FOUNDATION HOWON UNIVERSITY,정의붕,0634507170,"전북특별자치도 군산시 임피면 호원대3길 64,",,50000000
18,EBB0130,1,6301A,***,"덮개, 사령관 지휘소 지붕용",물품,EBB,지상공통전력운영계약팀,202405141400,0001F,삼덕상공(주),"SAMDUK COMMERCIAL CO.,LTD.",김권기,027753811,서울특별시 중구 퇴계로12길 49(회현동1가),88.301,1466206999
15,HCG0020,1,19286,***,F-4 팬텀 화보집 인쇄용역,용역,HCG,공군본부,202405141400,K28BA,주식회사 디자인상상,,송민아,0416739963,"충청남도 태안군 태안읍 군청8길21-12, 1동 101호",88.246,17619493
15,EBHE003,1,4316,***,해성 수리부속류_클램프조립체(제조),물품,EBH,해상공중전력운영계약팀,202405141400,CD9C9,창진ENG(주),CHANG JIN ENG,김경익,0553649963,경상남도 양산시 상북면 석계산단3길59-0,88.24,33588000
5,EBHE002,1,8039,***,24년 특수무기 베어링류(제조),물품,EBH,해상공중전력운영계약팀,202405141400,L33B4,혁신산업,,김윤정,0553443044,경상남도 김해시 한림면 한림로515번길224-0,88.188,33824000
408,LGP0086,1,19300,***,’24년 전반기 취사장 후드·덕트 청소 용역,용역,LGP,제1군수지원사령부,202405141330,A5D3F,주식회사 삼지이앤씨건축사사무소,samjee enc,임종구,0324672081,"인천광역시 남동구 백범로247번길22, 4층(구월동)",88.007,14605050
2,LDH0455,1,17032,***,24-7차 정비용 장비 부품 구매,물품,LDH,육군종합정비창,202405141300,F3E58,신동하이텍,shindonghitec,이동열,055-251-0253,경상남도 창원시 마산회원구 봉암공단2길22-5 (봉암동),88.304,16505080
7,LCF0174,1,12095,***,"오-링 등 92항목 제조(궤도,제조-006)",물품,LCF,육군군수사령부,202405141130,I3063,이든산업,Ideun Industry,박용철,070-4647-0245,부산광역시 강서구 호계로57번길20-0 (죽동동),88.322,159643600
4,LPK0009,1,19279,***,24년 동력버너 구매,물품,LPK,제8기동사단,202405141130,CEB6F,닉스,NIX,권은숙,0318579285,경기도 동두천시 동광로72 (생연동)3층,88.349,9058090
2273,LCF0155,1,18561,***,원추형 풍속기 등 3항목 구매(물자),물품,LCF,육군군수사령부,202405141130,M4C7E,주식회사 만상,,장영화,07077701617,"경기도 평택시 고덕중앙로322, 412-17호(고덕동, 에이스에스타워)",87.995,43127320
9,LCF0148,2,17802,***,"가열기,차량용,객실용 등 2항목 제조(궤도010)",물품,LCF,육군군수사령부,202405141130,H58AB,주식회사 엔미디어솔루션,N-media solution,이근식,01042405887,"인천광역시 계양구 계산새로71, 비동 310호(계산동, 하이베라스)",88.011,212250651
2,EBH0006,1,4602,***,"정비키트, 어뢰용 (제조)",물품,EBH,해상공중전력운영계약팀,202405141100,I697A,MRO Tech(엠알오텍),MRO Tech,안기수,01036814180,"대구광역시 북구 영송로15, 2층 6210호 (태전동, 대구보건대학교 복지관)",85.544,479000000
4,EBBE022,1,1441C,***,"덮개, 차량구성품용(소형전술차량용)",물품,EBB,지상공통전력운영계약팀,202405141100,JA36C,태림산업,,박창근,0553214382,경상남도 김해시 김해대로2644-0 (안동) 3층,88.86,32921000
48,LHK0032,1,19401,***,24-1차 공기청정기 필터 구매,물품,LHK,제2군단,202405141100,C226D,크린테크 코리아 주식회사,"CLEAN TECH KOREA Co., Ltd.",정성호,0317618261,경기도 광주시 초월읍 용수길197,88.019,56702700
180,MON0003,1,19368,***,교육용 실습장비 구매,물품,MON,국방정신전력원,202405141100,I63A8,알파유통 주식회사,"Alpha Distribution Co., Ltd.",정승호,01044842590,"제주특별자치도 제주시 연북로21, 1609호 (노형동, 에코에비뉴)",88.009,47674440
20,HCL0038,1,19718,***,24-131 누전차단기 등 49종,물품,HCL,공군사관학교,202405141100,HF980,두물기업,DUMUL company,김재원,01091866118,"충청북도 청주시 흥덕구 덕암로47번길20-6, 4층(봉명동, 더메이)",95.995,19592036
11,SFJ0010,1,19387,***,24-항-소방정밀점검 및 작동기능점검 용역,용역,SFJ,제2112부대,202405141100,IE574,주식회사 디케이소방방재시스템,,차화준,0547751379,경상북도 경주시 백률로82번길60-0 (동천동),88.074,6161900
15,HCL0039,1,19723,***,항-24-014 의약품 99종,물품,HCL,공군사관학교,202405141100,JB386,주식회사 닥터리츠,,최혜식,0234379607,"서울특별시 강동구 구천면로233, 5층 502-1호(천호동), 지층101호(천호동, 한양메디스퀘어)",88.023,19659900
15,UMM0567,1,19389,***,(24F122-A) ASP 방화지대 구축 용역,용역,UMM,국군재정관리단,202405141100,A6D94,화성수원오산산림조합,hwasung suwon osan forestry cooperative association,최만식,0312242617,경기도 화성시 동탄순환대로127-23 (산척동)  208호,88.087,169160200
41,UMM0562,1,19158,***,(24G017-H)24년 합동전쟁실습장비 임차용역,용역,UMM,국군재정관리단,202405141100,D4252,소성정보기술 주식회사,Sosung Information Technology,김금남,028559503,서울특별시 구로구 공원로11길 33(구로동),88.124,112002981
2,UMM0564,1,17218,***,(24F111-I) 24년 폐리튬 전지 위탁처리 용역,용역,UMM,국군재정관리단,202405141100,LAADF,(주)에스쓰리알,,서종현,0324720062,인천광역시 남동구 음실서로66-0 (운연동),86.845,245803984
3,UMM0552,1,16310,***,24-N-고강도콘크리트말뚝 2종 제조,물품,UMM,국군재정관리단,202405141100,K4D3A,주식회사 금산씨알에이,,김재우,0635440702,전북특별자치도 김제시 금산면 금평로281-177,90.059,121682220
12,UMM0569,1,15431,***,(246191-F) 무공훈장 제조,물품,UMM,국군재정관리단,202405141100,0192F,주식회사 흥선,HEUNGSUNCOLTD,김용기,0314943365,"경기도 안산시 단원구 만해로169번길28, 603블럭 11-1호 (신길동, 반월공단)",83.192,702860870
319,UMM0361,2,12574,***,"24-F-현상 유니트,X-선 필름용 구매 (249034-F)",물품,UMM,국군재정관리단,202405141100,A49DC,나우주식회사,Nawoo Ltd.,정대혁,0317450088,"경기도 성남시 중원구 둔촌대로388, 410호 (상대원동, 크란츠 테크노)",91.954,507650000
139,UMM0504,1,11274,***,(247124-F) 임플란트3 구매,물품,UMM,국군재정관리단,202405141100,L955F,주식회사 매직케어,,이석호,0269596905,"인천광역시 남동구 논고개로123번길35, 1동 9층 901호(논현동, 칼리오페)",89.854,81000000
1327,UMM0560,1,10768,***,(24F112-A) 조경관리 용역,용역,UMM,국군재정관리단,202405141100,B977C,태석건설 주식회사,seok chang ho,권기석,0535270367,대구광역시 달성군 화원읍 류목정길47,87.995,126646100
522,UMM0559,1,10454,***,(24F089-I) 24년 승진과학화훈련장 관리 민간위탁,용역,UMM,국군재정관리단,202405141100,FAC21,남양산업,namyang,김창석,0315679236,경기도 남양주시 금곡동664-2,87.997,69061600
45,LPC0017,1,19315,***,24년 공기청정기 필터 제조 구매,물품,LPC,제25보병사단,202405141100,J4A42,(주)조은필텍,,이정숙,0519725222,부산광역시 강서구 녹산산단361로42-0 (송정동),88.022,81863600
59,LFC0041,1,19188,***,"24년 중대강의장 책상, 의자 제조 계약",물품,LFC,육군훈련소,202405141100,3756F,주식회사 금성강철,Keum Sung Gang Chul Co.Ltd,김성곤,0319652547,경기도 고양시 일산동구 견달산로225번길 74(),88.285,138295000
4,HDQ0043,1,19297,***,24-지정폐기물 위탁처리 용역,용역,HDQ,제20전투비행단,202405141100,A3BDB,(주)동양환경,DongYang Environment,채상협,0429330450,대전광역시 대덕구 문평동로48번길 125(문평동),84.265,36846000
2021,HCQ0031,1,19399,***,24-052 탐지기 등 1종,물품,HCQ,공군제5공중기동비행단,202405141100,LB6C9,엘유통,,차다얼,01091146862,"경기도 김포시 고촌읍 장차로13번길25 , 3층 302-852호(세종프라자)",87.995,87413680
13,HCF0110,2,18142,***,여군 하이힐 제조,물품,HCF,공군군수사령부,202405141030,GCC9E,(주)한양어패럴,"HAN YANG APPAREL CO.,LTD",심홍규,0226713418,서울특별시 구로구 경인로53길90-0  1108호(구로동),88.016,31409000
153,SDF0068,1,19446,***,제침기 등 1071종 구매,물품,SDF,제5738부대,202405141030,GF26E,기쁨상사,joy company,김병국,01066224171,경상북도 포항시 남구 중앙로95-1 (해도동)302호c타워,88.06,55877325
207,SDF0067,1,19448,***,마이룸 서류함 등 518종 구매,물품,SDF,제5738부대,202405141030,H3BCA,자인비,JAINB,최명숙,07047970581,경상남도 창원시 성산구 상남로75-0 (상남동)1917호,88,25570570
151,SDF0066,1,19469,***,종이컵 13온스 등 1028종 구매,물품,SDF,제5738부대,202405141030,KD763,이성우-성도종합중기,,이성우,0542473500,경상북도 포항시 북구 새마을로8 (용흥동),88.027,32754110
1064,HCQ0032,1,19458,***,'24년 POL 제초 용역,용역,HCQ,공군제5공중기동비행단,202405141030,J63F5,주식회사 이화엘앤씨,,서혜경,0535811114,"대구광역시 달성군 다사읍 서재로30길17, 상가121동107호(서재보성타운)",88.027,33149130
9,SFH0073,1,19449,***,24-B-에어컨 스탠드형 등 5품목 구매 납품,물품,SFH,제9196부대,202405141030,HD61C,케이이에스,KES,김미숙,07077171847,"인천광역시 옹진군 영흥면 영흥남로234-11, 1층",91.263,20474500
165,SFL0025,1,19444,***,활차 도르레 등 21품목 구매,물품,SFL,제3283부대,202405141030,LDE69,위즈덤,,CHOI HOUN JIN,01027179098,"경상북도 포항시 북구 중앙로419번길21-0 (우현동, 대동우방타운)",88.001,71548098
153,SFL0024,1,19441,***,강력단조가위 등 142품목 구매,물품,SFL,제3283부대,202405141030,FA01C,신영상사,SHIN YOUNG CORP,박다현,0542866400,경상북도 포항시 북구 신광면 토성길37번길2-3,88.001,36049200
3,SCP0052,1,19428,***,무게조절 육각덤벨 등 7종 구매,물품,SCP,제8385부대,202405141030,JFB9B,청아철물설비,,김주희,010-7224-5200,강원도 동해시 단봉길23 (북평동),89.008,997000
4,SCN0085,1,19025,***,잔디용 농약 7종 구매,물품,SCN,제7001부대,202405141030,KDDB6,주식회사 포레나무병원,,조강제,055-312-7316,"경상남도 김해시 칠산로397, 204호 (화목동)",88.601,30480649
48,SDQ0052,1,19404,***,레이저레벨기 등 60종 구매,물품,SDQ,해군제2수리창,202405141030,L3373,동서종합상사,,최흥숙,07077337131,"경기도 평택시 안중읍 안현로서6길10, 406동 B03호(대원빌딩)",88.013,13315860
55,LBA0038,1,19350,***,'24년 부식류 재포장재료 구매,물품,LBA,제 2167부대,202405141030,M2BAB,문암이엔씨,,허은총,07047156263,"강원특별자치도 철원군 갈말읍 태봉로1585-0 ,  102호",88.009,69570480
134,SFL0023,1,19351,***,도서(역사를 바꾼 100책 등 855품목)구매,물품,SFL,제3283부대,202405141030,K62E5,경이네트워크,,이정배,01023347671,경상북도 포항시 남구 중앙로154 (해도동) 16층 1607-45호,90.001,19485316
9,SDQ0050,1,19357,***,"플랜지, 파이프용 등 16종 구매",물품,SDQ,해군제2수리창,202405141030,L88C9,주식회사 산아름,,한시현,01034149799,"경기도 평택시 중앙2로13, 6층 602-1-743호(평택동)",88.089,8333639
13,SEE0023,1,19354,***,24-J-주거시설 조경관리(예초) 용역(2차),용역,SEE,제9해병여단,202405141030,M8CD1,제이에스기업 주식회사,,박순정,0647621601,제주특별자치도 서귀포시 일주동로8570 (동홍동),88.087,2578628
31,LKF0027,1,19192,***,24년 육성지원사업 전투조끼세트 구매,물품,LKF,제6755부대,202405141030,L6FF9,주식회사 유노인더스트리,,정민영,07087112611,경기도 남양주시 화도읍 비룡로292번길11,88.168,18148500
533,LKS0035,1,19155,***,비승대 체력단련장 예초 관리 용역,용역,LKS,육군인사사령부,202405141030,C2195,호연종합건설주식회사,hoyeon construction. co.ltd,조미경,0317941738,"경기도 성남시 중원구 마지로111, 3층 303호",88.001,31051900
4798,LKS0034,1,19153,***,의장 군기(부대기 등 24종) 구매,물품,LKS,육군인사사령부,202405141030,L63A2,제이플,,정윤옥,010-3586-9636,대구광역시 수성구 신매로8길2-2 (신매동),88,18254577
30,LKF0029,2,19212,***,24년 육성지원사업 침낭 구매,물품,LKF,제6755부대,202405141030,J137F,(주) 한영디자인,,현상균,024963528,"서울특별시 광진구 동일로449-0 (중곡동), 3층",88.05,41978200
74,SFL0026,1,19460,***,이동식 발전기 등 16품목 구매,물품,SFL,제3283부대,202405141030,J296E,일동테크,,최원대,07040421380,경상북도 포항시 북구 청하면 미남리13-2,88.011,58468812
11,LMH0032,1,19209,***,24년 군단 참모부 프린터 임차용역(C041),용역,LMH,제7군단,202405141030,M8CFA,라움,,경미르,01026809881,"경기도 이천시 진상미로2229-12, 1층 일부호(고담동)",88.06,17785656
114,HCM0046,1,19413,***,24-05-153 식기세척기 세제 등 7품목 구매,물품,HCM,공군교육사령부,202405141030,KF3F1,더나은,,신윤석,01051884845,경상남도 창원시 의창구 차상로150번길10 (팔용동) 229-C03호,88.001,27993060
112,SCH0072,1,19383,***,24-00사 00단 제초 용역,용역,SCH,해군작전사령부,202405141030,DFDB1,주식회사 어울림조경,EOULIM Landscape Corporation,최인영,0552878861,경상남도 창원시 의창구 지귀로48-0 (봉곡동),88.048,8417714
110,SCH0071,1,19384,***,24-0전단 00장 제초 용역,용역,SCH,해군작전사령부,202405141030,BCB21,주식회사 구룡조경,gy,박홍철,0557438899,경상남도 진주시 진주대로1322번길8(유곡동),88.02,6211870
119,SCQ0045,1,19393,***,수첩 제조납품,물품,SCQ,제9911부대,202405141030,C54DE,정우커뮤니케이션즈,Jungwoo Communications,김용욱,0426361630,대전광역시 동구 대전천동로 628101호 및 2층(삼성동),88.025,21544540
9,MCX0026,1,19394,***,24-00교 수문 침투저지망 설치납품,물품,MCX,자운대근무지원연대,202405141030,B6B09,우근건설 주식회사,"wo kun construction co.,ltd",강복순,0426722800,대전광역시 대덕구 오정로37번길 29(오정동),88.078,16710000
35,SDQ0051,1,19362,***,인터쿨러 구매,물품,SDQ,해군제2수리창,202405141030,KC587,올파츠,,지정훈,01090307646,"경기도 평택시 점촌로23번길12 (서정동, 미송아파트가단지) 1동 4층 403호",88.029,19679100
566,LCH0028,1,19166,***,조경관리 용역(특-24-용-19),용역,LCH,특수전사령부,202405141030,GBAEA,송림조경,songlim,박은옥,0324333997,"인천광역시 남동구 소래역로28, 502-5호(논현동, 조은프라자)",88.001,38342450
167,MCC0004,1,19037,***,'24년 OO부대 제초용역,용역,MCC,제6293부대,202405141030,A467E,수현개발주식회사,soohyun,함정연,0332530485,"강원특별자치도 춘천시 동면 소양강로156-0 ,2층 3호",87.756,69488704
41,SDQ0049,1,19320,***,"슬라이드, 서랍용, 연장식 등 8종 구매",물품,SDQ,해군제2수리창,202405141030,M7AA7,창원,,박은미,07078347000,"경기도 평택시 중앙로29, 5층 551호(통복동, 오피스밸리)",88.003,7167985
14,SCN0084,1,19330,***,의무장비 수액조절기 등 1종 구매,물품,SCN,제7001부대,202405141030,J836B,엠에스컴퍼니,,박미선,01088766052,"경기도 남양주시 다산순환로242, 1401동 602호(다산동, 다산자이 폴라리스)",88.116,1364100
47,SCN0083,1,19319,***,초조강 시멘트 등 23종 구매,물품,SCN,제7001부대,202405141030,I7559,주식회사도영디와이,doyoungdy,김미영,01062566970,경상남도 창원시 성산구 대암로32-7 (남양동),88.002,14562200
2,LHP0022,1,19282,***,(위임74차)공병대대 수송부 노후시설 보수 자재구매,물품,LHP,제22보병사단,202405141030,H229E,케이엔피 트레이드,knp trade,구정희,01097224808,"강원특별자치도 고성군 거진읍 거탄진로142-0, 3층 1호",98.634,16296200
3,HCA0001,1,19250,***,'24년 공군대학 교육과정 버스 임차 용역,용역,HCA,공군대학,202405141030,C7B31,(주)산수관광,sansootour,설경환,0422228881,"대전광역시 중구 대종로509-302 (선화동, 소청1번가)",92.649,24700000
3,LHP0021,1,19242,***,(위임66차)공병대대 공병훈련장 울타리 보수 자재구매,물품,LHP,제22보병사단,202405141030,G79AA,영동안전산업,YEONG    DONG     SAFETY,심창섭,0336815858,강원특별자치도 고성군 죽왕면 향목서길26,88.174,17594659
360,LHN0039,1,19225,***,24년 기타유지물자 구매,물품,LHN,제7보병사단,202405141030,K824D,추가령기획,,설수국,01053654720,"강원특별자치도 춘천시 남산면 서백2길31,  202호",88,14307220
221,SCK0055,1,19216,***,유성펜 등 29종 구매,물품,SCK,해군교육사령부,202405141030,LD02B,대연상사,,맹인재,07070047722,경상남도 창원시 진해구 용재로29번길5-15 (용원동) 301호,88.044,8837200
30,LKF0029,1,19212,***,24년 육성지원사업 침낭 구매,물품,LKF,제6755부대,202405141030,J137F,(주) 한영디자인,,현상균,024963528,"서울특별시 광진구 동일로449-0 (중곡동), 3층",88.05,41978200
107,HCM0045,1,19179,***,24-05-151 모기향 등 7품목 구매,물품,HCM,공군교육사령부,202405141030,H3C83,주식회사 프라임푸드시스템,primefood,허두임,0555523375,경상남도 창원시 진해구 안골로285번길12-1 (안골동),88.001,25609000
24,LKQ0010,1,19156,***,2분기 교육예산(교육장비 등) 구매,물품,LKQ,육군항공학교,202405141030,M3BD6,봄앤현,,이희주,01064184479,"충청남도 계룡시 엄사면 번영로113-32 (계룡파라디아), 106동 2303호",88.062,10528620
19,SFN0042,1,19467,***,비상수원 식수 구매 납품,물품,SFN,연평부대,202405141030,L4BAF,우보유통,,김봉준,0328915611,"인천광역시 중구 연안부두로107번길34, 2동 2층 2호 (항동7가)",88.131,113859570
5145,SFC0056,1,18831,***,자격휘장(상륙기습특공 철제 등 20품목) 구매,물품,SFC,제9691부대,202405141030,LDF79,행복전달소,,최봉준,01056150185,"광주광역시 서구 상무버들로40번길14 (유촌동, 상무버들마을1주공아파트)112-803",87.995,43191217
397,SFC0057,1,18620,***,24-해병-전산운영용품(314품목) 구매,물품,SFC,제9691부대,202405141030,M626B,대박나라,,신선옥,01090708102,"인천광역시 미추홀구 소성로120, 101동 704호(학익동)",83.001,328850948
2,SCF0457,1,19314,***,적색 불꽃 신호 등 3종 구매,물품,SCF,해군군수사령부,202405141030,0261F,고려화공 주식회사,"Koryo Pyrotechnics Co., Ltd",조영준,0512561771,"부산광역시 서구 충무대로264, 8층 (충무동1가, 우양빌딩)",96.523,144960000
3688,SCF0460,1,18389,***,'24년 전지 축전식[ES2.912] 705EA 구매,물품,SCF,해군군수사령부,202405141030,LD976,존슨컴퍼니,,문종수,01035708547,"부산광역시 부산진구 가야대로538, 101동 31층 3호(가야동, 가야롯데캐슬골드아너)",87.995,10600402
591,SCF0450,1,18373,***,"(긴급) 스위치, 압력식 등 39종",물품,SCF,해군군수사령부,202405141030,M7015,에이스상사,,김일천,010-4387-7885,"부산광역시 사하구 다대로339, 1914호(장림동, 극동정림아파트)",91.137,38516500
160,SCF0461,1,18082,***,"(긴급)조종간,자료입력용 등 3종",물품,SCF,해군군수사령부,202405141030,K38D9,지그인더스트리,,신종현,01065515313,인천광역시 연수구 원인재로212 (연수동),88.002,17221039
5445,SCF0448,1,17594,***,"(긴급) 밸브, 앵글형 등 41종",물품,SCF,해군군수사령부,202405141030,LD335,바이뚜,,박수하,01096613590,전라남도 장성군 장성읍 매화1길7 (그랜드센트럴장성) 505호,87.997,150176577
3,SCF0455,1,16628,***,'24년 수중탐색음탐기 5종 유지보수 정비,물품,SCF,해군군수사령부,202405141030,B4793,소나테크주식회사,SONARTECH,박승수,0514037797,"부산광역시 남구 황령대로353번길9-37 (대연동, 소나테크)",94.1,519860000
517,SCF0453,1,15768,***,"필터 엘리먼트, 유체용 등 4종 구매",물품,SCF,해군군수사령부,202405141030,IB89D,대성물류,Daesung,김성대,070-8801-5709,"경기도 평택시 중앙2로13-0 (평택동, 센텀스카이빌딩)",88.001,25557000
604,SCF0451,1,14612,***,목재내면연마기 1EA 구매,물품,SCF,해군군수사령부,202405141030,L1B72,시나브로,,김석환,0542444170,"경상북도 포항시 북구 새천년대로1235, 108동 3103호(장성동, 두산위브더제니스)",87.996,2642120
186,SCF0444,1,14091,***,흄 후드 구매,물품,SCF,해군군수사령부,202405141030,I182C,주식회사 신영엘에스티,"SHINYOUNG LST.CO.,LTD",이대식,0319443990,경기도 파주시 광탄면 진지로41-0,92.54,6467600
13,SCF0452,1,13773,***,K급 소화기 1종 제조,물품,SCF,해군군수사령부,202405141030,0817F,(주)한국소방기구제작소,HANKOOK,정수현,0535642201,대구광역시 서구 평리로29길 33(),88.601,2917890
1139,SCF0449,1,13248,***,"슬링,원형 등 3종 구매",물품,SCF,해군군수사령부,202405141030,J69D8,두리 [dulu],,이학현,01094238972,경기도 평택시 포승읍 서동대로597,87.995,48266690
149,SCF0445,1,10918,***,개스킷 등 20종 구매,물품,SCF,해군군수사령부,202405141030,M81CD,도하테크,,이은선,051-303-5134,부산광역시 강서구 대저로3번길52-15 (대저1동),88.129,6423630
848,SCF0447,1,10915,***,폐기관 단열재 등 18종 구매,물품,SCF,해군군수사령부,202405141030,GA6BB,주식회사 서원아이엔,SEOWON INTERNATION CO.,이준한,01040102532,대구광역시 남구 현충로7길109-5 (대명동),88.001,112020350
161,SCF0446,1,10914,***,"절단기, 케이블용, 기뢰용 등 4종 구매",물품,SCF,해군군수사령부,202405141030,KC787,토탈marine,,허광주,055-551-4511,경상남도 창원시 마산회원구 회원동로42-1 (회원동),88.042,6444000
623,SCF0308,2,06550,***,"스위치, 액체 수평기용 등 4종 구매",물품,SCF,해군군수사령부,202405141030,FE043,주식회사 에코비투,ecob2co.ltd,하영임,023532356,"경기도 고양시 덕양구 삼원로73, 721호(원흥동, 원흥한일윈스타)",99.223,35900000
2,MDR0020,1,19398,***,전차.장갑차 관통시험 360 파노라마 촬영제작,용역,MDR,제9965부대,202405141030,M8D74,프라임파노라마,,정현철,0312274846,경기도 안양시 동안구 시민대로327번길11-41 (관양동) 디지털콘텐츠기업 성장지원센터 505호,91.66,39600000
8,MCS0063,1,16121,***,2024 복지회관 식자재 구매(축산물),물품,MCS,국방부계룡대근무지원단,202405141030,J82BE,(주)씨엘에스푸드,,장지혜,07077622535,부산광역시 강서구 명지오션시티8로10-5 (명지동),88.484,97907616
13,LNG0022,2,18840,***,[예비군] 야간투시경 제조 구매,물품,LNG,육군 제1군단,202405141030,F34DC,한백항공(주),Hanbaek Aerospace Co. Ltd,황인규,0638348770,"서울특별시 구로구 경인로53길90, 615호(구로동, 에스티엑스 더블유 타워)",89.039,62500000
460,LCH0029,1,19476,***,제초관리 용역(특-24-용-18),용역,LCH,특수전사령부,202405141030,C3C69,주식회사 고려원,coreaone,이수희,0317594102,"경기도 성남시 수정구 위례서일로26. 1102호(창곡동, 라크리움)",87.746,99132600
1663,HCF0121,1,19181,***,기어용 윤활유 구매,물품,HCF,공군군수사령부,202405141030,J75A0,함초롬,,최홍석,01026318102,"충청남도 아산시 탕정면 선문로221번길70, 406호",87.995,34681900
414,HCF0119,1,18925,***,24-H-28 다중계기,물품,HCF,공군군수사령부,202405141030,H84B1,주식회사 가이던트,"Guidant Co.,Ltd.",이태호,0532675460,"대구광역시 수성구 알파시티1로160 (대흥동), 6층 604호,605호",97.475,46226200
3,HCF0111,2,18371,***,"24-H-12 산탄총, 12게이지, 조수퇴치용",물품,HCF,공군군수사령부,202405141030,FDFEC,심산물산,SIMSAN CO.,이관재,024198440,"서울특별시 송파구 백제고분로36길8, 2층 201호(석촌동, 고암빌딩)",90.377,28447000
2,LBB0012,2,16875,***,'24년  정비피복 제조 구매,물품,LBB,육군제7789부대,202405131730,M085D,사단법인 강동장애인협회 동행,,최경하,0316982055,"경기도 성남시 중원구 사기막골로124, 비즈동 B401-2호(상대원동, SKn테크노파크)",98.162,148860000
3,HCM0025,1,09884,***,기본군사훈련단 식당 급식 민간위탁 운영,용역,HCM,공군교육사령부,202405131300,JAE2A,푸디스트 주식회사,,박정훈,0221742660,서울특별시 용산구 청파로363(서계동),0,34818750000
4,LCG0028,1,16577,***,[24-육-84] 탄약부대 경계병력 민간전환 선결 연구,용역,LCG,육군본부,202405131300,I4D6B,주식회사 안보기술연구원,SATI,경상현,010-5071-9110,"경기도 안양시 만안구 만안로49,1303호(안양동, 호정타워)",,32100000
4,LCG0029,1,15154,***,[24-육-85] 무기체계별 EMP방호기술 적용방안 연구,용역,LCG,육군본부,202405131300,C693D,(사)21세기군사연구소,Korea Research Institute of Military Affairs,김진욱,028423105,"서울특별시 금천구 가산디지털2로184, 10층 1017호(가산동, 벽산디지털밸리2차)",,38370000
14,LHK0029,1,18374,***,24년 주거시설 정기안전검사 용역(춘천권역),용역,LHK,제2군단,202405131120,BE142,부광종합건설 주식회사,bukwang,장병묵,0334820402,강원특별자치도 양구군 양구읍 비봉로64-7,88.089,14106580
14,LHK0031,2,18385,***,24년 주거시설 정기안전검사 용역(서화천권역),용역,LHK,제2군단,202405131120,JA121,주식회사 연이앤씨건축사사무소,,김창식,0337460076,"강원특별자치도 원주시 양지로80 (반곡동) , 9층 802호",88.191,12580070
15,LHK0030,2,18380,***,24년 주거시설 정기안전검사 용역(동화천권역),용역,LHK,제2군단,202405131120,J1FC1,주식회사이솔구조건축사사무소,,박상열,0337478300,"강원특별자치도 원주시 양지로80 (반곡동), 9층 801호",88.083,25344584
14,LHK0029,2,18374,***,24년 주거시설 정기안전검사 용역(춘천권역),용역,LHK,제2군단,202405131120,BE142,부광종합건설 주식회사,bukwang,장병묵,0334820402,강원특별자치도 양구군 양구읍 비봉로64-7,88.089,14106580
14,LHK0031,1,18385,***,24년 주거시설 정기안전검사 용역(서화천권역),용역,LHK,제2군단,202405131120,JA121,주식회사 연이앤씨건축사사무소,,김창식,0337460076,"강원특별자치도 원주시 양지로80 (반곡동) , 9층 802호",88.191,12580070
15,LHK0030,1,18380,***,24년 주거시설 정기안전검사 용역(동화천권역),용역,LHK,제2군단,202405131120,J1FC1,주식회사이솔구조건축사사무소,,박상열,0337478300,"강원특별자치도 원주시 양지로80 (반곡동), 9층 801호",88.083,25344584
2,HCG0012,1,16760,***,'24년 국한문 혼용 공군 역사서 한글화 연구용역,용역,HCG,공군본부,202405131100,M15AC,해동청역사문화연구소,,이형걸,010-5671-9079,"서울특별시 구로구 경인로643 (신도림동, 신도림2차동아아파트) 203-602",93.963,32000000
24,LHM0047,1,18579,***,24년 폭염대비 장비 물자 구매,물품,LHM,제15보병사단,202405131100,K8751,주식회사 우성전력,,강선미,07073999250,"강원특별자치도 화천군 간동면 춘양로924 1층,103호",88.034,45206820
46,LFH0009,1,19101,***,24년 공기청정기 필터 구매,물품,LFH,육군부사관학교,202405131100,G6196,두영크린테크,dooyoung clean tech,윤영식,0325710538,인천광역시 동구 봉수대로96번길62-0 (송림동),88.156,38878210
11,LHM0048,1,18967,***,지통-2 사이버지식정보방 소모품 구매,물품,LHM,제15보병사단,202405131100,JBEFE,드림즈,,박미경,01046792856,"강원특별자치도 화천군 화천읍 옹기점길17-3, 103동 1401호(화천 건영 아모리움)",97.741,12877700
24,LHM0047,2,18579,***,24년 폭염대비 장비 물자 구매,물품,LHM,제15보병사단,202405131100,K8751,주식회사 우성전력,,강선미,07073999250,"강원특별자치도 화천군 간동면 춘양로924 1층,103호",88.034,45206820
16,SFC0055,1,18911,***,24-M-비궁 밑 SPIKE 해상사격표적기 제작 사업,물품,SFC,제9691부대,202405131100,M4627,미래테크,,안찬호,0315287660,"경기도 남양주시 순화궁로249, 5층 N514호(별내동, 별내역 파라곤스퀘어)",88.026,172362000
35,MCS0062,1,18545,***,"품안마을 노후 도배, 장판 설치 납품",물품,MCS,국방부계룡대근무지원단,202405131100,G4453,주식회사 씨에이파트너스,,박홍주,0415234858,"충청남도 천안시 서북구 불당22대로92, 605호(불당동)",83.027,125069321
153,LGT0043,2,17684,***,24년 제초용역,용역,LGT,제2307부대,202405131030,E1964,주식회사 대원조경건설,"Besan Landscape Architecture Co., LTD",심재희,0332612358,강원특별자치도 춘천시 스무숲1길46-0 (석사동),88.068,161309250
9,HCL0037,1,19339,***,24-성무책마루 작은도서관 위탁운영,용역,HCL,공군사관학교,202405131030,EA4A4,문화서림,MunHwa book shop,이영미,0432303899,충청북도 청주시 흥덕구 강내면 태성탑연로250-0,88.693,19791210
2600,MDF0017,1,19198,***,24-2차 통신사 및 합참 전산운영품 구매,물품,MDF,국군지휘통신사령부,202405131030,F439F,융성테크,Yuengsungtech,안길선,07078150810,"서울특별시 성북구 솔샘로11길19,202 (정릉동)",88,42932370
2468,SDF0065,1,19121,***,혼합골재 구매,물품,SDF,제5738부대,202405131030,L1BCD,퀀텀,,손민규,01085327029,"경상북도 영양군 영양읍 군민회관길17, 1층",88,16351800
210,SDF0064,1,19122,***,후유화성 형광침투제 등 10종 구매,물품,SDF,제5738부대,202405131030,HAD98,이터널,Leeteoneol,이영배,07047405378,"경기도 양주시 옥정로200 (옥정동) 5층 506-51호 (옥정동, 시네마엠디프라자)",88,12929000
46,SDF0063,1,19116,***,컷팅 메트 등 83종 구매,물품,SDF,제5738부대,202405131030,G79B3,참조은,Cham,유진숙,055-544-0077,"경상남도 창원시 진해구 천자로37-0 (이동, 동아기업)",88.021,4159500
1213,SCN0082,1,19096,***,의무물자(메디폼 친수성 드레싱 5mm 등 87종)구매,물품,SCN,제7001부대,202405131030,J69B3,준희컴퍼니,,우선희,01087793439,"서울특별시 서대문구 독립문로14길74 (냉천동, 동부 센트레빌 아파트)101-901",88.008,18045670
82,LHR0029,1,19103,***,24~25년 프린터 임차용역,용역,LHR,육군 제37보병사단,202405131030,L2265,디오컴퍼니,,이지혜,07047111855,"충청북도 충주시 갱고개로114, 상가동 104-1호 (연수동)",88.032,67527670
19,LGD0007,1,19106,***,'24년 천장형 실내기 종합세척용역,용역,LGD,육군종합행정학교,202405131030,G168F,주식회사 청담이엔지,chungdahm,박연옥,0432872141,충청북도 청주시 서원구 수곡로89번길8-1 (수곡동),88.013,68559560
66,LKD0048,1,19111,***,24년 군 주거시설 정기안전점검 용역 계약,용역,LKD,제32보병사단,202405131030,C7296,(주)금석건설,GUM SECK,김동수,0428223580,대전광역시 유성구 갑동로25번길110 (갑동),88.028,49837000
253,LKH0012,1,19033,***,'24년 전투장구류 클린소독기 구매,물품,LKH,제6128부대,202405131030,L81FE,태정상사,,임춘기,01041214559,경상남도 창원시 의창구 차상로150번길10-0 (팔용동)229호,88.016,35275878
252,SCK0054,1,18798,***,랜테스터기 등 191종 구매,물품,SCK,해군교육사령부,202405131030,M7892,한청,,하영주,01058930114,경상남도 창원시 마산합포구 오동북9길9(오동동),88.001,13375075
145,LGN0004,1,18905,***,'24년 민간 제초용역,용역,LGN,제5925부대,202405131030,JBD54,주식회사 신우건설,,심현식,0334337315,강원특별자치도 홍천군 홍천읍 꽃뫼로1길38-0,88,27509560
43,MDJ0035,1,18816,***,의약품 320종 연간계약,물품,MDJ,국군대전병원,202405131030,CE6DA,주식회사동부약품,dongbu,이희구,0325013293,인천광역시 부평구 부흥북로117번길 12(주)동부약품,83.039,347364160
1294,MDJ0036,1,18815,***,장비운영소모품(병리장비(1) 연간계약,물품,MDJ,국군대전병원,202405131030,M6FA6,주식회사 디앤피,,정의인,07048661177,대구광역시 달성군 하빈면 하빈로77길39,87.995,130209181
1316,MDJ0037,1,18814,***,장비운영소모품 병리장비(2) 연간계약,물품,MDJ,국군대전병원,202405131030,LB66D,성공물산,,홍인남,0414170282,충청남도 천안시 서북구 두정중3길43-1 (두정동),87.995,98605861
1489,MDJ0038,1,18813,***,장비운영소모품 병리장비(3) 연간계약,물품,MDJ,국군대전병원,202405131030,M6969,에이티아이,,안태일,010-4895-3935,"인천광역시 부평구 세월천로101, 703호(청천동, 그랜드뷰)",87.996,97946692
249,MDJ0039,1,18812,***,장비운영소모품(수술장비) 연간계약,물품,MDJ,국군대전병원,202405131030,L68AF,삼일앨엔에스,,손용익,01024502789,"경기도 안양시 동안구 관악대로249번길11, 2층 201호 (비산동)",87.999,109527876
558,MDJ0040,1,18811,***,"의료기재(일반,수술재료) 연간계약",물품,MDJ,국군대전병원,202405131030,KE964,윤희무역,,강준길,01095690909,"경기도 고양시 일산동구 탄중로398, 805동 302호(중산동, 중산마을8단지아파트)",87.995,92439240
1473,MDJ0041,1,18810,***,24년 의료기재(치과재료) 연간계약,물품,MDJ,국군대전병원,202405131030,K8299,제이투상사,,김경미,01089912199,"경기도 남양주시 다산중앙로82번길12 (다산동, 다산자연앤e편한세상3차)5309-1903호",87.996,127280000
20,EBB0129,1,5093,***,"부품키트, 소화기용",물품,EBB,지상공통전력운영계약팀,202405101500,L0FB5,에스엔더블유테크,,명노헌,0517141295,부산광역시 강서구 가리새2로13번길14-0 (생곡동),87.996,23721960
10,EBH0002,1,8E070,***,24년 부력방탄복,물품,EBH,해상공중전력운영계약팀,202405101430,F5C38,주식회사 케이씨아이,"KCI co.,ltd",장동수,0319340266,경기도 파주시 탄현면 방촌로879번길42-3,85.999,159034620
25,EBB0128,1,6470,***,터미날(축전지용),물품,EBB,지상공통전력운영계약팀,202405101300,MA9F2,다올,,문성학,055-336-5710,경상남도 김해시 대동면 대동로417번길41-0,88.036,52244284
4,LDH0454,1,18616,***,K9자주포 장력장치 구매,물품,LDH,육군종합정비창,202405101300,L0FB5,에스엔더블유테크,,명노헌,0517141295,부산광역시 강서구 가리새2로13번길14-0 (생곡동),88.655,13691220
3,LDH0453,1,18610,***,"K21 밸브,선형 방향제어용 등 6종",물품,LDH,육군종합정비창,202405101300,G989D,금성특수산업,GoldStar Special Lnd,김진봉,051-313-8822,부산광역시 사상구 광장로34 금성특수산업,97.14,83427000
17,EBB0149,1,2F490,***,"'24년 장비커버류(기동, 총포, 통신)",물품,EBB,지상공통전력운영계약팀,202405101100,1095F,주식회사 대창그랜드,"DAECHANG GRAND CO.,LTD.",정지훈,027957975,경기도 안양시 동안구 시민대로109번길 24-2(호계동),88.631,4714358350
14,MCN0018,1,18068,***,전통악대 모듬북 의상 제조 구매,물품,MCN,국방부근무지원단,202405101100,GD9B9,주식회사 하이디,"HEIDI Co.,Ltd",김건수,0216449624,경기도 파주시 법원읍 파주로2550-0,88.049,19289961
33,LPM0013,1,18788,***,24년 위험물취급자 안전장구세트 구매,물품,LPM,제9보병사단사령부,202405101100,FD1AF,주식회사 메디시온,MEDICION,김경호,03180761190,경기도 고양시 덕양구 삼막1길3(오금동),88.14,2619540
4,HCC0038,2,17751,***,`24-동 00창 화장실 청소 용역,용역,HCC,해군제1수리창,202405101100,K68D5,덕진종합용역,,이덕진,0335350246,강원특별자치도 동해시 발한로121-1(발한동),89.222,9356300
4,HCC0038,1,17751,***,`24-동 00창 화장실 청소 용역,용역,HCC,해군제1수리창,202405101100,K68D5,덕진종합용역,,이덕진,0335350246,강원특별자치도 동해시 발한로121-1(발한동),89.222,9356300
12,HDF0045,1,18022,***,24년 건축시설물 정기안전점검용역,용역,HDF,공군 제8전투비행단,202405101100,J1FC1,주식회사이솔구조건축사사무소,,박상열,0337478300,"강원특별자치도 원주시 양지로80 (반곡동), 9층 801호",88.129,24670182
2,UMM0555,1,18801,***,(246047-B) 155밀리 8호 추진장약포 제조,물품,UMM,국군재정관리단,202405101100,H3747,주식회사자연,"Jayeon Co.,Ltd.",이관섭,0317648878,경기도 광주시 도척면 다람로36번길45-13,87.515,502865000
1239,UMM0550,1,17602,***,(24F173-A) 제초용역,용역,UMM,국군재정관리단,202405101100,LBC5A,주식회사 사계절조경,,김영숙,0438557083,충청북도 충주시 연원1길27-0 (연수동),87.995,90964588
131,UMM0549,1,17230,***,(246186-E) 육군표창장 표지 제조납품,물품,UMM,국군재정관리단,202405101100,G0DF8,주식회사 한일기획,HanilAD Corporation Limited.,황명순,0438442005,충청북도 충주시 목행초길7-0 (목행동)  2층,88.01,288691210
3,UMM0510,2,12621,***,(247117-D) 의약품(마약류) 13품목 구매,물품,UMM,국군재정관리단,202405101100,K0F3F,주식회사 한서팜,,김수현,0317053342,"경기도 성남시 분당구 매화로48번길8-1, 102호 (야탑동)",97.669,52200000
17,MCR0036,1,15847,***,얼음 정수기 임차 용역,용역,MCR,국방대학교,202405101100,K1C98,주식회사 케이앤제이,,박광희,01059144769,"충청남도 계룡시 장안로39, 303호 (금암동)",87.762,39759490
101,LGI0031,1,18838,***,'24년 ASP방화지대 구축용역,용역,LGI,제3군수지원여단,202405101100,E3EB5,유한회사 남강산림개발,,변준호,0636262010,"전북특별자치도 남원시 광한북로 94-7(동충동, 남원산림조합 3층)",88,75733500
303,LFC0039,1,18781,***,24년 WHY캠페인식 정신전력 교육물품 구매,물품,LFC,육군훈련소,202405101100,JB8F4,주식회사 헤움,,박근호,07047723010,"충청남도 천안시 동남구 문암1길68 (안서동, 안서 금호 어울림)1층111호(A19)",87.996,125808800
2,EPA0007,1,7410,***,운고측정장비,물품,EPA,항공기총괄계약팀,202405101100,IA5D4,주식회사 웨덱스,"Weathex Co., Ltd.",양승구,07040126775,"경기도 의왕시 오봉산단3로25-0, 4층 제1동 410호 (삼동, 의왕테크노파크더리브비즈원)",97.763,188233500
3,EBB0147,1,A1051,***,"24년 (F-5) 키,브레이크 디스크 드라이브",물품,EBB,지상공통전력운영계약팀,202405101100,EABF3,우창기계 주식회사,Woo Chang Machinery Co. Ltd,김운태,0552528997,경상남도 창원시 성산구 공단로324-21 (웅남동),85.113,26400000
8,EBB0154,1,7110,***,장갑차 부품(힌지 등),물품,EBB,지상공통전력운영계약팀,202405101100,H25F1,지비아이 코리아 (GBI KOREA),GBI KOREA,박동철,0517845997,"부산광역시 해운대구 센텀중앙로97-0 (재송동), 센텀스카이비즈 606호",88.135,40471817
104,DSS0017,1,17099,***,IP 전화기 구매,물품,DSS,국군제1068부대,202405101030,F1D2B,주식회사 동우이앤지,"CO.,LTD Dong woo eng",김찬제,0319059994,경기도 고양시 일산동구 일산로78-0 (백석동) 백석위브센티움 503호,88.006,40867000
2,LHG0023,1,18739,***,간부숙소 신축 관급자재(보일러) 제조 납품,물품,LHG,제1862부대,202405101030,G0162,대영철물(경동나비엔),eodud,전현석,0334618988,강원특별자치도 인제군 인제읍 인제로209번길3-0,88.961,86285290
128,LKF0026,1,18800,***,24년 00부대 취사장 후드 및 덕트 청소용역,용역,LKF,제6755부대,202405101030,FFC97,대운건설 주식회사,Daeleim Construction,김영주,0548573773,경상북도 안동시 서동문로87-3 (금곡동),88,42916400
2,LGT0044,1,18774,***,항공관제용 UHF/VHF 무전기 외주정비 용역(24-GS-15),용역,LGT,제2307부대,202405101030,G6E56,주식회사 씨엔테크,CNTech,김훈석,07077208157,"경기도 김포시 양촌읍 황금로117, 이젠테크노존 가동 411호",89.348,14500000
143,MFH0005,1,18711,***,지문인식기 구매,물품,MFH,국방시설본부,202405101030,M56C9,봉이컴퍼니,,나보배,07076024206,서울특별시 강서구 공항대로36가길31-0 (내발산동) 501호,88.129,18625590
375,LAZ0004,1,18738,***,24-제초관리용역,용역,LAZ,드론작전사령부,202405101030,LBB1A,주식회사 늘푸른원,,이효진,0314119115,"경기도 안산시 상록구 삼리로45, 에이동 231호(사동, 안산의류상설할인매장)",88,27105759
26,SCK0053,1,18731,***,교육용 AED 등 2종 구매,물품,SCK,해군교육사령부,202405101030,K0CAA,효성메디,,이은상,070-8098-8719,경기도 고양시 일산동구 중산로252-0 (중산동) 606호,88.061,3673200
57,MFH0006,1,18763,***,사용자 만족도 조사용역,용역,MFH,국방시설본부,202405101030,J42E1,사단법인 한국혁신연구원,,위현복,054-810-7044,"경상북도 김천시 혁신1로58, 김천코아루파크드림시티 상가 206호(율곡동)",88.073,26171000
1,SFC0042,1,16642,***,해병대 무인항공기 효율적 운용방안 연구,용역,SFC,제9691부대,202405101030,CB4AB,한성대학교 산학협력단,hansung industry-university cooperation foundation,이정훈,027604218,서울특별시 성북구 삼선교로16길116-0 (삼선동2가),79.439,19822000
52,LMR0028,1,18597,***,항공전술훈련 시뮬레이터 유지보수 용역,용역,LMR,제5군단사령부,202405101030,B8DAD,주식회사 네비웍스,Naviworks,원준희,0316872000,"경기도 안양시 동안구 부림로170번길41-18(관양동, (주)네비웍스사옥)",92.878,138000000
15,LNH0006,1,18755,***,'24-1차 축성도구 구매,물품,LNH,육군제7163부대,202405101000,JEBE3,조이스툴,,이나은,0222784433,"서울특별시 서대문구 포방터2길24, 201호(홍은동)",88.174,2010500
1018,LNH0005,1,18736,***,'24-1차 국가기술자격검정 실습 재료 구매,물품,LNH,육군제7163부대,202405101000,LB92B,테크벤처스 주식회사,,주복기,01087143439,"서울특별시 용산구 원효로125-0, 제18층 제1803호(원효로3가)",88,25798680
7,EBB0146,1,4013E,***,K계열전차 포신 부품류(제조),물품,EBB,지상공통전력운영계약팀,202405091500,4498F,삼호정밀,SAMHO PRECISION,김일천,0519717226,부산광역시 강서구 평강로217-1 (대저1동),84.222,566700000
4,MHD0050,1,17749,***,방위사업 원가계산 외부용역(5차),용역,MHD,방위사업청(운영지원과),202405091500,ECFC0,태경회계법인,taekyung accounting corp,김상운,024998979,"서울특별시 강남구 테헤란로520, 2층(대치동, 삼안빌딩)",,207488000
165,LDI0002,1,18696,***,24년 제초관리 용역,용역,LDI,육군 1군 102기갑여단,202405091430,F41AC,주식회사 다온조경,Midam,이성미,0337668059,강원특별자치도 원주시 판부면 내남송길98-20  .1층102호,88.01,58287000
2,LCM0024,2,09741,***,'24년 기술연구용역(3),용역,LCM,육군교육사령부,202405091300,HA023,사단법인 미래안보산업전략연구원,IFSIS,박종재,0234522416,서울특별시 영등포구 영등포로35길10-0 (영등포동6가) 8층 809호,69.178,38000000
240,SCF0443,1,18528,***,"터프컷쏘날 등 1,013종",물품,SCF,해군군수사령부,202405091300,K8BB4,주식회사 대경코리아,,조민구,07078581122,경상남도 창원시 의창구 원이대로271 (봉곡동) 3층 314-C호,88.014,39956700
2,LDH0450,1,17525,***,"(일장) 장갑전투도자 스페이서,판형 등 19품목 구매",물품,LDH,육군종합정비창,202405091300,EB989,진광사,,최진욱,010-4410-2737,경상남도 김해시 진영읍 진영리1611-3 중흥s클래스 119-105,98.189,15700000
2,LDH0445,1,17519,***,(일장) 다목적굴착기 저장기조립체 등 9품목 구매,물품,LDH,육군종합정비창,202405091300,DC147,DGI산업,DGI.CO,백지윤,0519042500,"부산광역시 동래구 차밭골로21번길36, 1층 (온천동)",91.891,20260000
33,LDH0451,1,17416,***,(정비) 안전모 땀내피  구매,물품,LDH,육군종합정비창,202405091300,LF625,더퍼스트,,이점선,0313781228,"경기도 광명시 철산로57 (철산동, 주공아파트)1323동1502호",88.232,6668200
123,LHK0028,1,17716,***,24-6차 전산운영용품비 물품 구매,물품,LHK,제2군단,202405091110,J082A,중앙 피앤지(중앙 P&G),,김성수,01089195158,강원특별자치도 춘천시 낙원길40-0 (중앙로2가),88.005,54710700
2,EBB0145,1,0087,***,파노라마식 망원경,물품,EBB,지상공통전력운영계약팀,202405091100,F7886,(주)우경광학,"Woo Kyung optics co.,ltd.",류재복,0314955319,경기도 안산시 단원구 해봉로330번길 8,84.85,309650000
36,HCC0036,1,18062,***,알루미늄합금판 등 14품목(072),물품,HCC,해군제1수리창,202405091100,M3878,우리에이치제이,,안희준,01042637376,"강원특별자치도 동해시 일출로10, 3층 303호(발한동)",88.035,9096100
17,LHK0027,1,17695,***,두미르레스텔 2관 비품 구매,물품,LHK,제2군단,202405091100,IE541,더블유에프(WF)시스템,,김규례,01033722207,"강원특별자치도 춘천시 우석로79번길25-0 (석사동), 301호",88.038,9666960
53,MDR0018,2,15593,***,24년 부대비품(3차) 구매(TV받침대 등 5종),물품,MDR,제9965부대,202405091100,H93A3,주식회사 예닮,YEDARM,양두환,0337340459,강원특별자치도 원주시 소초면 장수2로196-4,88.004,25048000
36,HDL0013,1,18584,***,24년 고압용 수배전반 무정전 세척용역,용역,HDL,공군제16전투비행단,202405091100,I1B7E,주식회사 드림유니온,dreamunion,정보영,0536340227,"대구광역시 달서구 월배로115, 2층(진천동)",88.045,41893350
3,SFC0051,1,18548,***,24-덕-훈련장갈등관리 차량 임차 용역,용역,SFC,제9691부대,202405091100,G0EB7,주식회사 카일이삼제스퍼,Car123-Jasper Corp,송윤화,0215775123,서울특별시 서초구 명달로9 (방배동) 방배빌딩 6층,88.938,8333600
31,SFC0053,3,17500,***,공기청정기 필터류 제조 구매,물품,SFC,제9691부대,202405091100,C2CB1,주식회사 시대산업,"SIDAE INDUSTRY CO.,LTD",유정열,0313582600,경기도 화성시 팔탄면 석포로74번길10-49,88.055,25286152
31,SFC0053,2,17500,***,공기청정기 필터류 제조 구매,물품,SFC,제9691부대,202405091100,C2CB1,주식회사 시대산업,"SIDAE INDUSTRY CO.,LTD",유정열,0313582600,경기도 화성시 팔탄면 석포로74번길10-49,88.055,25286152
31,SFC0053,1,17500,***,공기청정기 필터류 제조 구매,물품,SFC,제9691부대,202405091100,C2CB1,주식회사 시대산업,"SIDAE INDUSTRY CO.,LTD",유정열,0313582600,경기도 화성시 팔탄면 석포로74번길10-49,88.055,25286152
498,UMM0538,1,16909,***,(24F160-A) 영내외 직할대 민간 제초용역,용역,UMM,국군재정관리단,202405091100,C138E,대신조경,daesinla,박영직,0313522336,"경기도 화성시 향남읍 배터길104-1,  2층",87.995,67700220
954,UMM0540,1,16371,***,(246206-C) 투광조명(트레일러형 작업등) 세트 구매,물품,UMM,국군재정관리단,202405091100,D269D,(주)디테코,"diteco co.,ltd",임해수,0318737075,"경기도 의정부시 범골로 128, 다다원빌딩2층(의정부동)",83.014,292614419
362,UMM0541,1,15303,***,(247153-D)deflate 2-layer 등 16종 구매,물품,UMM,국군재정관리단,202405091100,J8739,영도유통,,조혜연,01090144343,"경기도 안산시 단원구 다문화1길77, 5층 505호(원곡동)",82.998,218122050
5900,UMM0542,1,15290,***,(246175-D) 신앙상징물 4종 구매,물품,UMM,국군재정관리단,202405091100,F6122,프라임테크,prime tech,전진국,0313653006,"경기도 시흥시 마유로226, C동 503호 (정왕동, 파인힐 오피스텔)",87.995,50584620
12,UMM0459,2,15224,***,24-N-발전기 50KW 4EA 제조,물품,UMM,국군재정관리단,202405091100,C9276,케이피브이(주),KPV.Co.Ltd,이일형,0317690813,경기도 광주시 초월읍 산수로590-0,94.46,204248000
5825,UMM0526,1,05453,***,24-N-전기파리채 등 183종 구매,물품,UMM,국군재정관리단,202405091100,L3BF3,별하전력,,최호원,0319023500,경기도 고양시 일산동구 백석로72번길62-0 (백석동) 지1층,87.995,78921141
4,UAB0031,1,18458,***,'24년도 체력단련장/ 골프연습장 골프연습공 제조,물품,UAB,국군복지단,202405091100,JC7FF,평산RT,,김대연,0553258803,경상남도 김해시 김해대로2635번길11-28 (안동),88.474,214097796
31,SFC0053,4,17500,***,공기청정기 필터류 제조 구매,물품,SFC,제9691부대,202405091100,C2CB1,주식회사 시대산업,"SIDAE INDUSTRY CO.,LTD",유정열,0313582600,경기도 화성시 팔탄면 석포로74번길10-49,88.055,25286152
6,MDG0139,1,18836,001,LPG(전남) 구매,물품,MDG,국군의무사령부,202405091100,CF3CA,주식회사영진에너지,youngjin,조진영,0613521944,전라남도 영광군 영광읍 천년로8길1,83.856,1251.58
98,LKD0044,1,18608,***,24년 프린터 임차 용역,용역,LKD,제32보병사단,202405091100,M7683,주식회사 와이에스제이,,유수정,01063279887,"대전광역시 중구 동서대로1218, 7층 702호(태평동)",87.756,108401483
21,LHG0021,2,18589,001,'24년 부대조달 후식(생수) 구매,물품,LHG,제1862부대,202405091100,H2CA6,서울우유 춘천대리점,seoulmilkchonchun,최승혁,033-262-3869,"강원특별자치도 춘천시 남춘로5번길9-6, 101호 (퇴계동)",88.074,263.51
22,EBB0148,1,9101,***,"장갑차 부품류(어댑터, 클램프 등)",물품,EBB,지상공통전력운영계약팀,202405091100,L16AC,환호테크,,서선희,0513283412,부산광역시 사상구 가야대로103번길10(감전동),88.039,36200000
1917,LMR0027,1,18324,***,24년 안전물자 세트 구매,물품,LMR,제5군단사령부,202405091030,JB6A1,늘푸른고기마을,,최길순,0335748295,강원특별자치도 삼척시 청석로3길19 (교동),82.995,211035229
159,LHR0028,1,18641,***,24년 예비군훈련대 제초 용역,용역,LHR,육군 제37보병사단,202405091030,DD865,(주)소야조경개발,soya,김태호,0432381422,충청북도 청주시 흥덕구 청주역로 371(정봉동),88.187,20407000
55,SCR0056,2,18490,***,프린터 잉크 등 125종 구매,물품,SCR,해군제3함대사령부,202405091030,JF2C4,혜안,,경도현,01053950336,전라남도 목포시 산정로109번길16(산정동),88.01,32277736
5,LHG0022,1,18674,***,'24년 부대비품(냉난방기) 구매,물품,LHG,제1862부대,202405091030,J1474,세연공인중개사사무소,,권혁태,033-462-5634,강원특별자치도 인제군 북면 금강로40-0,88.15,21586250
24,SDG0020,1,18582,***,24-인-세탁기 분해청소 용역,용역,SDG,제2002부대,202405091030,CE308,고은상사,goeun,김진웅,0318641519,경기도 동두천시 평화로2349번길8-9 (생연동),94.011,6013000
113,LQP0028,1,18418,***,24년 2분기 전산운영용품 구매,물품,LQP,제1891부대,202405091030,KB57E,티엔코리아(T&코리아),,김윤진,010-2113-5390,"강원특별자치도 원주시 지정면 보통로278 ,가동 1층 1호",88.015,31110000
4,LGI0030,1,18218,***,24-1차 진지공사용 폐타이어 수송용역,용역,LGI,제3군수지원여단,202405091030,F1F3F,주영EMT,JU YOUNG EMT,성인모,031-531-7946,경기도 포천시 군내면 반월산성로432-0,88.429,41182900
292,SCP0051,1,18595,***,"자석 화이트보드 등 1,383종 구매",물품,SCP,제8385부대,202405091030,K6FE6,주식회사 제이코퍼레이션,,진연우,0337321132,강원특별자치도 원주시 번재길165-15 (봉산동),88.007,54372740
11,SDG0021,1,18594,***,복사용지등 3종 구매,물품,SDG,제2002부대,202405091030,LEF5C,JSELL 제이가전특판,,윤창득,01024682774,인천광역시 남동구 복개동로38번길45 (만수동) 다동 5층 2호,88.038,7286131
220,SCH0070,1,18569,***,물자적재함 등 4종,물품,SCH,해군작전사령부,202405091030,GC76B,백야테크,BaekyaTedh,권경자,07078180818,경상남도 창원시 의창구 명서로77번길22-9 (명서동),88.021,31714290
11,SCH0068,1,18566,***,공기청정기필터 등 4종,물품,SCH,해군작전사령부,202405091030,JFEF6,(주)뉴라이즌,"NEWRIZON Co.,Ltd",이승욱,01072703617,부산광역시 수영구 수영로693 (수영동) BNK수영타워 12층,88.116,63290000
44,SCH0067,1,18565,***,"방폭담요, 방탄방패 등 13종",물품,SCH,해군작전사령부,202405091030,F3E58,신동하이텍,shindonghitec,이동열,055-251-0253,경상남도 창원시 마산회원구 봉암공단2길22-5 (봉암동),88.01,77340340
43,SCH0066,1,18564,***,침낭 등 5종,물품,SCH,해군작전사령부,202405091030,L4F7D,에테르노,,성은경,07086481939,"경상남도 창원시 성산구 용지로94-0, 지층 109호 (중앙동)",88.92,35640436
211,SCL0029,1,18491,***,2차통합구매 (수정테이프 등 110종) 구매,물품,SCL,해군사관학교,202405091030,M952F,동하상사,,정하나,01054649948,"경상남도 창원시 마산회원구 3·15대로732,4층 4193호 (합성동, 남산빌딩)",88,14204860
49,SCI0048,1,18226,***,미그 용접와이어 등 11종 구매,물품,SCI,제9121부대,202405091030,LB7E2,일등상사,,서진수,010-6417-8010,"경상남도 창원시 진해구 진해대로727 (석동, 진해 석동 푸르지오) 106-105",88.039,4221000
26,LHN0038,1,18482,***,24년 물탱크 청소 용역,용역,LHN,제7보병사단,202405091030,KB010,주식회사 클라우스,,권재왕,01089012217,"강원특별자치도 정선군 정선읍 애산로171, 1동 2층 203호",88.459,20030000
283,SCL0028,1,18404,***,2차통합구매 (코니아앨범 등 545종 구매),물품,SCL,해군사관학교,202405091030,G79B3,참조은,Cham,유진숙,055-544-0077,"경상남도 창원시 진해구 천자로37-0 (이동, 동아기업)",88.002,55629000
42,LKM0026,1,18391,***,예비군훈련장 공기청정기 필터 제조구매,물품,LKM,제2632부대,202405091030,I772A,주식회사천태이엔지,CHUNTAE ENG,김은애,0315750792,경기도 남양주시 진접읍 팔야로57-0,88.106,11050300
2,SFN0040,1,18232,***,고압가스(헬륨) 저장용기 점검 및 충전 용역,용역,SFN,연평부대,202405091030,B755D,엠에스인천가스(주),MSINCHEON GAS CO.,김동주,0325817001,인천광역시 동구 방축로9번길 40(송현동),95.214,52506685
204,LGD0006,1,18470,***,'24년 2분기 교육물품 구매,물품,LGD,육군종합행정학교,202405091030,L1C75,GS25하복대타운,,안평화,01039293863,충청북도 청주시 흥덕구 짐대로36-0 (복대동) 1층,88.052,20551035
55,SCR0056,1,18490,***,프린터 잉크 등 125종 구매,물품,SCR,해군제3함대사령부,202405091030,JF2C4,혜안,,경도현,01053950336,전라남도 목포시 산정로109번길16(산정동),88.01,32277736
11,LMU0022,1,18432,001,24-009 '24년 경기지역 LPG 구매,물품,LMU,제7군수지원단,202405091030,BE6C2,(주) 한국가스산업,KOREA GAS INDURSTRY,김동근,0318775643,경기도 양주시 광적면 부흥로133,83.003,1426
21,LHG0021,1,18589,001,'24년 부대조달 후식(생수) 구매,물품,LHG,제1862부대,202405091030,H2CA6,서울우유 춘천대리점,seoulmilkchonchun,최승혁,033-262-3869,"강원특별자치도 춘천시 남춘로5번길9-6, 101호 (퇴계동)",88.074,263.51
1473,SFG0051,1,18120,***,안전장갑 등 598품목 구매,물품,SFG,제9181부대,202405091030,H5C3C,유진시스템,YUJIN TRADING COMPANY,김인호,01089506267,"경기도 화성시 융건로182, 1층(배양동)",87.995,28498870
2184,LQG0041,1,18732,***,(육성) 00부대 클린소독기 구매 납품,물품,LQG,육군 52보병사단,202405091030,LC213,로이프,,이수민,01026721476,"서울특별시 용산구 이촌로347, 14동 306호(서빙고동, 신동아아파트)",87.996,16479210
11,LMU0022,2,18432,001,24-009 '24년 경기지역 LPG 구매,물품,LMU,제7군수지원단,202405091030,BE6C2,(주) 한국가스산업,KOREA GAS INDURSTRY,김동근,0318775643,경기도 양주시 광적면 부흥로133,83.003,1426
3,EBB0139,1,1120H,***,K10 탄약운반차량 수리부속 등,물품,EBB,지상공통전력운영계약팀,202405081500,2781F,(주)경도,"Kyung Do Co ., Ltd",조영,0553757001,경상남도 양산시 상북면 홍룡로42,84.279,46621000
2,MHD0031,2,10764,***,군용총포등 안전보건경영시스템 컨설팅 지원사업,용역,MHD,방위사업청(운영지원과),202405081500,J8526,한국품질기술원 주식회사,,문형우,0552379877,"경상남도 창원시 의창구 평산로23-0, 5층 501호(팔용동,신화테크노밸리)",,89566400
9,EBB0143,1,3032,***,81mm 박격포 부품류,물품,EBB,지상공통전력운영계약팀,202405081500,EABF3,우창기계 주식회사,Woo Chang Machinery Co. Ltd,김운태,0552528997,경상남도 창원시 성산구 공단로324-21 (웅남동),85.121,347960000
5,LKG0044,1,18600,***,19해감대대 소방시설 교체(설치납품),물품,LKG,육군제53보병사단,202405081330,IF4EE,진화이엔씨 주식회사,,김기현,0522657026,"울산광역시 남구 신남로94, 3층(신정동)",88.383,5717702
11,LDH0438,1,17568,***,"K200 기어,스퍼형 1종 구매",물품,LDH,육군종합정비창,202405081300,L182F,우진테크,,김우진,0553392541,경상남도 김해시 분성로557번길60-7 (어방동),88.108,11703200
22,EBBE021,1,0180A,***,"볼트,기계용",물품,EBB,지상공통전력운영계약팀,202405081300,L1010,제이엠테크,,곽미숙,0557811162,"경상남도 양산시 학동길52, 1층층(어곡동, 제이엠테크)",88.005,42297000
184,LCF0144,1,14590,***,"시일,밀봉형 등 79항목 구매(일장-001)",물품,LCF,육군군수사령부,202405081130,DC147,DGI산업,DGI.CO,백지윤,0519042500,"부산광역시 동래구 차밭골로21번길36, 1층 (온천동)",89.522,65790000
3223,LCP0033,1,18148,***,'24년 전장관리체계 운용용품 구매,물품,LCP,육군항공사령부,202405081130,LFF9B,씨디시스템,,채덕기,01099103106,서울특별시 은평구 갈현로3길39 (신사동),88,12042727
320,LCP0036,1,18183,***,'24년 제초관리 용역(남부권),용역,LCP,육군항공사령부,202405081130,HE6F7,주식회사 다림디자인조경,dalimdesign,이시영,0415330027,"충청남도 아산시 청운로41, 1층(온천동)",87.745,53953362
630,LCP0034,1,18169,***,'24년 제초관리 용역(중부권),용역,LCP,육군항공사령부,202405081130,E673D,그린산업 주식회사,Greensanup,정규덕,0333732281,"강원특별자치도 영월군 영월읍 하송로35, 2층",87.745,126231762
6,LCF0151,1,14877,***,"쐐기,궤도슈우용 등 2항목 제조(궤도-004)",물품,LCF,육군군수사령부,202405081130,J80BB,주식회사 신창엠텍,,김홍규,0535826961,대구광역시 달서구 성서공단북로4길8-0 (파호동),88.05,200566500
2,EBB0161,1,1287,***,자주포 동력장치 부품류,물품,EBB,지상공통전력운영계약팀,202405081105,2157F,평화정밀,PYEONG HWA PRECISION Co.,조현배,051-941-8491,부산광역시 강서구 미음산단3로120-0 (미음동),90.235,4144000000
7,EBB0142,1,3030,***,60mm 박격포 부품류,물품,EBB,지상공통전력운영계약팀,202405081100,K2645,(주)경원R&D,,김옥숙,0513044211,부산광역시 사상구 낙동대로1292번길9-0 (삼락동),86.706,390798000
347,LKD0042,1,18326,***,24년 제초관리용역(505여단),용역,LKD,제32보병사단,202405081100,I154C,(주)동아조경,donga landscape,노정숙,0414307990,충청남도 당진시 순성면 대광길19,88.004,58685818
54,LMP0022,1,18315,***,24년 축성도구 구매,물품,LMP,제3보병사단,202405081100,K37F8,주식회사 한마음플러스,,이희준,0315419630,"경기도 포천시 소흘읍 광릉수목원로836번길4-13, 1층",88.52,9069033
2,SFC0049,1,18272,***,24-덕-드론스테이션 장비 임차,용역,SFC,제9691부대,202405081100,IAE87,주식회사 아르고스다인,"Argosdyne Co., Ltd",정승호,07051021388,"경기도 용인시 기흥구 기흥로58-1, 제에이동 1306호(구갈동)",97.823,53000000
2,LCZ0011,1,18138,***,24년 5월 5112동원보충대대 버스임차,용역,LCZ,동원전력사령부,202405081100,A8479,(주)세일여행사,SEIL TOUR,김중수,027391261,"서울특별시 종로구 삼일대로 4698층 (경운동, 서원빌딩)",88.018,19100000
24,LHQ0027,1,18038,***,[21항공단] 24년 제초관리 용역(영천기지),용역,LHQ,제2작전사령부,202405081100,M86A0,주식회사 해림조경,,남희정,0543371334,경상북도 영천시 임고면 평천신촌길86,88.181,27438132
23,EBBE020,1,0821,***,"와셔,평면형",물품,EBB,지상공통전력운영계약팀,202405081100,L16AC,환호테크,,서선희,0513283412,부산광역시 사상구 가야대로103번길10(감전동),88.008,22852700
215,LKD0041,1,18325,***,24년 제초관리용역(98여단),용역,LKD,제32보병사단,202405081100,CFA6C,주식회사 생명나무조경,Chung-Hae Landscape Architecture,류승찬,0413529136,충청남도 당진시 합덕읍 면천로1577-0,88.012,35571000
205,LKD0036,1,18223,***,24년 제초관리 용역(97여단),용역,LKD,제32보병사단,202405081100,AC7DC,서원건설(주),"seowon Co., Ltd",홍애라,0416639981,충청남도 서산시 남원3길4-0 (석남동) 2층,88.013,33798000
286,LKG0041,1,18063,***,'24-2차 전산운영용품 구매,물품,LKG,육군제53보병사단,202405081100,LDBF3,에스쓰리팸,,최종철,01025747222,"부산광역시 해운대구 달맞이길117번나길133-19, A동 101호(중동, 화영하이츠)",88.012,14284342
76,UMM0546,1,18535,***,24-N-근조화환 지원 용역,용역,UMM,국군재정관리단,202405081100,M2787,글로벌유통,,장정화,062-385-3252,"광주광역시 서구 금화로115번길9, 203동 103호(금호동, 한국아파트)",87.749,47501590
11,UMM0532,1,17887,***,24-N-공병업무지원용 드론 제조,물품,UMM,국군재정관리단,202405081100,F3AA9,주식회사 한컴인스페이스,"HANCOM inSPACE Co., Ltd.",최명진,0428622735,"대전광역시 유성구 엑스포로1, 12층(도룡동, 사이언스센터)",83.06,243110000
45,UMM0533,1,16690,***,24-N-0전단 예초관리 용역,용역,UMM,국군재정관리단,202405081100,J64D6,나무야조경주식회사,,이춘미,0647558485,"제주특별자치도 제주시 연사2길76 (오라이동, 평원 해모아빌) 101동 지하층",88.038,91342700
1395,UMM0535,1,16622,***,(24F150-B) 군단 직할부대 제초용역,용역,UMM,국군재정관리단,202405081100,FBE1C,세림조경디자인 주식회사,SELIM LANDSCAPE ARCHITECTURE DESIGN,지완석,0328915501,"인천광역시 미추홀구 독정이로9번길56-0 (용현동), 1층 104호",87.995,148966580
4,UMM0489,2,15780,***,(24F040-I) 24년 식자재 민간위탁 배송용역(00급양대),용역,UMM,국군재정관리단,202405081100,CD7B4,용마로지스주식회사,yongmalogis,이종철,0232906433,"경기도 김포시 고촌읍 아라육로78, 2동",97.619,645315588
215,UMM0518,1,15441,***,24-F-00기지 활주로 제초용역,용역,UMM,국군재정관리단,202405081100,A1BD7,한서안전(주),hanseo security. LTD,서상섭,0547738560,경상북도 경주시 원화로501(용강동),88.002,138427800
1037,UMM0525,1,14818,***,24-N-재난텐트 구매,물품,UMM,국군재정관리단,202405081100,L81E4,커먼유니크,,한인아,01048468607,"경기도 이천시 마장면 중앙로56, 201동 401호(이천마장리젠시빌란트더웰)",88.006,143198108
190,UMM0534,1,14337,***,(24F135-B) 24년 ASP 방화지대 구축용역(북부권),용역,UMM,국군재정관리단,202405081100,M659F,주식회사 수산림조경,,조재성,061-833-0026,"전라남도 고흥군 고흥읍 흥양길52, 2층",88.004,127368500
5819,UMM0521,1,13910,***,24-D-냉난방기 구매,물품,UMM,국군재정관리단,202405081100,M99AF,민두웅,,김민주,01083071998,"대전광역시 중구 대종로593번길17, 201호(선화동, 마이빌)",87.995,76732579
51,UMM0529,1,13867,***,24-N-청수펌프 6㎥/HR 2EA 제조,물품,UMM,국군재정관리단,202405081100,J0267,미성엔지니어링,,김미솔,07042528388,경기도 김포시 양촌읍 황금3로7번길36-0,88.038,61630580
283,UMM0507,1,11559,***,24-N-00사령부 조경 및 제초 관리용역,용역,UMM,국군재정관리단,202405081100,BF421,동유주식회사,DONGYOO,명희정,0425811578,대전광역시 중구 유천로33번길22 (유천동),88.085,242947300
3,UMM0506,1,10704,***,"24~25-F-변환기,전력용,정지형 제조",물품,UMM,국군재정관리단,202405081100,1133F,이화전기공업 주식회사,EHWA TECHNOLOGIES INFORMATION CO.LTD,백성현,0234400204,"서울특별시 강남구 논현로 746, 석호빌딩(논현동)",87.582,593719254
21,UMM0531,1,08656,***,(247086-C) 보장구 70종 구매,물품,UMM,국군재정관리단,202405081100,FEA3C,홍익보조기,Hong Ik Brace,안세일,027937931,서울특별시 용산구 한강대로7길18-12. 1층 (한강로3가),83.133,577602000
2414,UMM0517,1,06537,***,24-F-전자감응식 헤드셋 2종구매(249059-F),물품,UMM,국군재정관리단,202405081100,K3CA6,더호두,,엄세미,01039763347,"인천광역시 서구 완정로34번길20 (마전동, 동아아파트)109동 702호",87.995,194665220
14,LPT0004,1,17984,***,여성필수시설 신축 컨테이너 제조설치납품,물품,LPT,제75보병사단,202405081100,J7955,주식회사 와이에스이앤디,,전영오,0319890538,경기도 김포시 통진읍 고정1로97,88.341,95126020
40,LKP0089,1,17212,***,24년 디지털 인쇄재료 구매,물품,LKP,5군수지원사령부,202405081100,M56B3,멍이컴퍼니,,나보배,07076024206,전라남도 목포시 마인계터로40번길4-0 (죽동) 179호,88.102,39986750
213,LKD0043,1,18328,***,24년 제초관리용역(사단 사령부 및 99여단),용역,LKD,제32보병사단,202405081100,B3DEB,주식회사 부흥조경,BUHEUNG,이환구,0415540080,충청남도 천안시 동남구 천안대로742-0 (신부동),88.019,134806000
14,LHM0045,1,17672,***,24년 음식물쓰레기 처리용역,용역,LHM,제15보병사단,202405081100,J472D,천성환경,,신정훈,0327155090,경기도 부천시 부일로326-0 (중동) 2층 1-(722)호,80.706,254896590
108,LFC0038,1,17734,***,24년 부대조달 콩나물(세척) 구매,물품,LFC,육군훈련소,202405081100,K85C7,디앤에이(DNA),,강수곤,0226727625,"서울특별시 구로구 경인로54길4(구로동, 공구상가일번지 에이동 H-201호)",87.995,127598715
26,LCF0139,1,17335,***,항법가방 등 2항목 제조(피복),물품,LCF,육군군수사령부,202405081100,FD1AF,주식회사 메디시온,MEDICION,김경호,03180761190,경기도 고양시 덕양구 삼막1길3(오금동),87.999,39413900
4215,LCF0158,1,17106,***,멸균거즈 등 4항목 구매(의무),물품,LCF,육군군수사령부,202405081100,LC2BD,케이크루,,강성중,03180761111,경기도 고양시 일산동구 호수로340-11 (백석동) 903호,87.995,55325416
1051,LCF0140,1,17065,***,"렌치 세트,소켓용 등 48항목(특무공구)",물품,LCF,육군군수사령부,202405081100,HF381,주식회사 드림팩토리,dreamfactory,고은희,0315274911,경기도 남양주시 오남읍 팔현로261-5,82.995,340951946
2508,LCF0160,1,16996,***,"패드, 복부용 등 6항목 구매(의무)",물품,LCF,육군군수사령부,202405081100,HCB11,사수상사,sasoo company,이성호,01038260088,"부산광역시 부산진구 신암로133, 105동 601호(범천동, e편한세상 서면 더센트럴)",87.995,43247955
2,LCF0163,1,12961,***,"축, 덮개용 등 24항목 생산능력제조(기장)",물품,LCF,육군군수사령부,202405081100,4498F,삼호정밀,SAMHO PRECISION,김일천,0519717226,부산광역시 강서구 평강로217-1 (대저1동),99.834,177000000
5401,LCF0141,1,07496,***,태극기도르래 등 3항목 구매(물자),물품,LCF,육군군수사령부,202405081100,L8D3E,동은이엔지,,이동기,0518068260,"부산광역시 부산진구 성지로51번길48-7, 301호(초읍동, 우성그린빌)",87.995,40781910
228,LCF0156,1,06314,***,조직분쇄기 등 8항목 구매(의무),물품,LCF,육군군수사령부,202405081100,L6DBA,유원케이,,김명선,01047694638,"서울특별시 영등포구 국제금융로8길19, 208호(여의도동, 중앙빌딩)",87.996,41180150
240,LCF0157,1,06258,***,원심분리기 등 4항목 구매(의무),물품,LCF,육군군수사령부,202405081100,H0DBE,한일사이언스,Hanil Science,유영재,0325053177,"인천광역시 동구 방축로37번길30 (송현동), 인천산업용품유통센터 8동 222호",97.741,46992000
297,LCF0142,1,04781,***,"어댑터, 소켓렌치용 등 45항목 구매(특무공구)",물품,LCF,육군군수사령부,202405081100,CEB63,스파클주식회사,sparkle,전동훈,0226811781,충청남도 천안시 동남구 성남면 대정1길 19-11스파클 주식회사,83.032,271387185
849,HDM0031,1,16267,***,[24-0069] 24-5차 일반소모성자재(GUC) 구매,물품,HDM,공군제17전투비행단,202405081100,G9170,(주)씨앤씨솔루션,C&C Solution,홍수정,0519412814,부산광역시 강서구 녹산산업중로62-6 (송정동),82.998,202987600
16,EBB0132,1,4235,***,2024 중형제독기 수리부속,물품,EBB,지상공통전력운영계약팀,202405081100,4517F,한성정공,,이승호,0512622258,부산광역시 사하구 다대로354번길 61(),88.677,132800000
9,EBB0136,1,4230,***,2024 KM11휴대용제독기 수리부속,물품,EBB,지상공통전력운영계약팀,202405081100,I104F,에프아이티에스 주식회사,FITS,오영석,0319853049,경기도 김포시 대곶면 대곶서로234번길78,88.224,201670400
3,EBB0134,1,4112,***,"방열기, 엔진냉각제용",물품,EBB,지상공통전력운영계약팀,202405081100,5388F,(주)한조,"hanjo co.,ltd.",김승재,0514147201,부산광역시 영도구 남항서로 20(남항동3가),84.957,917400000
2,EBB0155,1,6950,***,"구동장치부품류(제조,일반)",물품,EBB,지상공통전력운영계약팀,202405081035,2157F,평화정밀,PYEONG HWA PRECISION Co.,조현배,051-941-8491,부산광역시 강서구 미음산단3로120-0 (미음동),84.788,1123170000
2,EBB0113,1,1286,***,기동화력 부속유지용 부품류,물품,EBB,지상공통전력운영계약팀,202405081030,2157F,평화정밀,PYEONG HWA PRECISION Co.,조현배,051-941-8491,부산광역시 강서구 미음산단3로120-0 (미음동),84.491,1162923000
264,LHQ0026,1,18017,***,24-3차 전산운영용품 구매,물품,LHQ,제2작전사령부,202405081030,C0EDA,주식회사 청정지대,clean zone,배청한,0535260366,"대구광역시 서구 평리로35길18-17, 8동401호(중리동, 퀸스로드)",88.002,42084561
2,SCI0047,2,18215,***,24-00사 버스 임차 용역,용역,SCI,제9121부대,202405081030,C1EB0,주식회사 명신관광,myeongsin tour,안종주,0552385040,"경상남도 창원시 성산구 상남로37,비이 101호 (상남동 덕산베스트텔)",88.024,30660000
64,LHD0023,1,18274,***,"취사장 관리(후드,덕트,바닥청소 등) 용역(X033)",용역,LHD,제21보병사단,202405081030,K6F2E,태기실업,,김진태,0336434250,강원특별자치도 강릉시 경강로2028-0 (명주동),90.029,87039990
66,HCR0025,1,18258,***,시약탱크(24-065),물품,HCR,공군제15특수임무비행단,202405081030,JF0FB,태건,,최진영,01086529394,"경기도 남양주시 오남읍 진건오남로759번길70, 104동1202호(남양주 오남 푸르지오)",88.028,24519168
226,SCH0064,1,18256,***,커터칼 등 75종,물품,SCH,해군작전사령부,202405081030,LF871,루이네,,변정현,01065900341,부산광역시 부산진구 초읍천로61번가길15-0 (초읍동) 1층,88,14792515
424,SCH0063,1,18243,***,SSU교관모 등 5종 구매,물품,SCH,해군작전사령부,202405081030,C6C2C,주식회사 세양,"SEYANG CO., LTD.",이윤정,0552716555,"경상남도 창원시 마산합포구 교동1길 13-13(진동면, 주택)",88,28003580
3,SCK0050,1,17750,***,24-1차 군고반 현장학습 버스 임차용역,용역,SCK,해군교육사령부,202405081030,C1EB0,주식회사 명신관광,myeongsin tour,안종주,0552385040,"경상남도 창원시 성산구 상남로37,비이 101호 (상남동 덕산베스트텔)",89.064,679640
196,SFH0072,1,18309,***,24-B-LED스탠드 등 107품목 구매 납품,물품,SFH,제9196부대,202405081030,HD469,주식회사 스카우트라인,scoutline corp.,김미란,0322232072,"인천광역시 미추홀구 경원대로869, 1101호(주안동, 르네상스타워)",88.005,35560994
2,SCI0047,1,18215,***,24-00사 버스 임차 용역,용역,SCI,제9121부대,202405081030,C1EB0,주식회사 명신관광,myeongsin tour,안종주,0552385040,"경상남도 창원시 성산구 상남로37,비이 101호 (상남동 덕산베스트텔)",88.024,30660000
578,SFG0052,1,18500,***,체력단련기구 구매,물품,SFG,제9181부대,202405081030,L414D,제이엠(JM)정보통신,,문진미,01026900648,"인천광역시 서구 청라루비로106, 352동 404호(청라동, 청라하우스토리)",88.004,26581617
9,LGT0042,1,18016,***,'24년 야전지형분석재료 구매(24-GP-21),물품,LGT,제2307부대,202405081030,EB172,"춘천사랑종합유통,필립스A/S",chunchonsarang,황호석,033-257-9944,강원도 춘천시 후석로 275(),88.029,5281004
30,SFH0070,1,18301,***,24-B-이동식에어컨 등 5품목 구매 납품,물품,SFH,제9196부대,202405081030,M243B,피에스토,,박설,01080739712,"인천광역시 부평구 주부토로236, D동 12층 1215호(갈산동, 인천테크노밸리 U1센터)",88.002,20521450
3,SFN0041,1,18229,***,24-Y-지정폐기물 처리 용역,용역,SFN,연평부대,202405081030,GBE66,예담환경(주),YEDAM,허준,0328229068,"인천광역시 남동구 남동서로236번길40  813(논현동, 예성 아이라이프)",91.399,21211530
330,SCH0062,1,18242,***,전산운영용품(BW-100) 등 63종,물품,SCH,해군작전사령부,202405081030,M0932,다연테크,,홍다연,010-7207-3737,"부산광역시 부산진구 동평로218, 104동 8층 802호(부암동, 일동미라주 아파트)",88.006,26695000
22,SFG0048,1,18118,***,전자식 혈압계 등 3품목 구매,물품,SFG,제9181부대,202405081030,HCA68,(주)제이인터내셔날,J international,김도영,0553671171,경상남도 양산시 어실로446(어곡동),88.022,3610980
24,SFG0049,1,18119,***,24-K-작업환경측정 용역,용역,SFG,제9181부대,202405081030,J49FC,라움보건환경주식회사,,문문희,01023056570,경기도 화성시 봉담읍 삼천병마로982-0,88.025,11573000
77,SCR0049,1,18184,***,산불진화기계화시스템 1종 2점 구매,물품,SCR,해군제3함대사령부,202405081030,K0053,우성종합상사,,이동건,061-243-1722,전라남도 목포시 삼학로141 (산정동) 2층,88.019,15671159
107,LKF0019,1,18563,***,24년 00부대 예비군훈련장 방제용역,용역,LKF,제6755부대,202405081030,F7D6E,주식회사 다원산업,DAWON TS,황보정희,0542810026,경상북도 포항시 북구 삼호로8번길12 (덕산동) 다원빌 1층,87.781,49383560
755,SCF0415,1,12679,***,개스킷 등 15종 구매,물품,SCF,해군군수사령부,202405081030,M952B,오늘상사,,김재희,07047700655,"경기도 부천시 원미구 길주로234, 104동 3003호(중동, 힐스테이트중동)",87.996,140663210
1281,SCK0052,1,18495,***,혈구계산기(자동식) 1대 구매 설치,물품,SCK,해군교육사령부,202405081030,M667B,가람몰,,서정수,01023806524,"세종특별자치시  다정서로60 (다정동, 가온마을5단지) 503동 802호",87.996,46897600
25,SCF0436,1,18381,001,AIP산소 구매,물품,SCF,해군군수사령부,202405081030,I4A83,주식회사 평화산소,PYUNGHWA SANSO,이상관,0556330388,경상남도 거제시 연초면 연하해안로751-0,88.16,240
3,SCF0430,1,18041,001,24년 LPG 1종 구매,물품,SCF,해군군수사령부,202405081030,K7819,마산LPG충전소 동방도시가스,,이상효,0552516801,경상남도 창원시 마산회원구 팔용로113-0 (합성동),83.883,1025.12
115,SCF0440,1,17731,***,PC-3000 Express upgrade kit 1종,물품,SCF,해군군수사령부,202405081030,AC0FA,(주)명정보기술,Myung Information Technologies,이명재,0432188400,충청북도 청주시 청원구 오창읍 과학산업3로 168(),99.495,11900000
480,SCF0426,1,17283,***,"호스,비금속제 15종 구매",물품,SCF,해군군수사령부,202405081030,KC787,토탈marine,,허광주,055-551-4511,경상남도 창원시 마산회원구 회원동로42-1 (회원동),88.256,43999990
398,SCF0420,1,16505,***,(긴급) 회로카드 조립체 등 57종,물품,SCF,해군군수사령부,202405081030,ECF32,세종상사,,노정래,010-9384-8831,경상남도 창원시 진해구 여명로52 (여좌동),92.072,93581100
1378,SCF0421,1,16502,***,"(긴급) 밸브, 스톱-체크형 등 57종",물품,SCF,해군군수사령부,202405081030,J3DB3,자야,,최춘자,010-3882-8452,"경기도 고양시 덕양구 화신로233 (화정동, 옥빛마을) 1501동807호",87.995,76732000
566,SCF0422,1,16492,***,(긴급) 기어드라이브 윤활유펌프 등 10종,물품,SCF,해군군수사령부,202405081030,M1E67,일용상사,,권윤주,010-4611-6464,경상남도 창원시 의창구 북면 동곡로35-0 (창원무동휴먼빌아파트(2단지)) 205-804,88.312,53701952
550,SCF0419,1,16491,***,(긴급) 시일홀더 가스켓 등 98종,물품,SCF,해군군수사령부,202405081030,L4EEC,주식회사 경원전자,,박경호,01023985211,"경기도 화성시 동탄지성로42-0 (반송동, 동탄시범한빛마을동탄아이파크)225동 1103호",87.996,29432376
577,SCF0433,1,15542,***,조끼 및 두건 46EA 구매,물품,SCF,해군군수사령부,202405081030,H4716,해오름유통,haohrum dis.,강유선,01089016456,"대구광역시 남구 대봉로30길12, 103동 1503호(이천동, 대봉교역 금호어울림 에듀리버)",87.999,6408889
912,SCF0431,1,15367,***,수분검사기 구매,물품,SCF,해군군수사령부,202405081030,KA1ED,디에이치시스템 주식회사,,황갑용,07078360027,경상북도 경주시 동방북6길1 (동방동),88.243,40344130
396,SCF0424,1,14820,***,오-링 등 12종 구매,물품,SCF,해군군수사령부,202405081030,I52B6,티케이(T.K)테크,T.K TECH,김재욱,051-303-5134,부산광역시 강서구 대저로3번길52-15 (대저1동),88.065,10580510
1020,SCF0425,1,14179,***,압력펌프시험기 1EA 구매,물품,SCF,해군군수사령부,202405081030,K3D6D,구르미,,이현아,01077595210,"서울특별시 강북구 오현로45 (미아동, 꿈의숲 해링턴 플레이스)106-303",87.996,12314300
176,SCF0417,1,14095,***,건조오븐 구매,물품,SCF,해군군수사령부,202405081030,JEBE3,조이스툴,,이나은,0222784433,"서울특별시 서대문구 포방터2길24, 201호(홍은동)",88.01,4163800
254,SCF0418,1,14092,***,공기압축기 구매,물품,SCF,해군군수사령부,202405081030,I28D5,희경,heekyung,김희경,01052219107,"대구광역시 달서구 조암남로116, 102동 1101호(대천동, 이안 월배)",87.996,7616000
5622,SCF0434,1,13203,***,"전지,축전식 등 2품목 구매",물품,SCF,해군군수사령부,202405081030,M032E,아우파파,,조세환,01067536500,충청남도 천안시 서북구 월봉로15-0 (쌍용동)104동104호,87.995,50677036
755,SCF0415,2,12679,***,개스킷 등 15종 구매,물품,SCF,해군군수사령부,202405081030,M952B,오늘상사,,김재희,07047700655,"경기도 부천시 원미구 길주로234, 104동 3003호(중동, 힐스테이트중동)",87.996,140663210
15,SCF0435,1,12487,***,"제주 잠수함 훈련장비(저주파, 대함) 유지보수 용역",용역,SCF,해군군수사령부,202405081030,I697A,MRO Tech(엠알오텍),MRO Tech,안기수,01036814180,"대구광역시 북구 영송로15, 2층 6210호 (태전동, 대구보건대학교 복지관)",87.749,66830000
2,SCF0442,1,10874,***,'24~'26년 함정용 위성방송 수신안테나 유지보수 용역,용역,SCF,해군군수사령부,202405081030,C4BAB,한양무선통신,HanYang radio communication,최영복,0552551400,경상남도 창원시 의창구 팔용로 399(),87.272,284839000
433,SCF0427,1,10721,***,베어링 등 44종 구매,물품,SCF,해군군수사령부,202405081030,IB89D,대성물류,Daesung,김성대,070-8801-5709,"경기도 평택시 중앙2로13-0 (평택동, 센텀스카이빌딩)",94.862,116160000
759,SCF0293,2,10683,***,"안면보호구,공장직공용 등 8종 구매",물품,SCF,해군군수사령부,202405081030,HB4C2,주식회사 성우,"SUNGWOO CO., LTD.",김은화,0519873828,부산광역시 강서구 신호산단3로88번길68 (신호동),89.626,27068370
413,SCF0411,1,10553,***,"연결봉,피스톤용 등 21종 구매",물품,SCF,해군군수사령부,202405081030,M1E67,일용상사,,권윤주,010-4611-6464,경상남도 창원시 의창구 북면 동곡로35-0 (창원무동휴먼빌아파트(2단지)) 205-804,88.365,159075000
351,SCF0410,1,10548,***,축받이 조립체 등 8품목 구매,물품,SCF,해군군수사령부,202405081030,4759F,서광전자,seokwang electronic co.ltd,오복룡,055-541-0071,경상남도 창원시 진해구 이동로69번길 12(),88.687,70576000
304,SCF0372,2,10289,***,"윤활유, 냉매 압축기용 30EA 구매",물품,SCF,해군군수사령부,202405081030,L125E,나산상사,,김순필,01067665589,경상북도 경주시 양남면 나산1길10 나동,92.355,8550000
1110,MDJ0033,2,18049,***,병건강검진소모품 연간계약,물품,MDJ,국군대전병원,202405081030,LF842,주식회사 플루토스,,정순주,01037896005,"세종특별자치시  다정남로22-0 (다정동, 가온마을 1단지)116동 1503호",87.997,60900890
20,MDJ0030,1,18010,***,24년 보장구 연간계약,물품,MDJ,국군대전병원,202405081030,DB2A3,(주)닛신,"NISSIN.  CO., LTD",구탁본,0317900595,경기도 양평군 양평읍 중앙로260-0 국립교통재활병원 2층,88.071,70978327
40,MCM0007,1,18251,***,사이버 침해사고 조사도구 라이선스 구매,물품,MCM,4284부대,202405081030,F21E1,주식회사  인섹시큐리티,INSEC-SECURITY,김종광,028635687,"서울특별시 금천구 가산디지털1로19, 406호, 407호, 408호, 409호(가산동,대륭테크노타운18차)",97.68,537189400
145,LHR0025,1,17651,***,24년 충북지역 군부대 제초용역,용역,LHR,육군 제37보병사단,202405081030,D54AD,현성건설(주),hyunsung,류재충,0432849277,충청북도 청주시 상당구 낭성면 단재로2079-0,87.748,145350890
2,LDC0011,1,17821,001,사업장 비배출계 폐기물 처리용역,용역,LDC,육군과학화전투훈련단,202405081030,GC5E9,원탑기업(주),"Wontop Co.,Ltd",이호길,0337643522,강원특별자치도 원주시 흥업면 대안로386-0,84.613,253460
3,LCF0132,1,08519,***,평판형 오일리스 베어링 등 7항목 제조(특무),물품,LCF,육군군수사령부,202405081030,M2E84,동창원산업(주),,정창,0553459455,경상남도 의령군 용덕면 의합대로123-7,88.327,14984260
11,HCF0117,1,17318,***,'24~'25 작전상황 전파체계(기지방송망) 유지보수,용역,HCF,공군군수사령부,202405081030,E2037,해용정보통신주식회사,Hai Yung Communication,백다리아,0319714969,"경기도 고양시 일산동구 중산로 247306,307호 (중산동, 중산프라자)",85.5,281812025
30,HCF0116,1,17317,***,'24~'25 연동통제소(TADIL-ICS) 유지보수,용역,HCF,공군군수사령부,202405081030,C5D37,세영정보통신(주),Seyoung information telecommunication,이세영,0544632300,경상북도 구미시 산호대로 56-1(),87.929,90924600
63,HCR0024,1,18037,***,공기청정기 필터 등 6종(24-052),물품,HCR,공군제15특수임무비행단,202405071330,JFB87,엠에스필터주식회사,,강진선,0316688022,경기도 평택시 서탄면 수월암길15-50,88.001,15186800
7,LDH0436,1,17436,***,(자재) 락카스프레이 황색 등 12종 구매,물품,LDH,육군종합정비창,202405071300,I49E3,주식회사 창원상사,CWC,이은석,0542746100,경상북도 포항시 남구 대해로89-1 (대도동),89.496,21859960
29,HDF0043,1,18247,***,[복지대대] 간부식당(일심회관) 식자재,물품,HDF,공군 제8전투비행단,202405071100,MA7F3,마리푸드,,김대현,01092823987,인천광역시 서구 염곡로15번길7-0 (가좌동) 2층 203호,83.433,324188800
38,LGC0013,1,17944,***,24년 공기청정기 필터 제조설치,물품,LGC,육군학생군사학교,202405071100,L7E68,(주)창우필터,,이판영,0326778838,경기도 부천시 부천로477번길23 (오정동),88.126,60097900
24,LHM0046,1,17858,***,24년 실내공기질 측정 용역,용역,LHM,제15보병사단,202405071100,I5A19,사단법인 에스이엘안전기술원,KPSI,안영철,07042441864,"경기도 화성시 동탄첨단산업1로63-12 (영천동), 동탄비즈타워 1007호",88.01,17589400
42,LPT0005,1,18197,***,`24년 주둔지 제초용역,용역,LPT,제75보병사단,202405071100,M906F,주식회사 숲담,,안해원,07077608209,"경기도 남양주시 가운로4길6-4, 101호(다산동)",88.055,33891661
244,SCG0012,1,18092,***,이나비 캐릭터 볼펜 구매,물품,SCG,해군본부,202405071100,L55D5,심플,,황인혁,01049112972,충청남도 아산시 배방읍 광장로177-10 펜타폴리스 1동 916호,88.005,11422318
1502,UMM0509,1,11526,***,24-N-파이프 벤딩기 A형 1대 구매,물품,UMM,국군재정관리단,202405071100,GE1D8,모빌테크,MOBILETECH,윤혁진,0215991682,강원특별자치도 춘천시 후석로420번길7-0 (후평동),87.997,88492360
8,UMM0493,1,11238,***,"24~25-F-보트,인원 수송용 제조",물품,UMM,국군재정관리단,202405071100,B437B,주식회사 우남마린,"WOONAM MARINE CRAFT CO., LTD.",김한준,0553318959,경상남도 김해시 상동면 동북로473번길14-23,84.432,522400000
5,UDA0010,1,18090,***,00부대 신출 병영생활관 LPG 공급,물품,UDA,제3190부대,202405071100,BD432,창림에너지(주),"changlim energy co,.ltd",유청권,0318668111,경기도 동두천시 평화로 2884-2(상봉암동),86.058,278365670
85,MDG0134,1,17527,***,임플란트2 8종 구매,물품,MDG,국군의무사령부,202405071100,MAB87,제이웰,,정재환,01071417458,경기도 성남시 분당구 성남대로926번길10-0 (야탑동) 5층 R5113호,99.976,48093520
912,MDG0132,1,17344,***,응급처치 전신마네킹 등 2종 구매,물품,MDG,국군의무사령부,202405071100,LB64A,주식회사 초창,,윤지노,01064353678,"세종특별자치시  한누리대로1824, 604-2",87.996,7079037
3,MDG0136,1,16955,***,24-1차 재생토너(MLT-D203 등 14종) 제조,물품,MDG,국군의무사령부,202405071100,G5C70,선한복지센터,Good Welfarecenter,김현,02-470-2301,"서울특별시 강동구 양재대로91길62-0 (성내동, 동아1차아파트) 4층",97.65,19122000
2366,MDG0138,1,16161,***,24-2차 의무비품(투약용카트 등 6종) 구매,물품,MDG,국군의무사령부,202405071100,K108A,주식회사 지에스위드,,박미숙,0269593490,인천광역시 남동구 하촌서로54(만수동),87.996,27861850
104,MDG0137,1,16160,***,24-2차 의무비품(근관장측정기) 구매,물품,MDG,국군의무사령부,202405071100,LE465,아이컴퍼니,,이정환,01057504694,"서울특별시 동작구 동작대로35차길12-5, 비01호(사당동, 금양빌라)",88.034,4734700
414,MDF0015,1,17464,***,회의실 브리핑시스템 노후 교체사업,물품,MDF,국군지휘통신사령부,202405071100,HE76D,세진정보주식회사,SejininfoCompany,김은경,0449981602,충청남도 공주시 반포면 수실2길34,82.998,262597610
2,MCJ0003,1,09836,***,00부대 EMP 보호시설 구축 선행연구 용역,용역,MCJ,국방통합데이터센터,202405071100,LC4A6,건축사사무소 모인건축,,임평산,01092626751,"경기도 김포시 태장로789,732호 (장기동,금광하이테크시티)",,74000000
963,LMP0021,1,17635,***,24년 제초용역 계약의뢰,용역,LMP,제3보병사단,202405071100,KA9C9,주식회사 덕원조경,,최지용,0334527772,강원특별자치도 철원군 갈말읍 호국로4967,88.022,280609328
3,HDS0006,1,18020,***,'24년 액화석유가스(LPG) 장기 구매 계약,물품,HDS,공군미사일방어사령부,202405071100,CF3CA,주식회사영진에너지,youngjin,조진영,0613521944,전라남도 영광군 영광읍 천년로8길1,89.125,91318200
123,SFH0069,1,18091,***,24-B-방송장비 유지보수 용역(도서지역),용역,SFH,제9196부대,202405071030,E4EF5,(주)화성이엔지,hwa sung eng,김택환,0226449166,서울특별시 마포구 성미산로11길15(성산동),88.002,31112264
115,SDF0061,1,18027,***,연료필터 등 54종 구매,물품,SDF,제5738부대,202405071030,JD26A,이로운세상,,손경례,07040421380,"경상북도 포항시 북구 흥해읍 흥해로17-1, 3층",88.006,6340825
26,SCR0054,1,18278,***,고속 절단기 등 3종 구매,물품,SCR,해군제3함대사령부,202405071030,D7A2B,동서종합상사,dongsutile,최흥숙,07077337131,전라남도 영암군 군서면 군서공단로60-10,88.045,2293780
35,SDG0019,1,18122,***,공기청정기 필터 구매,물품,SDG,제2002부대,202405071030,L7E68,(주)창우필터,,이판영,0326778838,경기도 부천시 부천로477번길23 (오정동),88.049,21085700
24,HCR0023,1,17960,***,메카니컬씰 등 3품목(24-045),물품,HCR,공군제15특수임무비행단,202405071030,E8E46,동진상사,dong jin sang sa,윤영현,07070792933,"경기도 평택시 평택5로34번길48, 402호(합정동)",88.045,30153800
57,LKT0048,1,18297,***,"'24년 주거시설 정기안전점검 용역(광주, 전라)",용역,LKT,제1989부대,202405071030,AB415,영일씨엠건축사사무소주식회사,Young Il Feel,정태호,0625128044,광주광역시 북구 무등로 255(중흥동),88.002,49437500
13,SCR0053,1,18269,***,"단열재, 방열용 등 4종 구매",물품,SCR,해군제3함대사령부,202405071030,KF42B,유한회사 정석,,정안나,07086913805,"전라남도 목포시 영산로93-1, 3층 321호(명륜동, 전남빌딩)",88.033,1627550
8,SCR0052,1,18265,***,스펀지 등 6종 구매,물품,SCR,해군제3함대사령부,202405071030,EFB97,(유)한일상사,"HANIL TRADING Co.,LTD",이봉준,0614626685,전라남도 영암군 삼호읍 세관1길 46(),88.107,5623920
120,SFM0041,1,17806,***,폴리우레탄 신나 구매,물품,SFM,제3170부대,202405071030,LA475,희망테크,,이숙자,0542476842,"경상북도 포항시 북구 우창동로113, 102동 1403호(우현동, 우현지구 도나우타운 아파트)",88.004,15505427
4861,SCQ0043,1,18241,***,엔진펌프 등 11종 구매,물품,SCQ,제9911부대,202405071030,I6C53,연주상사,yeonju company,박현주,01097990879,"경기도 수원시 영통구 삼성로268번길8, 2-411 (원천동, 원천1차삼성아파트)",88,15808660
30,SDG0018,2,18060,***,24-인-매트릭스 소독용역,용역,SDG,제2002부대,202405071030,CE308,고은상사,goeun,김진웅,0318641519,경기도 동두천시 평화로2349번길8-9 (생연동),90.937,3243000
4,MCS0061,1,18023,***,(해-002)에어컨 구매,물품,MCS,국방부계룡대근무지원단,202405071030,F11DD,세계로상사,Saegyero Corp.,채홍삼,0425512948,충청남도 계룡시 신도안면 부남리167,88.228,2384000
119,SDF0062,1,18032,***,K-File 등 46종 구매,물품,SDF,제5738부대,202405071030,KF538,이에스솔루션,,이은심,01071535252,"인천광역시 미추홀구 남주길150, 113동 704호(주안동, 힐스테이트 푸르지오 주안)",88.002,8475582
1653,LFA0012,1,18004,***,"24년 2,3분기 전산운영용품 구매",물품,LFA,제2신속대응사단,202405071030,LA458,흰고래,,박상일,01051929314,경기도 수원시 장안구 수성로363번길1 (조원동) 3층 301호,88,32617427
155,LPS0004,1,17900,***,24년 폭염대비 장비 및 물자 구매,물품,LPS,제60보병사단,202405071030,M8111,선우,,최강민,01090466209,"경기도 고양시 일산동구 백석로109, 303동 404호(백석동, 백송마을)",88.044,20802460
55,SCF0423,1,17687,***,여과백 등 16종,물품,SCF,해군군수사령부,202405071030,FEE59,피앤에스,p&s,성기우,01055013502,"경상남도 창원시 성산구 중앙대로37, 519호 -5호(중앙동, 경남오피스텔)",88.006,31582550
2,SFM0042,1,17878,***,24-S-토양오염도 검사 용역,용역,SFM,제3170부대,202405071030,I5FC4,재단법인 파란생명환경연구소,ParanBne,최우건,0537217894,경상북도 경산시 압량읍 부적길77-22,88.615,1921000
5805,HDR0003,1,17235,***,24-방공관제사-25(축전지),물품,HDR,공군방공관제사령부,202405071030,M9786,컴레인올샤인,,강민희,010-4827-7828,"경기도 안양시 동안구 관악대로373번길10-24, 402호(관양동, 문화화이트빌)",88.008,22398971
1927,SCQ0044,1,18294,***,멀티탭 등 108종 구매,물품,SCQ,제9911부대,202405071030,M29D0,여울유통,,이주연,01027528207,"경기도 남양주시 화도읍 경춘로2290번길2, 105동 702호",88,38305740
37,SCR0055,1,18287,***,씰 설치기 등 4종 구매,물품,SCR,해군제3함대사령부,202405071030,KFECE,중리동,,정용민,01092913128,전라남도 목포시 산정로109번길16 (산정동) 1층,88.001,11347775
156,SCN0081,1,18047,***,발전기 등 11종 구매,물품,SCN,제7001부대,202405071030,M1935,앤즈,,김정학,01083964860,경상남도 창원시 의창구 창이대로321번길18-1 (봉곡동),88.022,12566646
44,SCR0050,1,18220,***,가스켓 등 8종 구매,물품,SCR,해군제3함대사령부,202405071030,I9EC3,대진이엔지,deajineng,김전명,01098942930,전라남도 영암군 미암면 배드리길50-0,88.026,20231000
30,SDG0018,1,18060,***,24-인-매트릭스 소독용역,용역,SDG,제2002부대,202405071030,CE308,고은상사,goeun,김진웅,0318641519,경기도 동두천시 평화로2349번길8-9 (생연동),90.937,3243000
507,HCM0044,1,17923,***,24-04-140 스텐이중면기 1품목,물품,HCM,공군교육사령부,202405071030,JC028,주니어비,,이준엽,01076732468,경상남도 창원시 마산합포구 고운로118-0 (신월동),88,11675590
42,SCR0051,1,18231,***,"펌프 유닛,유압식 등 3종 구매",물품,SCR,해군제3함대사령부,202405071030,M09AA,목포유통,,이은숙,07047907822,전라남도 목포시 마인계터로40번길4 (죽동)158호,88.023,7573482
22,MDD0075,1,16946,***,24년 국군수도병원 출입통제체계 유지관리 용역,용역,MDD,국군수도병원,202405071000,LE7E7,닛시시스템 주식회사,,서수진,0313235708,"경기도 용인시 기흥구 서천로201번길11, 9층 제티-9077호(농서동, 기흥테라타워 지식산업센터)",87.9,29533050
4,MCD0016,1,15020,***,국방안전관리정보체계 최적 구축방안 연구,용역,MCD,국방부(운영지원과),202405031700,A726B,(주)지디시스,"GDSYS Co.,Ltd",정승인,028677338,"서울특별시 금천구 가산디지털1로181, 가산W센터 1401호,1402호(가산동)",,37345000
471,LFN0018,1,17717,***,24년 제초관리 용역,용역,LFN,육군3사관학교,202405031600,IFC45,주식회사 하나건설,,김하나,0548530131,경상북도 안동시 서동문로87-4 (금곡동),88.015,81481190
471,LFN0019,1,17730,***,24년 조경관리 용역,용역,LFN,육군3사관학교,202405031600,E3915,(주)강산씨앤씨,kang san,강기원,01038259185,"대구광역시 남구 대명로36길23-1, 2층 201호 (대명동)",88,96039188
27,EBB0120,1,4013B,***,K계열전차 포신 부품류(구매),물품,EBB,지상공통전력운영계약팀,202405031400,4517F,한성정공,,이승호,0512622258,부산광역시 사하구 다대로354번길 61(),88.309,168170000
2,HCG0015,1,17466,***,'24년 Pitch Black 훈련 참가지원 용역,용역,HCG,공군본부,202405031400,E5ED3,에브제트아시아 주식회사,"Avjet Asia Co., Ltd.",조욱상,0267328895,"서울특별시 강서구 하늘길38, SGBAC 2층(방화동, 김포공항)",85.536,363500000
5,EBB0053,2,A1058,***,"24년~25년 UH-60 셀,전지용",물품,EBB,지상공통전력운영계약팀,202405031400,D20E1,주식회사 서원,"SEOWON ELECTRIC POWER CO.,LTD",권준범,0415228455,"충청남도 천안시 서북구 백석공단2길16-0 (백석동), 2동 105호(백석동, 외국인투자전용산업)",87.741,34014750
2,EBB0117,1,5085,***,장갑차 부품,물품,EBB,지상공통전력운영계약팀,202405031300,4498F,삼호정밀,SAMHO PRECISION,김일천,0519717226,부산광역시 강서구 평강로217-1 (대저1동),84.348,1210000000
5,LDH0435,1,17166,***,(화공) 크실렌 1종구매,물품,LDH,육군종합정비창,202405031300,D5405,하나케미칼,HANA C&C,조삼제,0553263994,경상남도 김해시 흥동로43. JS빌딩 A동303호 (흥동),88.559,40850630
3,EBB0118,1,0760,***,윤활유 정유기,물품,EBB,지상공통전력운영계약팀,202405031100,G5277,해암테크 주식회사,"HAEAM TECH CO.,LTD",천기식,0552382213,경상남도 창원시 성산구 곰절길9번길18(성주동),86.095,331000000
96,LKG0040,1,15679,***,'24년 후드.덕트청소 관리용역,용역,LKG,육군제53보병사단,202405031100,DA7EB,(주)가가이엔지,gaga,김호협,0516436119,부산광역시 부산진구 새싹로210번길6-16 (초읍동),88.009,40678270
131,LDA0013,1,17764,***,24년 주거시설 정기 안전점검 용역,용역,LDA,지상작전사령부,202405031100,KA49E,주식회사 늘품이앤씨,,호종훈,0332429995,강원특별자치도 춘천시 강원대학길1 (효자동),88.001,39941335
181,HDF0042,1,17741,***,24년 탄약고지역 제초용역,용역,HDF,공군 제8전투비행단,202405031100,I4616,주식회사 류하조경,,김태우,0332567761,강원특별자치도 춘천시 남춘로5번길14-3 (퇴계동),88.009,36760340
1130,LCN0028,1,17049,***,24-6차 교육 및 실습재료 구매,물품,LCN,육군사관학교,202405031100,GB02F,비제이유통,bjcirculation,김병재,0318518737,"경기도 의정부시 장곡로240-0 (장암동, 장암동아아파트)상가동 지하층 B02호",88.002,17385600
1576,UMM0511,1,14894,***,(247122-D)산소이송 승압펌프 구매,물품,UMM,국군재정관리단,202405031100,L56A6,(ZIA)컴퍼니,,서지숙,01033302230,경기도 김포시 김포한강1로97번길10-9 (장기동) 304호,88,85484500
3521,UMM0513,1,14142,***,(24F100-I) 렌탈프린터 임차용역,용역,UMM,국군재정관리단,202405031100,M4074,라라픽,,김사라,01051199313,"강원특별자치도 강릉시 범일로579번길29-6, 101동 802호(내곡동, 강릉블루밍더베스트아파트)",87.745,81711109
145,MDG0130,1,15473,***,24년 의무장비(원심분리기 세포형) 구매,물품,MDG,국군의무사령부,202405031100,G28B4,주식회사 남양메디칼,NAMYANGMEDICAL,박현준,07043372133,경기도 남양주시 진접읍 양진로816-28,88.345,9521400
18,LPK0007,1,17461,***,24년 음식물류 폐기물 처리 용역,용역,LPK,제8기동사단,202405031100,L8AA7,오션환경,,김진태,010-9439-9299,경기도 광명시 범안로1035-0 (하안동),80.714,210113000
7,EBB0123,1,6966,***,케이블 및 배선장치류,물품,EBB,지상공통전력운영계약팀,202405031100,1003F,연합정밀(주),"YEONHAB PRECISION CO.,LTD",김은주,0415665992,충청남도 천안시 동남구 목천읍 학수소사길219-27,84.193,740000000
2,EBB0115,1,5000,***,구동제어장치류,물품,EBB,지상공통전력운영계약팀,202405031100,3715F,디씨에이치(주),"Daichang Marine Tech CO., LTD",김효성,0518326078,부산광역시 사상구 모덕로27번길 126(),84.498,1606700000
13,EBB0124,1,1635A,***,"패널, 차량작동용",물품,EBB,지상공통전력운영계약팀,202405031100,H58AB,주식회사 엔미디어솔루션,N-media solution,이근식,01042405887,"인천광역시 계양구 계산새로71, 비동 310호(계산동, 하이베라스)",86.078,2923756964
2,EBB0121,1,1101,***,"취사기, 트레일러 탑재식(400명분) 및 수리부속류",물품,EBB,지상공통전력운영계약팀,202405031100,I089C,주식회사 동아에스디아이,donasdi,계선홍,0315313292,경기도 포천시 내촌면 부마로282번길82-27,86.217,1612900000
923,LHG0019,1,17364,***,‘24년 민간인력 제초관리용역,용역,LHG,제1862부대,202405031030,BE174,농심개발(주),nongshim development,정철수,0315395933,"경기도 포천시 일동면 화동로738, 1층 농심개발주식회사",88.017,251872285
2,LCZ0010,1,16985,***,24년 호송작전 병력수송용 버스 임차계약,용역,LCZ,동원전력사령부,202405031030,A8479,(주)세일여행사,SEIL TOUR,김중수,027391261,"서울특별시 종로구 삼일대로 4698층 (경운동, 서원빌딩)",88.279,66944558
7,LCJ0030,1,17721,***,(24육군-물품015)부대운영자재(제재목) 제조,물품,LCJ,종합보급창,202405031030,A0EE7,우진목재(주),Woojin Timber,한상배,0518314242,부산광역시 강서구 녹산화전로 37(),88.024,16537000
151,LCJ0031,1,17729,***,(24육군-물품016)부대운영자재(합판) 구매,물품,LCJ,종합보급창,202405031030,M266D,에제르 컴퍼니,,이우형,07043003323,"경기도 남양주시 별내중앙로30, 6층 605-317호(별내동, 별내로데오몰)",88.011,7913950
2295,LCJ0032,1,17737,***,(24군책-물품012)리치트럭 구매,물품,LCJ,종합보급창,202405031030,J7F3A,알파솔루션,,손가람,01046188572,"경기도 안산시 상록구 창말1길17, C동 301호 (건건동, 서해빌라)",88.002,35485070
16,LFN0017,2,16105,***,24년 기계설비 성능점검 용역,용역,LFN,육군3사관학교,202405031030,C00A8,바른이엔지,barun eng,김대현,0548567304,"경상북도 안동시 운동장길91-12,1층 (정하동)",88.369,46999990
1279,LPF0046,1,17757,***,24년 전반기 병영도서관/독서카페 도서 구매,물품,LPF,제51보병사단,202405031030,LBEB8,진심,,이국희,010-4526-1580,"경기도 파주시 가람로22, 113동 1004호(와동동, 가람마을1단지 벽산한라 아파트)",90,15665370
3470,LCJ0034,1,17745,***,(24군책-물품014)습식 청소차 구매,물품,LCJ,종합보급창,202405031030,LAEE9,틈새,,윤성규,01074141678,"경기도 시흥시 협력로281, D동 8181호(정왕동,메가폴리스)",88.002,19149000
408,LHD0022,1,17763,***,안전물자세트 구매(X036),물품,LHD,제21보병사단,202405031030,AB8C9,세진네트웍스(주),sejinnetwork,이승덕,0332622030,강원특별자치도 춘천시 동면 만천로26-27 2층,88.003,29965300
126,LKM0025,1,17778,***,"24년 2차 전산운영용품, 기타운영지원용품 구매",물품,LKM,제2632부대,202405031030,LB783,제이엔,,장계성,05022578625,"전북특별자치도 전주시 덕진구 태진로125-30 (금암동, 휴엔하임 주상복합 아파트) 103동 2601호",88.014,36496830
50,LCZ0009,1,17775,***,24년 공기청정기 필터 구매,물품,LCZ,동원전력사령부,202405031030,J33A5,주식회사 필터솔루션,,전호준,0317362223,"경기도 성남시 중원구 사기막골로99-0 (상대원동) 지2층 비233호, 비234호",88.007,17365100
1733,LHD0021,1,17587,***,"24-6차 부대구매(의료기재, 장비운영소모품)(X035)",물품,LHD,제21보병사단,202405031030,ID89E,이윤현,,김문정,01099741824,대구광역시 북구 산격로10길23 (산격동) 1층,88.003,15512662
22,MDQ0007,1,17345,***,응급구조사 응급처치 등 4품목 구매,물품,MDQ,국군의무학교,202405031030,J2E26,한마음,,안진권,0428253568,"대전광역시 유성구 반석로7 (반석동) 4층 404-A06호(반석동, 애니빌프라자)",90.013,29460420
5,SCK0047,1,17272,***,팔굽혀펴기대 등 4종 구매,물품,SCK,해군교육사령부,202405031030,CF5B2,대광산업,daegwang,이종명,01026787883,경상남도 창원시 마산회원구 양덕북5길97 (양덕동1층상가),91.757,970000
304,MDF0016,1,16295,***,MW안테나 복구용 수리부속 구매,물품,MDF,국군지휘통신사령부,202405031030,J205D,다온산업,,전명숙,01038927397,"대전광역시 유성구 배울2로61-0 , 1015-801(관평동, 대덕테크노밸리10단지아파트)",88.001,71752870
572,LNT0018,1,17758,***,'24년 4공구 제초관리용역,용역,LNT,제28보병사단,202405031030,C5327,서원조경,,하활영,0318197820,"경기도 고양시 덕양구 화정로 65, 한화오벨리스크1211호(화정동)",88.001,55537710
563,LNT0017,1,17752,***,'24년 3공구 제초관리용역,용역,LNT,제28보병사단,202405031030,H51C3,청세조경건설주식회사,"Cheongse Landscape Construction co.,Ltd.",홍진주,0319814277,"경기도 김포시 고촌읍 고송로36, 3층301호",88,44758000
589,LNT0016,1,17746,***,'24년 2공구 제초관리용역,용역,LNT,제28보병사단,202405031030,G2D9E,다온엘앤씨 주식회사,daon lnc,심재원,0312054006,경기도 수원시 영통구 매영로222-0 (원천동) 삼일빌딩 3층,88,86929400
592,LNT0015,1,17735,***,'24년 1공구 제초관리용역,용역,LNT,제28보병사단,202405031030,I8646,주식회사 제이엠조경건설,JMLANDSCAPING,이재희,01087338219,경기도 화성시 향남읍 행정죽전로1길19-1,88,86104430
47,LMK0020,1,17652,***,[24-B15] A부대 방열기 구매,물품,LMK,제6보병사단,202405031030,J38A7,씨티원 강원지점,,김은아,07087953338,"강원특별자치도 원주시 건강로23, 305호(반곡동, 하늘정원프라자)",88.039,43616328
269,SCK0049,1,17579,***,OPP테이프 등 170종 구매,물품,SCK,해군교육사령부,202405031030,M6E80,제이제이,,노선영,01023171220,"경상남도 창원시 성산구 용지로169번길13, 3층 306호(용호동, 라이크빌-1)",93.266,52908935
14,LHN0036,1,17588,***,"(대보수-14) 신교대 병영식당 (건축,기계 재해예방)",용역,LHN,제7보병사단,202405031030,J2348,주식회사 한국미래안전,,이인숙,0315420456,"경기도 포천시 가산면 선마로155, 201호(마산리)",88.183,3593300
15,LHN0035,1,17589,***,"(대보수-12,13) 재해예방 기술지도(기계,건축)",용역,LHN,제7보병사단,202405031030,J2348,주식회사 한국미래안전,,이인숙,0315420456,"경기도 포천시 가산면 선마로155, 201호(마산리)",88.134,1437600
919,SFC0047,1,17496,***,경종 등 205품목 구매,물품,SFC,제9691부대,202405031030,LCD52,솔바이크,,김미화,01097679116,경기도 고양시 일산서구 장자길82번길9-0 (덕이동),87.995,31349400
139,SFC0046,1,17312,***,24-덕-자주식 잔디깍이 등 5품목 구매,물품,SFC,제9691부대,202405031030,K7CAD,주식회사 제이유통,,박진우,01066184439,경기도 화성시 10용사로456 (반송동) 3층,87.995,31095840
236,LKP0088,1,16006,***,'24년 2분기 부대계약(증식류) 구매,물품,LKP,5군수지원사령부,202405031030,LCF43,선진유통,,오승임,0426226897,대전광역시 대덕구 동춘당로52번길14-0 (송촌동) 1층,88.012,51852299
41,HDC0023,1,17972,***,24-52 공기청정기 필터 등 4종 구매,물품,HDC,공군제1전투비행단,202405031000,J33A5,주식회사 필터솔루션,,전호준,0317362223,"경기도 성남시 중원구 사기막골로99-0 (상대원동) 지2층 비233호, 비234호",88.048,25823100
2,MDD0073,1,15422,***,2024 방사성의약품 PET-CT 2품목 구매,물품,MDD,국군수도병원,202405021700,G469A,덕암물산 주식회사,"DEOGAM TRADING CO.,LTD.",한상기,0312812239,경기도 용인시 기흥구 구성로438번길6 (청덕동),97.335,15029000
310,SCF0397,1,09182,***,"필터엘리먼트, 흡입공기 정화기용 등 11종",물품,SCF,해군군수사령부,202405021430,LF935,뉴테크인,,유재희,01087064924,"인천광역시 남동구 만수서로55,125동 401호(만수동,포레시안)",83.048,442196150
2,LDH0434,1,15995,***,K1전차 봉합재 등 5종 구매,물품,LDH,육군종합정비창,202405021300,DC147,DGI산업,DGI.CO,백지윤,0519042500,"부산광역시 동래구 차밭골로21번길36, 1층 (온천동)",92.061,17420000
584,LCP0031,1,17346,***,'24년 00사격장 훈련장 관리용역,용역,LCP,육군항공사령부,202405021130,IEFB5,대영그린조경,,양승국,0314588114,"경기도 군포시 금재로8, 상가1동 202호(금정동, 신환아파트)",88.037,68003060
233,HCG0016,1,16041,***,24-수사상황유지 고정형 대형상황판 구매설치,물품,HCG,공군본부,202405021130,F316B,주식회사대명이엔지,dmeng,박승호,0623639877,광주광역시 북구 첨단벤처소로50(월출동),88.004,32703150
3,LCP0032,1,17348,***,'24년 00사격장 이동식 화장실(수세식) 임차용역,용역,LCP,육군항공사령부,202405021130,K4942,주식회사 조앤윤,,조영훈,0313511300,경기도 화성시 장안면 화곡로121-0,88.108,12930600
6,LGP0083,1,17273,001,24년 인천 및 경기북부지역 LPG 구매(수정),물품,LGP,제1군수지원사령부,202405021100,BA4DD,신성가스공업(주),,우국환,031-954-2244,경기도 파주시 문산읍 통일로 1708(),84.382,1461.66
118,UAC0017,1,17474,***,인쇄용지 3종 수시 구매(스노아트지120gA 등 3종),물품,UAC,국방출판지원단,202405021100,M6A9D,유한회사 정현,,정다운,07086574654,"광주광역시 광산구 임방울대로142-10, 2층 265호(운남동)",88.008,38294540
877,MCN0017,1,17149,***,24-2차 청소 및 위생용품 구매,물품,MCN,국방부근무지원단,202405021100,LAAC9,다와라,,김순옥,01068500296,서울특별시 강서구 양천로24길85 (방화동),88.002,47179000
13,LHQ0025,1,17087,***,24-3차 제초용역(김해지역),용역,LHQ,제2작전사령부,202405021100,LC3EE,(주)동원조경,,강수빈,0522545049,"울산광역시 울주군 삼남읍 남상평1길38-11, 정안빌딩",88.117,8509350
65,LHQ0024,1,17079,***,24-2차 제초용역(장성지역),용역,LHQ,제2작전사령부,202405021100,BC43E,(주)화림조경,HWARIM,이승희,0626041235,"광주광역시 서구 매월2로53,24동 201호 (매월동 산업용재유통센터)",88.039,8470902
33,LHQ0023,1,17067,***,24-1차 제초용역(영천지역),용역,LHQ,제2작전사령부,202405021100,L2616,찬들조경건설(주),,박남이,0549275677,"경상북도 영천시 야사4길14, 1층(야사동)",88.036,12797570
177,UMM0522,1,16029,***,(247192-C) 유전자감정장비(자동염기서열분석기) 구매,물품,UMM,국군재정관리단,202405021100,C3187,주식회사 엘씨케이테크놀로지스,"LCK TECHNOLOGIES Co., Ltd.",홍광표,0226312122,서울특별시 강서구 양천로401 (가양동) 강서한강자이타워 B동1503~1506호,89.675,285863600
192,UMM0520,1,14201,***,(247016)00부대 VoIP 교환기 구축사업(리스물건),물품,UMM,국군재정관리단,202405021100,G245D,주식회사 두루스코,DURUSCO,김옥연,023062014,"서울특별시 서대문구 연희로241, 2층 (연희동)",83.191,506799268
31,UMM0515,1,13245,***,(24F016-G) 24년 VoIP 교환기 유지보수사업(ELG),용역,UMM,국군재정관리단,202405021100,CBB15,(주)젤루텍,zellootec,이두규,0263091150,"서울특별시 영등포구 경인로775-0 (문래동3가), 1동 722호",83.059,802400000
69,UMM0516,1,13244,***,(24F017-G) 24년 VoIP 교환기 유지보수사업(삼성),용역,UMM,국군재정관리단,202405021100,CBB15,(주)젤루텍,zellootec,이두규,0263091150,"서울특별시 영등포구 경인로775-0 (문래동3가), 1동 722호",87.783,105107000
3783,UMM0524,1,11783,***,(247155-F) 전산운영용품 구매,물품,UMM,국군재정관리단,202405021100,DE9FA,주식회사 지아이티,"GIT Co.,Ltd.",이수용,0332436644,강원특별자치도 춘천시 퇴계공단2길55-0 (퇴계동),87.995,55519750
520,UMM0461,1,09687,***,24-F-무산동 안저사진기 등 2종 구매,물품,UMM,국군재정관리단,202405021100,L3C4C,이브닝,,김진희,01047350764,"서울특별시 중랑구 숙선옹주로9길25, 101동 1003호(묵동, 세방아파트)",88.039,59362530
220,UMM0338,2,09293,***,(247063-F) 수술재료7 구매,물품,UMM,국군재정관리단,202405021100,M031C,주식회사 영우이앤지,,서승희,01088631757,"서울특별시 마포구 성지길25-11, 합정동 583호 (합정동)",92.763,58528702
7,LNF0017,1,17378,***,00부대 간부숙소 신축 관급자재(타일),물품,LNF,제1보병사단,202405021100,KAFC6,주식회사 마도세라믹스,,김태연,0313554742,경기도 화성시 마도면 화성로785번길32,94.517,209593750
2,LGT0040,1,17498,***,''24년~'27년 식기세척기 임차 용역(24-GS-7),용역,LGT,제2307부대,202405021100,GE8BC,주식회사 건웅시스템(kunwoong Inc.),kunwoong Inc.,오덕수,070-5165-7800,강원특별자치도 원주시 장전길66 (태장동),88.225,104741060
1588,HCF0109,1,16524,***,[60전대]TIG 용접기 구매,물품,HCF,공군군수사령부,202405021030,J6660,주식회사 엠제이엠,,김무진,0535628476,대구광역시 서구 새방로29길6-17 (상리동),87.995,28536750
44,SCU0040,1,17505,***,고성능니퍼 등 196종 구매,물품,SCU,해군 기동함대사령부,202405021030,G0BD8,주식회사 에스원환경,S1,장정환,0647120788,제주특별자치도 제주시 삼무로11길16-0 (연동),88.108,16582060
44,SCU0040,2,17505,***,고성능니퍼 등 196종 구매,물품,SCU,해군 기동함대사령부,202405021030,G0BD8,주식회사 에스원환경,S1,장정환,0647120788,제주특별자치도 제주시 삼무로11길16-0 (연동),88.108,16582060
435,HFK0010,1,17469,***,"24년 제초 용역(부산,김해,울산)",용역,HFK,제1방공유도탄여단,202405021030,4652F,(주)테크유니온,"TECH UNION CO.,LTD.",신유정,0517108641,"부산광역시 기장군 정관읍 정관상곡2길67,4층",88,70111120
161,SCK0048,1,17472,***,24-00함 침실 매트리스 세척 및 소독 용역,용역,SCK,해군교육사령부,202405021030,I0E00,(주)지앤씨,,권다연,0542853003,경상북도 경주시 감포읍 동해안로2229-0 2층,88.025,4466996
259,HFK0009,1,17448,***,"24년 제초 용역(광주,나주)",용역,HFK,제1방공유도탄여단,202405021030,K722A,주식회사 주원조경건설,,김차자,0625316616,"광주광역시 광산구 장신로139,403호 (수완동)",88.002,18488150
41,LCH0027,1,17395,***,소방시설 작동기능점검 및 종합정밀점검 용역,용역,LCH,특수전사령부,202405021030,HE3BE,주식회사 원준이앤씨,YUHANSOBANG,정은희,0319826119,"경기도 김포시 고촌읍 고송로20, 4층",88.067,29293000
53,LCH0026,1,17423,***,직할대 얼음정수기 임차 용역(특-24-용-13),용역,LCH,특수전사령부,202405021030,I0AC2,디에이치바이오,DHBIO,김단희,07041549149,충청북도 충주시 예성로120 (용산동),88.193,29984400
6,SCP0050,1,17296,***,지폐교환기 1대 구매 설치,물품,SCP,제8385부대,202405021030,JCD34,다알시스 주식회사,,최윤호,07086571692,"경기도 수원시 권선구 일월천로4번길2, 4층(구운동, 씨지에스빌딩)",98.776,2158000
411,HFK0012,1,17488,***,"24년 제초 용역(대구,포항,성주)",용역,HFK,제1방공유도탄여단,202405021030,G3C7C,주식회사 동성조경건설,Dong Sung,김웅수,0536158058,대구광역시 달성군 논공읍 비슬로262길27,88.001,94046160
325,HFK0011,1,17484,***,"24년 제초 용역(보령,군산,서천,홍성,김제)",용역,HFK,제1방공유도탄여단,202405021030,H741A,하나조경 주식회사,hana gardening,성낙정,01088378992,충청남도 논산시 관촉로58번길7-0 (지산동),88.023,33606420
13,LPG0006,1,17161,***,[정보처] GP 고가초소 내 방탄유리 교체 구매,물품,LPG,제5보병사단,202405021030,L1656,삼이유통,,김승환,01096614808,"경기도 연천군 전곡읍 전은길98-53, 1층 101호",88.04,23818540
18,SCQ0042,1,17243,***,인덕션(전기레인지) 구매설치,물품,SCQ,제9911부대,202405021030,K08E1,주식회사 브라이트텍,,길태연,07040074489,"경기도 파주시 문화로65-0, 301호 (금촌동)",88.035,4574080
262,SCK0046,1,17192,***,펜치 등 153종 구매,물품,SCK,해군교육사령부,202405021030,H751B,진성,ZinSung,신진업,070-8870-0072,경상남도 창원시 의창구 대산면 봉강가술로519-0 번지,88.001,17197781
5029,LGP0084,1,17380,***,24-1차 디지털 인쇄재료 구매,물품,LGP,제1군수지원사령부,202405021030,L53C5,민정기획,,김민정,01048693900,"대전광역시 대덕구 동춘당로114번길47-0 (송촌동, 선비마을아파트) 201동 404호",88.002,69982530
14,LPG0007,1,17240,***,'24-2차 전산운영용품 구매,물품,LPG,제5보병사단,202405021030,LC456,진영유통,,허진영,010-2973-3624,"경기도 연천군 전곡읍 양원로222, 301호",88.004,77352100
11,SFH0066,1,17207,***,'24년 백령도 복지회관 식자재 구매,물품,SFH,제9196부대,202405021030,IF359,주식회사 옹진물산,,곽창열,0328364677,인천광역시 옹진군 백령면 사곶로122번길11-0,98.116,152000000
3,SCU0036,1,14507,***,24-0전단 행사 대행 용역,용역,SCU,해군 기동함대사령부,202405021030,E0FF6,(주)씨포스트제주,CPOSTJEJU Inc.,양성혁,0647467522,"제주특별자치도 제주시 만덕로31, 4층 (건입동)",90.711,39000000
969,SCF0401,1,16685,***,"(긴급)밸브,솔레노이드용 등 47종",물품,SCF,해군군수사령부,202405021030,GF65E,미래상사,miraeshangsa,김성길,051-310-0707,"부산광역시 사상구 낙동대로910, C동 253호(감전동, 마트월드)",91.264,32644590
378,SCF0400,1,16683,***,"(긴급)전달장치,압력용 등 21종",물품,SCF,해군군수사령부,202405021030,GF65E,미래상사,miraeshangsa,김성길,051-310-0707,"부산광역시 사상구 낙동대로910, C동 253호(감전동, 마트월드)",91.142,63992500
381,SCF0409,1,16616,***,(긴급)연결기 조인트 등 43종,물품,SCF,해군군수사령부,202405021030,KE0F6,경진테크,,정태경,01074007682,"경상남도 창원시 성산구 원이대로495 (반림동, 트리비앙아파트) 230동 1607호",98.543,59728570
10,SCF0398,1,14229,***,조난자무선식별장치(RFID) 유지보수 정비,물품,SCF,해군군수사령부,202405021030,D7D06,주식회사 우리별,"Wooribyul Co., Ltd",이정석,0319807500,경기도 김포시 양촌읍 황금1로89 (학운리2962),90.137,82244000
4071,SCF0406,1,13019,***,"체인,체인호이스트용 등 10종 구매",물품,SCF,해군군수사령부,202405021030,LFB6B,다옴,,조승희,01027080925,"경기도 용인시 기흥구 공세로82번길30-1 (공세동, 삼성팰리스)",87.995,120893230
1385,SCF0407,1,10880,***,"밸브,유량조절용 등 20종 구매",물품,SCF,해군군수사령부,202405021030,HD213,수앤주,soo&joo,신경수,0315663120,"경기도 구리시 안골로44-1, 302호 (교문동,다건시티)",87.996,140573760
455,SCF0404,1,10879,***,미케니컬 씰 등 20종 구매,물품,SCF,해군군수사령부,202405021030,I1B1F,고운유통,GOWOON,김고운이,01085287704,"경상남도 거제시 옥포성안로29-1, 7층 702호(옥포동, 보광센츄어리)",87.997,156905190
463,SCF0405,1,10876,***,팬 조립체 등 20종 구매,물품,SCF,해군군수사령부,202405021030,LD02B,대연상사,,맹인재,07070047722,경상남도 창원시 진해구 용재로29번길5-15 (용원동) 301호,87.996,162360300
475,SCF0408,1,10871,***,와이퍼 조립체 등 7종 구매,물품,SCF,해군군수사령부,202405021030,C5657,영성기업사,,권혁필,0518054447,부산광역시 부산진구 전포대로254-0 (전포동),87.995,67969000
9,SCF0369,2,10550,***,'24년 함내외 및 함내무선통신체계 유지보수 정비,물품,SCF,해군군수사령부,202405021030,LC91E,근영테크,,윤순근,01091472607,부산광역시 강서구 신호산단4로89(신호동),84.132,1045280000
66,SCF0393,1,10187,***,멀티메타 3EA 구매,물품,SCF,해군군수사령부,202405021030,M2A41,주식회사 엠아이엘아이엔씨,,정광일,0215443195,"부산광역시 해운대구 센텀동로99, 12층 1203호(재송동, 벽산이센텀클래스원)",89.178,3742850
4,SCF0399,1,08776,***,'24년 MHC 감속기 외주 정비,물품,SCF,해군군수사령부,202405021030,F33A1,범창주식회사,"beomchang co.,ltd",윤병구,0555867522,경상남도 함안군 칠북면 북원로153-186,86.519,314940000
1309,SCF0403,1,08146,***,회로 차단기 등 21종 구매,물품,SCF,해군군수사령부,202405021030,K1D82,주식회사 태성솔루션,,김성희,0339115892,강원특별자치도 춘천시 성심로65-0 (효자동),87.997,18633240
594,SCF0309,2,07306,***,이어폰 엘리먼트 등 2품목 구매,물품,SCF,해군군수사령부,202405021030,HD025,주식회사 능인솔루션,NEUNG IN SOLUTION,신현종,0220297050,"서울특별시 금천구 가산디지털2로14, 1216호(가산동, 대륭테크노타운 12차)",99.745,13000000
509,SCF0218,2,05593,***,"펌프, 윤활유 이송용 1종 구매",물품,SCF,해군군수사령부,202405021030,AFAFB,제일기계공업주식회사,"JEIL MACHINERY IND. CO., LTD.",김은지,0319872434,경기도 김포시 대곶면 대명항로205번길 30(),89.49,18626740
28,MDI0002,1,17502,***,사이버 방호관제체계 구축사업,물품,MDI,제7016부대,202405021030,KB89D,다담시스 주식회사,,장근수,07041933232,서울특별시 금천구 가산디지털1로1 (가산동) 1208호,88.093,176987892
24,MDI0001,1,17501,***,연대행정 서버기능 개선사업,물품,MDI,제7016부대,202405021030,ADBE0,(주)디지탈쉽,DIGITAL SHIP,박상우,0234464573,서울특별시 강남구 논현로127길23-0 (논현동) 유심빌딩 4층,88.276,110213400
26,LGT0036,1,16643,***,'24년 군 주거시설 정기안전점검 용역(24-GS-9),용역,LGT,제2307부대,202405021030,H6CD1,(주)세화안전진단건축사사무소,Crop.Sehwa Safety test Architects&Engineers,박영규,0332430071,강원특별자치도 춘천시 후석로420번길7-0 (후평동) 춘천하이테크타워 8층 824호,87.75,131578900
24,LGM0020,1,17389,***,(24-용역-01) 24년 얼음정수기 임차 용역,용역,LGM,제11기동사단,202405021030,I0AC2,디에이치바이오,DHBIO,김단희,07041549149,충청북도 충주시 예성로120 (용산동),85.859,315307290
16,HDQ0041,1,17433,***,"24-육,해상사격장 환경조사 용역",용역,HDQ,제20전투비행단,202405021030,EE9B6,재단법인 한국환경산업연구원,KEIRI,편서연,0312836923,"경기도 수원시 영통구 대학4로17 (이의동) 에이스광교타워 413호,412호,411호,410호",88.843,37498000
1332,HCM0043,2,17410,***,24-04-130 파형측정기 1품목 구매,물품,HCM,공군교육사령부,202405021030,G1B8E,햇살컴퍼니,HS Company,정희정,01064844498,"경기도 시흥시 서울대학로278번길25-18, 512호(정왕동, 다인로얄팰리스 배곧3차)",87.995,47545380
134,MDD0074,1,15826,***,2024 외과장비운영소모품(1-2) 2품목 구매,물품,MDD,국군수도병원,202405011700,I8FF2,주식회사 한스메디칼,HANS MEDICAL co.,한재희,0313463093,경기도 군포시 고산로148번길17-0 (당정동) 318호,88.305,37817840
8,ETA0001,1,5305,***,해상감시레이더-II 부대정비용 시험장비 및 BII,물품,ETA,감시전자총괄계약팀,202405011500,H25F1,지비아이 코리아 (GBI KOREA),GBI KOREA,박동철,0517845997,"부산광역시 해운대구 센텀중앙로97-0 (재송동), 센텀스카이비즈 606호",88.254,1362757247
3,MHD0044,1,14121,***,과학화경계시스템사업의 기종결정 평가방안 연구,용역,MHD,방위사업청(운영지원과),202405011500,DC5FF,(사)한국위기관리연구소,KICA,김운용,02-583-7605,서울특별시 강남구 논현로189길6 (압구정동),,26732500
2,MDF0013,1,13911,***,군 지휘통신체계 유지보수 발전방안 연구용역,용역,MDF,국군지휘통신사령부,202405011400,HC643,주식회사 온품,Onpoom Corporation,김유혁,0221635230,서울특별시 영등포구 당산로49길13 (당산동6가),0,44200000
3,LDH0433,1,15589,***,의무 환자응답스위치 등 11품목 구매,물품,LDH,육군종합정비창,202405011300,DDDC8,킴스헬스케어,kimshealthcare,박향미,07077879011,"경기도 군포시 번영로497-0 (산본동, 금화프라자) 502호",97.699,12214980
248,HCM0040,1,17292,***,24년 POL 제초용역 계약,용역,HCM,공군교육사령부,202405011300,GBAFD,신화건설 주식회사,"shinhwa construction co.,Ltd.",정신숙,0559452554,"경상남도 거창군 거창읍 거열로234-9, 101호",88.016,20829268
3,LCP0030,1,17215,***,00부대 고가초소 철제계단 보수,물품,LCP,육군항공사령부,202405011130,J1695,주식회사 서현,,김미숙,0448647288,세종특별자치시  금남면 범허리길105,99.023,7700000
27,LQS0007,1,16555,***,'24~'27년 얼음 냉ㆍ온 정수기 임차 용역,용역,LQS,제3739부대,202405011100,M79E3,케이제이상사,,강주현,010-2890-2231,경기도 부천시 원미구 삼작로286-0 (도당동) 1층,87.788,133597400
53,HCL0036,1,17543,***,"24-090, 091, 117 프론트 스테빌라이저 등 187품목",물품,HCL,공군사관학교,202405011100,IC1EE,제이앤제이,,송옥주,0432148264,"충청북도 청주시 상당구 산성로98번길23 (용담동,석훈빌딩) 7층7141호",88.024,46005330
37,HDS0005,2,17486,***,24-미-1 해양환경영향조사 용역,용역,HDS,공군미사일방어사령부,202405011100,K9D4E,(주)에이스이앤지,,채승식,0269491320,"충청남도 보령시 신설3길24-2, 2층 202호 (동대동)",88.091,40812200
37,HDS0005,1,17486,***,24-미-1 해양환경영향조사 용역,용역,HDS,공군미사일방어사령부,202405011100,K9D4E,(주)에이스이앤지,,채승식,0269491320,"충청남도 보령시 신설3길24-2, 2층 202호 (동대동)",88.091,40812200
6,MCS0059,1,17197,***,(군수-012) 순번표시기 구매 설치,물품,MCS,국방부계룡대근무지원단,202405011100,J7641,케이엠글로벌,,박미영,0415770063,"충청남도 천안시 서북구 검은들3길46, 8층 803-2(8020)호(불당동, 미래시티빌딩)",96.314,2992000
6,SFJ0009,1,16554,***,항공관제용 콘솔녹음체계 외주정비 용역,용역,SFJ,제2112부대,202405011100,JC780,주식회사 휴먼젠,,김호연,0448672600,세종특별자치시  아름서1길13-1 (아름동) 614호,88.034,50856000
19,LFK0034,1,17046,***,24년 2분기 자산취득품목 구매,물품,LFK,육군종합군수학교,202405011100,L0D4F,주식회사 갑천만수,,안중철,07087982774,"대전광역시 서구 갈마로219번길47, 445호(괴정동)",88.166,13682222
3,LNQ0021,1,17288,***,02대대 취사식당 관급자재(고효율 진공온수보일러),물품,LNQ,제17보병사단,202405011100,D84D3,주식회사 동광보일러,"DONGKWANG BOILER CO., LTD.",박정연,0262588989,충청남도 아산시 수장로67-0 (배미동),97.697,27950000
4,MCS0058,1,17184,***,(군수-011) 가스레인지 등 2종 구매,물품,MCS,국방부계룡대근무지원단,202405011100,L0943,이젠진상사,,김진혁,0425513100,"충청남도 계룡시 엄사면 엄사중앙로66, 3동 104호",88.008,4842200
22,LFK0033,1,17033,***,24년 1수송연대 자산취득품목 구매,물품,LFK,육군종합군수학교,202405011100,EF2CA,대광종합상사,DaKang a general trading company,김정현,0336539838,강원특별자치도 강릉시 경강로2496,88.211,4365410
324,UMM0498,1,16469,***,24-N-절연지 절단기 구매,물품,UMM,국군재정관리단,202405011100,F8458,케이에스이엔지주식회사,"KSENG CO., LTD.",김미옥,07047052878,강원특별자치도 평창군 평창읍 농공단지길26,83.337,200113790
68,UMM0494,1,12849,***,24-M-얼음 냉온정수기 임차 용역,용역,UMM,국군재정관리단,202405011100,M62B3,주식회사 더원시스템즈,,옥유진,07040445370,"경상남도 창원시 의창구 평산로33, 신화 더 플렉스시티동 2136호(팔용동)",85.168,812700995
4,UMM0499,1,11823,***,(246159-B)M15 중대전차지뢰 목상자 등 12품목 제조,물품,UMM,국군재정관리단,202405011100,2839F,금성목재,,유재득,0512011011,부산광역시 사하구 하신중앙로84-0 (신평동),84.82,684850000
303,UMM0248,2,04323,***,(246051-F) 체력단련장 코스관리용 모래 구매,물품,UMM,국군재정관리단,202405011100,C75A7,삼양소재개발(주),,이학영,0418549494,충청남도 공주시 우성면 용봉어천길 189(),84.395,461664000
5,LCF0122,1,16904,***,"링크,트랙슈용,연결용 등 8항목 제조(자주포)",물품,LCF,육군군수사령부,202405011030,L8E9D,뉴테크코리아 주식회사,,이인순,07075763689,경기도 화성시 송산면 송산포도로510-13,88.024,142049492
51,SFH0068,1,17261,***,24-B-광 단국장비 유지보수용역(도서지역),용역,SFH,제9196부대,202405011030,GEBF4,주식회사 제트로정보통신,ZETRO,김명희,07042886958,"인천광역시 미추홀구 주염로58, 190-1호(주안동, 주안시범공단)",88.02,47082342
44,SFH0067,1,17047,***,24-B-버터플라이 등 11품목 구매,물품,SFH,제9196부대,202405011030,G805B,주식회사 제일휘트니스,jeil fitness co.,이정금,0325798912,인천광역시 미추홀구 염전로165번길56-0 (도화동),95.679,37565000
36,SDF0059,1,17211,***,도서(공중항법 필기 등 142종),물품,SDF,제5738부대,202405011030,K62E5,경이네트워크,,이정배,01023347671,경상북도 포항시 남구 중앙로154 (해도동) 16층 1607-45호,90.014,6132148
21,SEE0021,1,17208,***,이동식 화장실 임차 용역,용역,SEE,제9해병여단,202405011030,CC1DE,마루기획,maroo event agency,이창욱,0537680430,대구광역시 남구 대명로21길9 (대명동) 1층,88.452,21741590
46,LFC0035,1,17203,***,육훈소 사랑아파트 도배장판 용역,용역,LFC,육군훈련소,202405011030,DE38D,(합)창조연대산업개발,chang jo,이민혜,0417335200,"충청남도 논산시 해월로259번길12, 111동202호(화지동)",88.029,10500400
45,SDF0058,1,17196,***,에코소닉 투명 초음파겔 등 67종,물품,SDF,제5738부대,202405011030,G8B30,(주)테스온,TES-on,오선옥,01029482014,"경기도 양주시 부흥로1932, 5층 5801호 (광사동)",88.109,37405400
56,LMZ0008,1,16995,***,24-1차 공기청정기 필터 구매,물품,LMZ,제2236부대,202405011030,DCA95,동성ENG,DONG SUNG ENG,김영배,0319576648,경기도 남양주시 화도읍 가곡로88번길54,88.027,18180420
133,LMR0025,1,17362,***,'24년 주거시설 정기안전점검 용역,용역,LMR,제5군단사령부,202405011030,H58F7,주식회사 라임,LAIM,홍용희,03180280184,"경기도 하남시 미사강변한강로165, 제5층 제비에이05-0030호 부터 0034호(망월동, 현대클러스터 한강미사3차)",88.001,79024573
11,LHG0018,1,17180,***,"‘24-2,3분기 정보화예산 집행 물품구매",물품,LHG,제1862부대,202405011030,M8FA1,한영,,최명진,01093418290,"강원특별자치도 인제군 인제읍 인제로177번길5-1, 1층 104호",88.068,54732300
6,SDF0060,1,17227,***,자물쇠 등 36종 구매,물품,SDF,제5738부대,202405011030,E9019,드림으뜸상사,Dreamtop Corp.,김범규,07077172948,"충청남도 계룡시 신도안면 신도안1길43, 1층",88.018,1223700
195,LHN0033,1,17178,***,24년 사이버지식정보방 소모품 구매,물품,LHN,제7보병사단,202405011030,A4884,라요,rayo,강춘식,0332574599,강원특별자치도 춘천시 지내고탄로80(신동),88.012,9842940
23,SCR0046,1,17136,***,해상용 들것 등 4품목 구매,물품,SCR,해군제3함대사령부,202405011030,EBBFB,전일종합상사,jeonilwhdgkq,전일석,07077337131,전라남도 목포시 통일대로75번길7-1 (옥암동),88.15,15920000
3,SCF0395,1,07801,***,"잠수함(SS-I, II) 선체 및 실내 청락 도장 용역",용역,SCF,해군군수사령부,202405011030,BD677,수일종합환경 주식회사,"SOOIL MARINE SERVICE CO.,LTD.",서영완,051-463-5824,부산광역시 동구 중앙대로180번길 12-10(),88.765,755980000
44,LQG0040,1,17269,***,박달훈련대 영상모의사격장비 유지보수 용역,용역,LQG,육군 52보병사단,202405011030,J0300,주식회사 한국방재기술단,,정민규,025043824,"경기도 과천시 별양상가로7, 502호(별양동)",88.232,62003300
46,LQG0039,1,17263,***,서초훈련대 영상모의사격장비 유지보수 용역,용역,LQG,육군 52보병사단,202405011030,J0300,주식회사 한국방재기술단,,정민규,025043824,"경기도 과천시 별양상가로7, 502호(별양동)",87.838,89427000
892,LHD0020,1,17306,***,제초관리 용역 (X032),용역,LHD,제21보병사단,202405011030,F4894,(주)창조이앤에프,chang jow,김정화,0332511587,강원특별자치도 태백시 연지로31 (황지동) 2층202호,88.005,252146625
2,LCJ0027,1,12544,***,(24육-용역9)스마트 통합물류센터 신축 선행연구 용역,용역,LCJ,종합보급창,202405011000,E33A6,(사)국방시설연구협회,kooksiyon,정주교,0317528708,"경기도 성남시 수정구 복정로84번길 22-15,(B-001호) (복정동)",,41000000
40,LNH0003,1,17042,***,'24-1차 급조폭발물처리 공구 구매,물품,LNH,육군제7163부대,202405011000,I77E8,엘케이에스(LKS),LKS,이경수,0319089603,"경기도 고양시 일산동구 호수로646-24,  209-4호(장항동, 위너스21-II)",88.05,17714760
10,LDH0428,1,15989,***,K1전차 어댑터 등 15종 구매,물품,LDH,육군종합정비창,202404301300,JA89E,삼강운수,,정광필,055-311-7447,부산광역시 중구 충장대로9번길20 (중앙동4가) 701호,87.995,14674200
9,LDH0430,1,16000,***,"K200 링,베어링용,외부용 1종 구매",물품,LDH,육군종합정비창,202404301300,L4D65,주안산업,,강선자,010-7788-0337,"경상남도 창원시 의창구 반계로104-9 (팔용동, 팔용벽산블루밍A단지)206-505",88.008,8910200
6,LDH0429,1,15992,***,K1전차 어댑터 등 31종 구매,물품,LDH,육군종합정비창,202404301300,L06F8,코비상사,,김일우,051-704-2226,"부산광역시 강서구 명지국제2로41-0 (명지동, 더샵 명지퍼스트월드 3단지) 309동 2406호",88.124,18108300
307,LCF0121,1,14623,***,전압 조정기 등 14항목 구매(궤도-006),물품,LCF,육군군수사령부,202404301130,CAAB4,강원상사,KWANG WON,김동국,0332422612,강원특별자치도 춘천시 남춘로17-0 (퇴계동),99.189,145862000
2,EBB0107,1,2E401,***,'24년 수입포,물품,EBB,지상공통전력운영계약팀,202404301100,0623F,(주)동인산업,DONGIN.CORP,김형도,0518635983,부산광역시 연제구 과정로344번길 53(연산동),85.339,460194000
115,HDQ0039,1,16967,***,20비 24-106 솔더링 기술 실습 키트 1종 150점,물품,HDQ,제20전투비행단,202404301100,J7D4B,와이에스컴퍼니,,유성숙,07088610044,"경기도 고양시 일산동구 호수로646-24,209-33호 (장항동,위너스21-2)",88.01,21307990
3,SFC0039,1,16423,***,24-덕-유해환경근무자 특수건강진당 대행 용역,용역,SFC,제9691부대,202404301100,H5A1B,사단법인 공감직업환경의학센터,Hyang-nam Gong-gam Clinic,김정수,031-352-0911,경기도 화성시 향남읍 행정서로3길34-6,88.628,3003180
2,HCL0035,1,17326,***,24-117 타이어 등 16품목,물품,HCL,공군사관학교,202404301100,CCE8F,청남판매 주식회사,"CheongNam Sales Co.,Ltd",오흥교,043-296-8333,충청북도 청주시 서원구 청남로1898 (미평동),88.557,22460604
11,SFC0043,1,16927,***,24-덕-취사식당 작업환경 실태조사 용역,용역,SFC,제9691부대,202404301100,KE894,공감산업연구소 주식회사,,정연희,0215222221,"경기도 의정부시 효자로10, 송산중앙프라자 706호(민락동)",88.729,10358515
169,LHP0020,1,16639,***,24년 제초용역(포병여단),용역,LHP,제22보병사단,202404301100,GAAA4,주식회사 햇빛알엠에스,haetvit rms,신꽃님,0337356505,강원특별자치도 원주시 우산로90 (우산동),88.003,57017581
168,LHP0019,1,16638,***,24년 제초용역(06여단),용역,LHP,제22보병사단,202404301100,C13A9,주식회사 케이종합건설,K construction,홍성운,07044597762,"강원특별자치도 원주시 치악로1521,  402호 (관설동)",88.001,56134700
167,LHP0017,2,16635,***,24년 제초용역(03여단),용역,LHP,제22보병사단,202404301100,B96DE,주식회사 포레스트,,지은경,0334624536,강원특별자치도 인제군 인제읍 내린천로 6760 한양쉐르빌 제101동 제지1층 제비01호(),88.001,53527700
167,LHP0017,1,16635,***,24년 제초용역(03여단),용역,LHP,제22보병사단,202404301100,B96DE,주식회사 포레스트,,지은경,0334624536,강원특별자치도 인제군 인제읍 내린천로 6760 한양쉐르빌 제101동 제지1층 제비01호(),88.001,53527700
282,HCR0020,1,16906,***,24년 간부숙소 제초용역,용역,HCR,공군제15특수임무비행단,202404301100,J52FE,주식회사 늠내조경,,박종남,0316866369,"경기도 평택시 안중읍 강변로200, 7호",88,9573700
26,HCR0019,1,16914,***,24년 POL 제초용역,용역,HCR,공군제15특수임무비행단,202404301100,BD2BC,(주)영림공사,Young Lim Gong Sa,김명근,0316330204,경기도 이천시 부악로16-1 (중리동),88.009,31803070
15,LHM0043,1,16816,***,군-탄-6 전투용앰프 구매,물품,LHM,제15보병사단,202404301100,L916A,정평,,최명진,07077865007,"강원특별자치도 화천군 간동면 느릅길25, 1층 101호",88.057,49147200
153,LHQ0022,1,16861,***,24년 00부대 취사장 및 병영식당 청소용역,용역,LHQ,제2작전사령부,202404301100,B944E,주식회사 수정기업,SUJUNG,손영옥,0548588504,경상북도 안동시 풍산읍 석교길31 (1층),88.002,21807480
167,LHP0018,1,16636,***,24년 제초용역(05여단),용역,LHP,제22보병사단,202404301100,L0E14,주식회사 에코숲,,이동욱,0332622719,"강원특별자치도 춘천시 안마산로214 2층 8호 (퇴계동, 퇴계금호타운아파트 상가동)",88,59456990
35,HCC0035,1,16721,***,섀클 등 14종(059/061/062),물품,HCC,해군제1수리창,202404301100,LDA97,소망유통,,최인숙,01062487950,강원특별자치도 동해시 서동로721-6 (신흥동),88.01,13304740
5,UMM0508,1,16871,***,24-N-00창 민간위탁 배송 용역,용역,UMM,국군재정관리단,202404301100,EA027,디에스케이글로넷 주식회사,DSK Glonet CoLtd,정주비,025112403,"경기도 화성시 효행로1068, 9층 910-1호 (병점동, 리더스프라자)",86.347,307950720
61,UMM0505,1,16712,***,24-F-0전비 2중펜스 및 기지외곽 제초용역,용역,UMM,국군재정관리단,202404301100,I7884,부강건설 주식회사,BU KANG,김명자,0629596465,"광주광역시 서구 구성로89, 3310호(양동)",88.046,105362000
4,UMM0502,1,16569,***,24-N-동원선박 군수지원 검증훈련 선박임차 용역,용역,UMM,국군재정관리단,202404301100,3277F,현대글로비스 주식회사,HYUNDAI GLOVIS,이규복,0261919114,"서울특별시 성동구 왕십리로83-21 (성수동1가, 아크로 서울포레스트)",86.72,381000000
6021,UMM0496,1,16214,***,(246091-C) 매트 위생용 등 2품목 구매,물품,UMM,국군재정관리단,202404301100,J90FD,씨에이치컴퍼니,,임철호,01033098714,"경기도 고양시 덕양구 오금로7, 306동 701호 (신원동)",87.995,97142580
325,UMM0491,1,16203,***,(247085-B) 의료기재(일반재료 280종) 구매,물품,UMM,국군재정관리단,202404301100,FFAF6,주식회사 진선메디칼,jin sun medical,안형모,0432104172,충청북도 청주시 청원구 오창읍 농소길33-58,82.995,674095000
424,UMM0495,1,14738,***,(24F138-A)00학교 제초용역,용역,UMM,국군재정관리단,202404301100,J6E81,(주)누리조경,,임효숙,0316065005,"경기도 광주시 오포읍 문형산길195 , 1층",88.002,52079205
2,UMM0503,1,13152,***,(246161-C) 24년 LAN용 서지보호기 제조(리스물건),물품,UMM,국군재정관리단,202404301100,K418D,주식회사 메가셀,,이영호,0313399697,경기도 용인시 처인구 모현읍 동산로4-0,85.263,356783500
42,UMM0470,1,12989,***,24-M-전광판 제조,물품,UMM,국군재정관리단,202404301100,L1967,주식회사 신성이에스,,신재훈,0315641355,경기도 남양주시 다산지금로202-0 (다산동) 현대테라타워DIMC BF08-0021~23호,88.752,61527950
591,UMM0476,1,09064,***,"24-N-펄프장치, 유압식, 수동식 구매",물품,UMM,국군재정관리단,202404301100,LE36F,나래유통,,조성숙,01045225278,"경기도 안양시 동안구 관평로138번길13, 802-306 (평촌동, 초원마을세경아파트)",82.995,281952410
35,UAC0016,1,15437,***,2024년 폐쇄망 3D SW 라이선스 구매,물품,UAC,국방출판지원단,202404301100,K8572,(주)아이센트릭,,이상열,0220884830,"서울특별시 강남구 학동로31길12-0 (논현동,벤쳐캐슬빌딩)",98.274,140932000
785,MDG0128,1,15514,***,장비운영소모품(치과) 25종 구매,물품,MDG,국군의무사령부,202404301100,EC6D5,주식회사 더그린,thegreen,김영심,028311173,서울특별시 영등포구 도신로19길 8(),88.062,11078160
433,LNF0013,1,16661,***,24년 제초용역-B권역,용역,LNF,제1보병사단,202404301100,HA6A1,새안이엔지 주식회사,sei an eng co,박병후,0319530608,경기도 파주시 파주읍 약수길14-0,88.008,133822337
40,LNF0010,1,16204,***,"00부대 간부숙소 관급자재(전기, 원격검침)",물품,LNF,제1보병사단,202404301100,K0568,한양기전공업 주식회사,,호은선,0222812848,"인천광역시 서구 원전로59번길6, 1동 110호 (경서동)",88.008,124075078
176,LFP0005,1,16263,***,24년 제초용역,용역,LFP,육군보병학교,202404301100,C4208,주식회사 더푸른기업,woori,염수자,0618643900,전라남도 장흥군 용산면 장흥대로2746,87.746,133668411
4,HCG0003,2,08331,***,24-공군 해상도 검증 표적 구조물 제작 설치,물품,HCG,공군본부,202404301100,IEA63,(주)우리디자인,,조정선,0428416668,충청남도 계룡시 금암로26-0 (금암동) 105호,,46996400
2,ELA0016,1,5290,***,24년 연막수류탄류,물품,ELA,화력총괄계약팀,202404301100,0180F,한국씨앤오테크(주),"KOREA C.N.O. Tech. Co., Ltd.",오세홍,0545507600,경상북도 문경시 영순면 새갓길20-0,86.296,2530300000
3,EBB0104,1,5310,***,플렌지류,물품,EBB,지상공통전력운영계약팀,202404301100,2157F,평화정밀,PYEONG HWA PRECISION Co.,조현배,051-941-8491,부산광역시 강서구 미음산단3로120-0 (미음동),83.802,45693000
312,HCF0104,1,12703,***,[무장장착장비 부품]시동모터 등 62종,물품,HCF,공군군수사령부,202404301030,J7CEC,주식회사 씨티원 충남,,조영숙,07087671114,"충청남도 계룡시 장안로39, 303호 (금암동)",88.028,66409890
5,LCZ0008,2,15909,***,24년 5월 51동원지원단 동원훈련 버스임차 계약,용역,LCZ,동원전력사령부,202404301030,A8479,(주)세일여행사,SEIL TOUR,김중수,027391261,"서울특별시 종로구 삼일대로 4698층 (경운동, 서원빌딩)",89.059,19152000
114,SDQ0048,1,16959,***,니트릴 장갑 등 114종 구매,물품,SDQ,해군제2수리창,202404301030,L4BDB,창진종합상사,,서진수,010-6417-8010,"경기도 평택시 중앙2로13, 4층층 401-C10호(평택동, 센텀스카이빌딩)",88.001,17535400
212,HDT0013,1,15571,***,체력단련장 느티나무 등 3종 구매 설치(근-24-033),물품,HDT,공군작사근무지원단,202404301030,L643F,(주)지선이엔씨,,백혜경,0312934408,경기도 화성시 매송면 화성로2545번길45-2 (보성빌라) 나동 101호,88.002,24355765
346,LFC0034,1,16680,***,24-1차 훈련용품(표지판 등 36품목) 구매,물품,LFC,육군훈련소,202404301030,J60F4,유광이엔씨,,권용운,01077522088,"충청남도 아산시 둔포면 윤보선로652-76, 211동202호",88,19001600
396,LGT0038,1,16908,***,'24년 석면보호구 구매 계약(24-GP-19),물품,LGT,제2307부대,202404301030,K824D,추가령기획,,설수국,01053654720,"강원특별자치도 춘천시 남산면 서백2길31,  202호",88.006,14437100
27,SCN0078,1,16817,***,24-진-33 매트리스 세척 및 소독 용역,용역,SCN,제7001부대,202404301030,F0610,주식회사 태림,taelim,장서연,0552538356,"경상남도 창원시 마산회원구 3·15대로954, 8층 (구암동, 동남프라자)",88.047,6670870
178,SFM0039,1,16476,***,샤워타올 등 3품목 구매,물품,SFM,제3170부대,202404301030,KA462,미정컴퍼니,,손태옥,07040421380,"경상북도 포항시 북구 장량중앙로33 (양덕동, 한양 수자인)206/901",88.012,87204780
32,SFM0040,1,16714,***,진열장 등 2품목 구매,물품,SFM,제3170부대,202404301030,K1A65,주식회사 보금알앤디,,김성진,0542565503,경상북도 포항시 북구 청하면 동해대로2408-0,88.013,4699187
100,LFR0010,1,16692,***,24년 주둔지 제초용역,용역,LFR,육군기계화학교,202404301030,J5B39,조원산업 주식회사,,양승준,0629460001,"광주광역시 광산구 무진대로282, 12층(우산동, 무역회관빌딩)",88.013,40871760
18,LGT0035,1,16618,***,도시형 정보분석장비 구매(24-GP-14),물품,LGT,제2307부대,202404301030,I1B68,백명종합상사,back myun,이명희,0336482882,강원특별자치도 강릉시 토성로124-0 (용강동)  9호,88.202,8676620
260,LFG0001,1,16446,***,'24년 육군방공학교 제초 용역 계약,용역,LFG,육군방공학교,202404301030,DAE50,(주) 청자조경,Chung-Ja Landscape Architecture,류경상,0415643939,"충청남도 천안시 동남구 풍세면 금호1길82, 102호",88.01,47342000
5,SFH0063,1,16973,***,24-B-유해환경작업자 특수건강검진 용역,용역,SFH,제9196부대,202404301030,I3D70,한강 수 병원,hangangsoo hospital,고장휴,0220638385,"서울특별시 영등포구 영등포로83 (양평동1가, 5)",88.401,27985000
30,SCU0038,1,16953,***,CD 라벨 등 362종 구매,물품,SCU,해군 기동함대사령부,202404301030,K242C,영신상사,,조현영,07088368810,제주특별자치도 제주시 내도1길23 (내도동) 3동317호,88.598,18297208
31,SCU0037,1,16841,***,LED손랜턴 등 155종 구매,물품,SCU,해군 기동함대사령부,202404301030,M0EF1,놀멍스토어,,허은총,01029733624,"제주특별자치도 제주시 우도면 천진동길2-0  ,  203호",88.005,14073550
176,SCH0056,1,15694,***,24-24호 탬퍼링 블랙 커터 등 470종 구매,물품,SCH,해군작전사령부,202404301030,M8748,세계로유통,,배진희,010-9321-6203,"경상남도 창원시 성산구 외동반림로219, 102동 1402호(반림동, 현대아파트)",88.003,27959553
160,SCN0080,1,16891,***,24-진-주도로 전광판 설치 납품,물품,SCN,제7001부대,202404301030,BF890,주식회사 조인테크,Jointech coporation,이승호,0618073690,전라남도 장성군 남면 나노산단2로110,88.006,42440327
43,SCN0079,1,16937,***,공기청정기 필터 등 8종 구매,물품,SCN,제7001부대,202404301030,HE4E7,사단법인 한국장애인미래정책포럼,,배영환,0237753969,서울특별시 영등포구 선유로9길10 (문래동6가)2층 203호(에스케이브이원센터,88.079,19732098
2245,SCL0027,1,16913,***,부대비품(쓰레기 수집함) 구매,물품,SCL,해군사관학교,202404301030,C1500,세현종합상사,,황정욱,055-543-3391,경상남도 창원시 진해구 여명로 6(),88,17458300
39,LNF0016,1,16898,***,24년 제초용역-A권역,용역,LNF,제1보병사단,202404301030,F678D,주식회사 케이비건설,KB const. co,백호영,0319075893,경기도 파주시 순못길27 (다율동),88.101,83513763
41,LNF0015,1,16895,***,24년 제초용역-C권역,용역,LNF,제1보병사단,202404301030,H5DD4,주식회사 다임건설,Dime cunst & eng,박현숙,0319435893,"경기도 파주시 순못길29, 101호(다율동)",88.107,46452211
384,LHN0032,2,16804,***,"24년 2,3분기 전산운영용품 구매",물품,LHN,제7보병사단,202404301030,JDD54,광성산업,,염인자,033-253-3411,강원특별자치도 춘천시 후석로420번길7-0 (후평동) 538호,88.001,60182490
384,LHN0032,1,16804,***,"24년 2,3분기 전산운영용품 구매",물품,LHN,제7보병사단,202404301030,JDD54,광성산업,,염인자,033-253-3411,강원특별자치도 춘천시 후석로420번길7-0 (후평동) 538호,88.001,60182490
176,SCH0056,2,15694,***,24-24호 탬퍼링 블랙 커터 등 470종 구매,물품,SCH,해군작전사령부,202404301030,M8748,세계로유통,,배진희,010-9321-6203,"경상남도 창원시 성산구 외동반림로219, 102동 1402호(반림동, 현대아파트)",88.003,27959553
319,LHN0031,1,16781,***,24년 더 좋은 병영식당 취사기구 구매,물품,LHN,제7보병사단,202404301030,KB363,내무반코리아,,서소정,0334418474,강원특별자치도 화천군 상서면 영서로7822,88.007,18575650
289,MCX0023,1,16780,***,추동점퍼 등 5종 구매,물품,MCX,자운대근무지원연대,202404301030,L69B3,영영그룹,,위영복,01067906327,"대전광역시 대덕구 대전로1185번길30-0 (오정동, 양지마을아파트) 103호 1304호",88.003,30451207
38,SCL0026,1,16834,***,2분기 의무약품(라미실 정 등 119종) 구매,물품,SCL,해군사관학교,202404301030,LA9E0,고고팜,,임선희,053-247-9090,"경상북도 경산시 장산로25길14, 2층 제사무소호(삼북동, 초원맨션)",88.001,18011240
185,LNG0019,1,16651,***,'24-29년 얼음정수기 임차 용역 (74대),용역,LNG,육군 제1군단,202404301030,L38B0,수안,,안은수,01087098539,"경기도 김포시 김포한강5로385, 204동 1505호(구래동, 호수마을 e편한세상아파트)",87.755,164386620
460,SFN0035,1,16411,***,만능크리너 등 169종 구매 납품,물품,SFN,연평부대,202404301030,HB532,주식회사아람송,,장정희,0328130844,"인천광역시 남동구 능허대로649번길83,  2층 (고잔동)",87.995,113214806
3,SFM0038,1,16477,***,여과기 킷트 등 36품목 제조,물품,SFM,제3170부대,202404301030,JCFB4,주식회사 건우엠티씨,,문동식,0552944015,경상남도 창원시 의창구 차룡로16-0 (팔용동),87.048,428435000
4,SCK0044,1,15783,***,탁송용 A형 포장박스 제조 납품,물품,SCK,해군교육사령부,202404301030,L23C9,(주)대한종합포장,,조명덕,0319960081,경기도 김포시 대곶면 대곶남로481,88.481,10348800
526,SCF0385,1,15623,***,"(긴급) 양극전류용, 음극방어 부식방지용 등 48종",물품,SCF,해군군수사령부,202404301030,L8DD1,주식회사 에바다,,허아람,0555479241,경상남도 창원시 진해구 안청남로6번길6-0 (안골동) 에바다축산,88.017,50389000
23,SCF0384,1,15229,001,부챗살(냉동/덩어리) 구매,물품,SCF,해군군수사령부,202404301030,L50F3,송림축산,,김미애,0555521779,"경상남도 창원시 진해구 동진로138, 지하층 100-1호(덕산동)",87.998,25015
424,SCF0390,1,10867,***,"테이프, 발광형 1종 구매",물품,SCF,해군군수사령부,202404301030,KCDC8,퓨리에어,,황용균,01035990312,"경상남도 창원시 의창구 의창대로282번길9-15, 101호(중동)",88.045,17620000
725,SCF0391,1,10866,***,"고정기, 케이블 릴용 등 2종 구매",물품,SCF,해군군수사령부,202404301030,I0684,라온상사,Raon.,하정욱,070-7396-5007,경상남도 창원시 진해구 충장로468번길32-9(이동),92.91,70667930
324,SCF0387,1,10864,***,"분석기, 스펙트럼용 구매",물품,SCF,해군군수사령부,202404301030,JCA82,태형상사주식회사,,원동민,07088880132,"경기도 김포시 김포한강3로237번길16, (장기동, 314호)",88,14940270
147,MDS0006,1,16717,***,00체계 군직정비용 수리부속구매(안테나가스켓등16종),물품,MDS,제3707부대,202404301030,J69B2,아델라,,서주희,01088974323,"경기도 의정부시 송양로76 (민락동, 의정부민락우미린더스카이)",88.001,27546890
155,MDJ0023,1,16394,***,의무장비(운동부하심전도계),물품,MDJ,국군대전병원,202404301030,KFA5E,피엔케이메디칼 주식회사,,김민균,07075669896,"경기도 군포시 산본로323번길7-0, 401호 (산본동, 금성프라자빌딩)",98.038,47181500
3,MCR0032,1,12723,***,12.정책현안연구(북한의전쟁수행...),용역,MCR,국방대학교,202404301030,F3522,국방대학교산학협력단,KNDU R and DB Foundation,문호석,0418316361,충청남도 논산시 양촌면 황산벌로1040,,21500000
2,MCR0030,1,12719,***,10.군사과학정책연구(인공지능...),용역,MCR,국방대학교,202404301030,F3522,국방대학교산학협력단,KNDU R and DB Foundation,문호석,0418316361,충청남도 논산시 양촌면 황산벌로1040,,14820000
2,MCR0028,1,12716,***,8.정기기초과제(8.상비병력...),용역,MCR,국방대학교,202404301030,DC5FF,(사)한국위기관리연구소,KICA,김운용,02-583-7605,서울특별시 강남구 논현로189길6 (압구정동),,9608000
2,MCR0022,1,12710,***,2.정기기초과제(2.국가핵대응전략과...),용역,MCR,국방대학교,202404301030,F3522,국방대학교산학협력단,KNDU R and DB Foundation,문호석,0418316361,충청남도 논산시 양촌면 황산벌로1040,,33660000
2,MCR0021,1,12709,***,1.정기기초과제(1.2개의전쟁과..),용역,MCR,국방대학교,202404301030,F3522,국방대학교산학협력단,KNDU R and DB Foundation,문호석,0418316361,충청남도 논산시 양촌면 황산벌로1040,,33950000
185,LNG0019,2,16651,***,'24-29년 얼음정수기 임차 용역 (74대),용역,LNG,육군 제1군단,202404301030,L38B0,수안,,안은수,01087098539,"경기도 김포시 김포한강5로385, 204동 1505호(구래동, 호수마을 e편한세상아파트)",87.755,164386620
149,LMZ0005,1,16234,***,'24년 시설관리 민간인력 예초용역,용역,LMZ,제2236부대,202404301030,K5A20,주식회사 유진산업,,정정환,01053730451,"강원특별자치도 화천군 화천읍 중앙로3, 2층",87.769,103208000
202,LKT0045,1,16632,***,24년 부대계약 영내자 증식 구매,물품,LKT,제1989부대,202404301030,H58AB,주식회사 엔미디어솔루션,N-media solution,이근식,01042405887,"인천광역시 계양구 계산새로71, 비동 310호(계산동, 하이베라스)",83.22,115727188
33,LFR0009,1,16644,***,24년 공기청정기 필터 제조납품,물품,LFR,육군기계화학교,202404301030,F3C52,대원필터,DAEWON FILTER,이오형,0513617971,부산광역시 기장군 정관읍 산단7로8-20,88,27334590
85,LBB0011,1,16852,001,'24-3차 민수용 작전식량 구매,물품,LBB,육군제7789부대,202404301030,M597F,거제축산물급식센터 주식회사,,이정미,0556339393,경상남도 거제시 수양로210 (양정동),83.008,4184.5
5500,HCF0106,1,16013,***,이동용 체인톱 등 2종 구매,물품,HCF,공군군수사령부,202404301030,KF412,와이즈유통,,박은선,01044047773,"서울특별시 강서구 화곡로26가길10-0 (화곡동, 서부아파트) 605",87.997,52126960
4,MHD0045,1,15135,***,방위사업 원가계산 외부용역 4차,용역,MHD,방위사업청(운영지원과),202404291500,DD450,태성회계법인,TAESUNG,남상환,025610077,"서울특별시 강남구 역삼로25길35, 5층 (역삼동, 청오큐브타워)",,225500000
41,HDK0017,1,15466,***,"복지대대, 광성회관 식자재(농수산물 및 공산품류)",물품,HDK,공군제11전투비행단,202404291330,KA091,하늘푸드,,조미희,0519410823,부산광역시 강서구 맥도길473번길38-7 (대저2동)A동1호,83.01,375820000
1,LDH0381,1,12045,***,엔진 성능시험장비 고장진단시스템 제조 설치,물품,LDH,육군종합정비창,202404291300,IE03D,주식회사 이알시스템,,이창우,0432390300,충청북도 청주시 청원구 내수읍 은곡길72-55,84.745,189500000
84,SCF0386,1,16613,***,후부수리대 장의자 등 21종,물품,SCF,해군군수사령부,202404291300,KC0C1,강림,,이재혁,01098159393,경상남도 창원시 마산회원구 양덕북5길96 (양덕동),88.011,8640363
2,HCG0009,1,13553,***,24-정보우세권  확보를 위한 정보력 강화방안 연구,용역,HCG,공군본부,202404291100,D4631,주식회사 아이티존,ITZONE,김경일,0428233802,"대전광역시 대덕구 대화로120, 7층 729,730호(대화동, 가온비즈타워)",,37000000
11,LHM0042,1,16675,***,24년 폭염응급키트 구매,물품,LHM,제15보병사단,202404291100,LE564,반도종합,,김한나,07077865007,"강원특별자치도 화천군 간동면 느릅길25, 1층 103호",88.136,5272000
118,LHP0016,1,16640,***,24년 제초용역(직할부대),용역,LHP,제22보병사단,202404291100,D8DDD,주식회사 황소,hwangso,이호근,0336557904,강원특별자치도 강릉시 화부산로8번길4-0 (교동),88.005,25486746
26,LNT0014,1,16519,***,24-17차 부대구매 치과재료 구매,물품,LNT,제28보병사단,202404291100,K6AFB,케이위너스 주식회사,,김주연,07088098710,"경기도 고양시 일산동구 백석로86번길6-11, 101호(백석동)",88.058,6590390
1722,LNT0013,1,16517,***,2~3분기 전산운영용품 구매,물품,LNT,제28보병사단,202404291100,K2642,레버너스,,이상중,01071654601,"경기도 부천시 원종로66번길49,  201호",88,60289950
6,LGM0019,1,16347,***,(24-물품-39) 24-6차 의무물자 부대구매,물품,LGM,제11기동사단,202404291100,G3D14,주식회사 내일약품,"Naeil Pharm co.,ltd.",안진호,0314260011,"경기도 안양시 동안구 흥안대로125, 4층, 지하1층(호계동, 동안빌딩)",88.089,7138390
40,HCC0034,1,16707,***,"밸브, 글로브형 등 29품목(067,069)",물품,HCC,해군제1수리창,202404291100,K2717,일진펌프앤그린씰 주식회사,,박수홍,0335215030,강원특별자치도 동해시 공단7로41-0 (구호동),88.005,12598110
40,HCC0033,1,16687,***,"다기관, 공기배관용 등 13품목(068)",물품,HCC,해군제1수리창,202404291100,IB0EB,서주통상,seoju,최영자,010-5433-8836,강원특별자치도 동해시 지양길80-2 (지흥동),88.032,25694900
40,HCC0032,1,16679,***,"링, 피스톤용 등 43품목(066)",물품,HCC,해군제1수리창,202404291100,G409E,대광종합상사,DAGANG JUNGHAB SANGSA,김유람,0336539838,"강원특별자치도 동해시 망상길45, 1동 (망상동)",88.039,72689600
39,HCC0031,1,16655,***,"바, 금속제 등 207종(064,065)",물품,HCC,해군제1수리창,202404291100,IB07C,에이스통상,ace,유승현,070-8851-3657,강원특별자치도 동해시 발한로267 (발한동) 104호,88.024,16630200
25,LMP0018,1,16648,***,24년 재난예방 및 보수(이동식 산불진화장비세트)구매,물품,LMP,제3보병사단,202404291100,GF6B6,생활용품DC마트,dc,김은수,033-458-3227,강원도 철원군 서면 자등로611-0,88.01,36597180
42,HCC0027,1,14469,***,"피스톤,내연기관용 등 21품목(058)",물품,HCC,해군제1수리창,202404291100,LC6FF,디에이치유통,,단효빈,01057849957,강원특별자치도 동해시 동해대로5464 (평릉동) 203-33호,88.019,35036210
20,UMM0486,1,16061,***,24-F-군사경찰 가죽장구 제조,물품,UMM,국군재정관리단,202404291100,G4C32,（주）씨앤에스코리아（CNS KOREA）,CNS KOREA,최춘,0326241770,"경기도 부천시 석천로397,  201동 1103호 (삼정동, 부천테크노파크쌍용3차)",88.016,75750385
58,UMM0475,1,12926,***,24-N-온수순환수펌프 제조,물품,UMM,국군재정관리단,202404291100,E104F,주식회사지텍,"GTECH.Co., Ltd.",김금옥,07071267255,경기도 김포시 양촌읍 황금3로7번길36 (학운리),88.003,56119070
9,UMM0452,1,12516,***,24-F-훈련용 방수복 제조,물품,UMM,국군재정관리단,202404291100,ICB3C,성진에스앤에프 주식회사,,이성훈,07049424556,경기도 용인시 처인구 모현읍 백옥대로2101번길63-48,88.212,48888895
4,UMM0484,1,10631,***,24-F-기내식 운반차 제조,물품,UMM,국군재정관리단,202404291100,M6D97,리텍디티에스 주식회사,RETECHDTS Co. Ltd.,김태경,0444149201,세종특별자치시  연동면 명학산단남로60,85.454,402504000
37,UMM0448,1,09646,***,24-M-대테러 방탄복 제조,물품,UMM,국군재정관리단,202404291100,EA167,주식회사 메이크띵즈,,천나영,0326847847,"경기도 고양시 일산동구 문봉길70, 3동 (문봉동)",88.136,146843172
20,LMP0013,1,16399,***,24년 공기청정기 필터 제조구매계약,물품,LMP,제3보병사단,202404291100,GCCF0,(주)파란필터산업,"Paranfilter Industry.Co.,Ltd.",윤영훈,0313578606,경기도 화성시 우정읍 버들로827-20,88.042,112659782
22,SCQ0031,3,11154,***,차돌박이 등 135종 구매,물품,SCQ,제9911부대,202404291030,JDBD7,주식회사조아,,유종훈,0316847480,경기도 평택시 포승읍 이평길36-3,93.973,204620500
8,SDF0057,1,16681,***,XN-CHECK 등 3종 구매,물품,SDF,제5738부대,202404291030,J9EC5,준아트,,박용준,01093009534,"경기도 의정부시 안말로44(호원동, 현대아트홈) 602호",88.015,1526800
58,LNG0018,1,16605,***,24년 취사장 청소 용역,용역,LNG,육군 제1군단,202404291030,K9B75,주식회사 클린무브,,조서연,0319012494,경기도 고양시 일산동구 백석로85번길19-5 (백석동),90.018,16311120
77,LNS0036,1,16471,***,24년 정비ㆍ취사피복 제조ㆍ구매,물품,LNS,제55보병사단,202404291030,ICB3C,성진에스앤에프 주식회사,,이성훈,07049424556,경기도 용인시 처인구 모현읍 백옥대로2101번길63-48,88.049,54711307
4,HFK0008,1,16660,***,24년 VR 패트리어트 유지 보수 용역,용역,HFK,제1방공유도탄여단,202404291030,JC780,주식회사 휴먼젠,,김호연,0448672600,세종특별자치시  아름서1길13-1 (아름동) 614호,88.075,19799000
35,LNF0011,1,16656,***,24년 JSA대대 조경관리용역,용역,LNF,제1보병사단,202404291030,E3AF4,(주) 두성,"Doo Sung co, ltd",마희정,0319469515,"경기도 파주시 문화로23 (금촌동) 3층, 지하",88.23,19088450
60,SCP0048,1,16645,***,암호모듈 보안케이스 등 56종 구매,물품,SCP,제8385부대,202404291030,L6896,퓨어시스템,,김정희,01051021856,"강원특별자치도 동해시 배골길32-4 (이도동, 동해아이파크) 107동 5층 2호",88.017,36351000
162,SFL0021,1,16627,***,장갑 등 174품목 구매,물품,SFL,제3283부대,202404291030,J64CE,아름드리,,박희식,01047890953,경상북도 포항시 남구 상공로18번길43-0 (대도동),88.02,26697190
1905,SCQ0041,1,16620,***,대형버스 타이어 등 21종 구매,물품,SCQ,제9911부대,202404291030,M0AAA,사이랩,,김세용,010-2436-6579,"경기도 성남시 분당구 내정로165번길38 (수내동, 양지마을) 602동 1401호",88,26892364
5,SFL0020,1,16614,***,의약품(코푸정 등 64품목)구매,물품,SFL,제3283부대,202404291030,FA5A1,선진약품,sunjinpharm,최원수,0538148663,경상북도 경산시 원효로42길54-0 (사동),88.011,17586630
518,LFA0011,1,16539,***,"24년 취사장 청소용역(후두, 덕트, 이동식에어컨)",용역,LFA,제2신속대응사단,202404291030,J7E2E,주식회사 지엘,,이정애,0312170564,"경기도 용인시 기흥구 상갈로23번길8-0, 307호(상갈동)",88.003,12055950
1098,SDF0056,1,16676,***,abbott HIV 등 31종,물품,SDF,제5738부대,202404291030,M2A38,우주네,,주서현,0542476842,"경상북도 포항시 북구 양학천로173, 3층(죽도동)",88,13024457
21,SCP0049,1,16672,***,24-0함대 토양오염도 검사 용역,용역,SCP,제8385부대,202404291030,C749F,상지대학교 산학협력단,Industry Academic Cooperation Found ation of Sangji University,이혁제,0337300145,"강원특별자치도 원주시 상지대길83, 1층(우산동, 상지대길 83)",88.038,17698600
3367,SDF0055,1,16664,***,항공기 급유 노즐 등 17종 구매,물품,SDF,제5738부대,202404291030,K2E75,희올(Hee-all),,윤상희,01082279562,경상남도 창원시 마산합포구 고운로118-0 102호 A037,88.001,54371113
2025,SFG0047,1,15901,***,농도계 및 화구 등 17품목 구매,물품,SFG,제9181부대,202404291030,LDA23,천하장사삼남매,,김양균,01040447004,"경기도 안산시 단원구 광덕동로25-0 (고잔동, 안산레이크타운 푸르지오)103동 802호",87.995,10772721
134,MDD0072,1,15051,***,2024 외과장비운영소모품(6) 20품목 구매,물품,MDD,국군수도병원,202404261700,JCCFC,경기모아상사,,최현준,0328151336,경기도 평택시 중앙로29 (통복동) 은호빌딩 579호,88.001,25966895
2,LDH0369,1,11035,***,"페인트,알루미늄용(박리착색 자동화 시스템) 제조설치",물품,LDH,육군종합정비창,202404261300,IE5D2,철근산업기계,,함영철,0518316257,부산광역시 강서구 녹산산단262로49번길56-0 (송정동),86.356,1962700000
161,UMM0481,1,11260,***,(247114-F) 의료재료 구매,물품,UMM,국군재정관리단,202404261100,IE3D1,주식회사 제이에프,,진주,01090320950,"충청북도 청주시 청원구 율봉로159번길73-1, 301호(율량동, 스톰비오피스센터)",83.01,705191320
44,HCC0029,1,15716,***,안면부 여과식 방진마스크 등 121종,물품,HCC,해군제1수리창,202404261100,JA422,알파동해점,,김나윤,033-533-2228,"강원특별자치도 동해시 일출로10-1 (발한동, 발한상가아파트) 1층8호",88.219,14614800
3,LHP0015,2,16175,***,24년 7차 부대구매(의무비품구매 1차),물품,LHP,제22보병사단,202404261100,M9A7F,삼화,,김승환,01096614808,"강원특별자치도 고성군 거진읍 거탄진로142, 3층 301호",97.819,17935000
248,LFA0010,1,16276,***,24년 203신속대응여단 제초용역,용역,LFA,제2신속대응사단,202404261100,K8E8A,주식회사 천년조경,,차미영,0413521741,충청남도 당진시 서해로5734 (읍내동),88.025,55517701
458,LFA0009,1,16275,***,24년 201신속대응여단 제초용역,용역,LFA,제2신속대응사단,202404261100,J592F,주식회사 해수건설,,김태임,0558551423,"경상남도 산청군 단성면 목화로942,2층",88.008,87056000
538,LFA0008,1,16274,***,24년 신속대응사단 제초용역(양평),용역,LFA,제2신속대응사단,202404261100,J9970,주식회사 다온종합관리,,남화자,0314176153,경기도 안산시 상록구 매화로3길25 (이동) 102호,88.017,55991040
30,LPM0008,1,16189,***,24년 9사단 전기안전관리대행용역(28개소),용역,LPM,제9보병사단사령부,202404261100,FED28,주식회사 건은기술단,geoneungisuldan,이성문,0319486368,경기도 파주시 새꽃로62-0 (금촌동)베스트프라자608호,88.001,68462550
1658,LCN0024,2,16100,***,도서관 파라솔 구매,물품,LCN,육군사관학교,202404261100,K1EB7,슬로스텝,,신준호,01072885898,"서울특별시 중구 마른내로4길10,정산장학재단 사옥 내 구관 307호 (인현동1가)",88,21994000
1134,LCN0025,2,16095,***,도서관 벽면서가등 가구 구매,물품,LCN,육군사관학교,202404261100,L9FCB,평성상사,,이준서,01068070422,경기도 성남시 분당구 야탑로139번길6-7 (야탑동) 202,88,21661599
1658,LCN0024,1,16100,***,도서관 파라솔 구매,물품,LCN,육군사관학교,202404261100,K1EB7,슬로스텝,,신준호,01072885898,"서울특별시 중구 마른내로4길10,정산장학재단 사옥 내 구관 307호 (인현동1가)",88,21994000
21,EBBE019,1,9134,***,교량가설배 추진장치 구성품,물품,EBB,지상공통전력운영계약팀,202404261100,H0606,건일테크,Geonil Tech,김건홍,051-305-1756,부산광역시 사상구 낙동대로1390번길26-0 (삼락동),88.085,35226000
1134,LCN0025,1,16095,***,도서관 벽면서가등 가구 구매,물품,LCN,육군사관학교,202404261100,L9FCB,평성상사,,이준서,01068070422,경기도 성남시 분당구 야탑로139번길6-7 (야탑동) 202,88,21661599
3,LHP0015,1,16175,***,24년 7차 부대구매(의무비품구매 1차),물품,LHP,제22보병사단,202404261100,M9A7F,삼화,,김승환,01096614808,"강원특별자치도 고성군 거진읍 거탄진로142, 3층 301호",97.819,17935000
11,LPM0009,1,16318,***,24년 실내공기질 측정용역,용역,LPM,제9보병사단사령부,202404261100,C095E,미령환경개발(주),MI RYEUNG,이재관,024226462,"경기도 하남시 미사강변서로25, F839,F840호 (풍산동,미사 테스타타워 지식산업센터)",88.103,11665300
12,LCN0026,1,16273,***,24-2차 체육비품(체성분분석기) 구매,물품,LCN,육군사관학교,202404261100,M73D6,주식회사 프리젠,,백정기,0319285496,"경기도 양주시 백석읍 월암로17, 가동, 나동",91.695,2576000
496,UMM0490,1,13771,***,(247158-F) 스펙트럼 분석기 등 3종 구매,물품,UMM,국군재정관리단,202404261100,FC06E,주식회사 모렌스,MORENS INC,권오경,0423680068,"대전광역시 유성구 한밭대로138 (노은동, 노은노블레스) 201호",95.634,164780000
51,UMM0474,1,13399,***,(246156-C) 군악행사코트 제조,물품,UMM,국군재정관리단,202404261100,J9A8E,하디코퍼레이션,,김형문,029300209,"서울특별시 노원구 덕릉로115길8, 3층(상계동)",88.043,322828980
4,UMM0485,1,13376,***,24-N-이동정비용 소형버스(3VAN) 제조,물품,UMM,국군재정관리단,202404261100,G6EA2,주식회사 와풀,woowful,송봉주,0226783080,경기도 김포시 월곶면 김포대로2708-37,93.819,99721000
584,UMM0483,1,13300,***,(246151-C) 24-1차 교육장비 구매,물품,UMM,국군재정관리단,202404261100,GA21E,구루멘토링 주식회사,GuruMT,최동양,0222247321,"서울특별시 구로구 디지털로243, 705호(구로동, 지하이시티)",88.255,199329320
157,UMM0478,1,12946,***,(247148-E) 24년 외과장비소모품(3) 47품목 구매,물품,UMM,국군재정관리단,202404261100,IE3D1,주식회사 제이에프,,진주,01090320950,"충청북도 청주시 청원구 율봉로159번길73-1, 301호(율량동, 스톰비오피스센터)",83.058,284823050
226,LKH0009,1,15945,***,24년 00사단 제초관리 용역,용역,LKH,제6128부대,202404261030,H4D74,주식회사 이숲,DUKSAN,정지환,0555838370,"경상남도 함안군 칠원읍 오곡로94-0 , 203호",87.997,147944400
147,LGD0005,1,16412,***,'24년 제초관리용역,용역,LGD,육군종합행정학교,202404261030,AD1BF,대부포장건설주식회사,DAEBOOPOJANG,구본찬,0432537678,"충청북도 청주시 청원구 무심동로 592,  4층(우암동)",88.004,34208347
40,MCX0022,1,16335,***,요석제거제 등 155종 구매,물품,MCX,자운대근무지원연대,202404261030,L447A,성환,,박재은,01028964608,"대전광역시 서구 도산로403번길21, 4층20호 (탄방동)",88.028,21026399
40,SEE0020,1,16332,***,양모패드 등 495품목 구매,물품,SEE,제9해병여단,202404261030,I63A8,알파유통 주식회사,"Alpha Distribution Co., Ltd.",정승호,01044842590,"제주특별자치도 제주시 연북로21, 1609호 (노형동, 에코에비뉴)",88.017,78230900
14,LMQ0005,1,16330,***,24-A19)폭염대비 물자 구매,물품,LMQ,제7297부대,202404261030,MA8C6,현창기획,,김후백,01085990091,"경기도 가평군 조종면 현창로68번길5, 201호 (황궁파크)",88.173,19320618
19,MDQ0005,1,15930,***,혈압측정 트레이너 마네킹 등 10품목,물품,MDQ,국군의무학교,202404261030,ACDDD,(주)동성메디칼,"DONG SUNG MEDICAL CO., LTD",구시회,0422545759,대전광역시 중구 대전천서로 671(중촌동),96.782,22400000
261,LFC0032,1,16208,***,24년 2분기 1차 전산운영용품 구매,물품,LFC,육군훈련소,202404261030,L6E80,한켈 트래이딩 (Hancal Trade),,MOON BENNY,010-6208-2675,충청남도 태안군 근흥면 마금로296-5,88,23737620
247,SFN0037,1,16414,***,탄약고 비상벨 구매 설치,물품,SFN,연평부대,202404261030,LE0FD,차이나yo,,김정훈,010-9372-5315,인천광역시 부평구 경원대로1256번길18 (부평동)1층,88.001,30052056
32,SCU0034,1,16359,***,의약품(로자살탄정 등 16종) 구매,물품,SCU,해군 기동함대사령부,202404261030,IF2CB,주식회사 에일린바이오,,박영우,0315720940,경기도 남양주시 퇴계원면 퇴계원로67-1  3층,88.019,6780670
31,SCU0035,1,16378,***,충전라이트(LED) 등 219종 구매,물품,SCU,해군 기동함대사령부,202404261030,L3E3F,가람스토어,,이경미,07047155174,"제주특별자치도 제주시 우도면 우도로64,  201호",88.012,14156370
82,LFC0033,2,16340,***,육훈소 냉난방기 세관 청소용역,용역,LFC,육군훈련소,202404261030,M9B2E,규정유통,,이규정,07076129238,"충청남도 논산시 성동면 성동로357번길68, 1층",88.077,32691120
2,LMZ0007,2,16254,***,24년 전기안전관리대행 용역,용역,LMZ,제2236부대,202404261030,J57DD,진흥전기안전(주),,안상연,0332641555,강원특별자치도 춘천시 신동면 정족2길25,88.379,15610000
82,LFC0033,1,16340,***,육훈소 냉난방기 세관 청소용역,용역,LFC,육군훈련소,202404261030,M9B2E,규정유통,,이규정,07076129238,"충청남도 논산시 성동면 성동로357번길68, 1층",88.077,32691120
2,SFD0038,1,16270,***,24-P-갈등관리 업무용 차량 임차 용역,용역,SFD,제9227부대,202404261030,L3BBF,주식회사 써플라이코리아,,이준신,010-8864-3813,강원특별자치도 평창군 봉평면 태기로262-0  1층 102-2,94.51,8800000
6,SCH0059,1,15710,***,24-19호 야자매트 등 2종 구매,물품,SCH,해군작전사령부,202404261030,H91B2,주식회사 코아람,koaram,온가현,07043043040,경기도 화성시 남양읍 주석로116-19,89.229,3618690
11,LDH0402,2,12689,***,K77지휘차 스프링 구매,물품,LDH,육군종합정비창,202404251600,L16AC,환호테크,,서선희,0513283412,부산광역시 사상구 가야대로103번길10(감전동),88.086,1295690
2018,SCF0383,1,16104,***,"(긴급)방현재, 선박용 1종",물품,SCF,해군군수사령부,202404251600,L3E15,엘와이씨글로벌,,김채현,01040870517,"서울특별시 동작구 만양로84-0 (노량진동, 삼익주상복합아파트) 101동 1809호",87.995,145190300
174,HDF0040,1,16083,***,24년 일반도로 제초용역,용역,HDF,공군 제8전투비행단,202404251130,HCBB9,파란나라 주식회사,chun-il,김수현,0337641790,강원특별자치도 원주시 태장공단길54-10 (태장동),88.012,167572980
2,EBB0099,1,3015,***,꼬질대류,물품,EBB,지상공통전력운영계약팀,202404251100,BD48F,테크노와이시스템주식회사,"TECHNO Y. SYSTEM CO,. LTD.",백철,0438777200,충청북도 음성군 대소면 대금로 165-8(),83.858,480200000
595,HCR0017,1,16150,***,24년 일반구역 제초용역,용역,HCR,공군제15특수임무비행단,202404251100,J318C,주식회사 이음디엔아이,,박재성,0260137119,"경기도 성남시 수정구 위례광장로9-9, 제3층 제308호(창곡동, 남위례역 푸르지오 시티)",88.005,86230000
157,UHD0021,1,16117,***,'24년 [서울지역] 예초용역,용역,UHD,공군 작사예하 방포사예하 제3여단,202404251100,BA376,주식회사 성진조경,SUNGJINlandscape.co,김성찬,024853407,"서울특별시 강동구 성안로7길47,    202호(성내동)",88.001,70406200
166,LFS0001,1,16080,***,'24년 화생방학교 제초 용역,용역,LFS,육군화학학교,202404251100,DC976,주식회사 토우엔지니어링,towengineering,이호진,0618676046,전라남도 장흥군 대덕읍 대대로924,88.007,19875100
535,UHD0018,1,16077,***,'24년 [경기1지역] 예초용역,용역,UHD,공군 작사예하 방포사예하 제3여단,202404251100,GFEAD,유정조경 주식회사,youjung,배은희,07041210706,"경기도 연천군 전곡읍 은전로82-28 , 1층",88.025,51308080
243,SFJ0006,2,06954,***,광학장비 보관함 등 2품목 구매 납품,물품,SFJ,제2112부대,202404251100,IAE12,문덕철물종합상사,Mundeok tools and building materials,김종훈,054-293-7454,경상북도 포항시 남구 오천읍 문덕서로180-0,88.004,17128730
203,HDP0023,1,16125,***,(24-용역-27) '24년 탄약고지역 제초 유지관리 용역,용역,HDP,공군제19전투비행단,202404251100,K64FC,주식회사 성신조경,,박태규,01088412020,"충청북도 제천시 풍양로53, 1층 1호 (의림동)",88.01,76843020
43,HCC0028,1,16068,***,해수펌프 구매(060),물품,HCC,해군제1수리창,202404251100,KAA71,현대상사,,김영락,01052181431,강원특별자치도 동해시 부곡6길6(부곡동),88.015,59625320
101,UHD0020,1,16097,***,'24년 [제8217부대] 예초용역,용역,UHD,공군 작사예하 방포사예하 제3여단,202404251100,J0AC8,주식회사 에스엘엘,,문세빈,0327637374,"인천광역시 중구 제물량로197, 1층(항동5가)",88.565,24662650
532,UHD0019,1,16087,***,'24년 [경기2지역] 예초용역,용역,UHD,공군 작사예하 방포사예하 제3여단,202404251100,H44AF,한솔조경주식회사,hansol landscape,이규민,0313396223,경기도 용인시 처인구 경안천로36번길7-0 (마평동) 우량빌딩 405호,88.132,70306264
648,UHD0016,1,16047,***,'24년 [인천김포지역] 예초용역,용역,UHD,공군 작사예하 방포사예하 제3여단,202404251100,F379B,주식회사 와이에스개발,ys,조재운,0315280732,"경기도 남양주시 송산로339번길29-18, 1층(별내동)",88.001,51565830
513,UMM0471,1,14393,***,(24F139-A) 제초용역,용역,UMM,국군재정관리단,202404251100,E39B1,위드원조경건설(주),ADA INC,김경숙,028839333,서울특별시 관악구 신림로28길49-12 (신림동) 404호,87.999,66756810
1036,UMM0488,1,12707,***,(24F096-I) 육군훈련소 조경관리용역,용역,UMM,국군재정관리단,202404251100,B6C75,주식회사 크로바건설,croba,임국문,0544537893,경상북도 구미시 선기동송선로 408,87.995,54396495
1250,UMM0473,1,10858,***,(246139-F) 음주감지기 등 13종 구매,물품,UMM,국군재정관리단,202404251100,B3A6B,(주) 거승이엔씨,guseung,김주완,023334411,서울특별시 마포구 성산로2길 47(),88.01,167124284
152,MDG0127,1,15644,***,24년 의무장비(치료테이블전기식) 구매,물품,MDG,국군의무사령부,202404251100,H8ACE,주식회사우정상사,WooJungSangSa,오지녕,07046512888,"제주특별자치도 제주시 연북로21-0, 에코에비뉴 1609호",87.996,6609100
289,MDG0126,1,15637,***,24년 의무장비(좌욕기) 구매,물품,MDG,국군의무사령부,202404251100,I43F4,노브식스,Novesix,이기석,01053165051,"인천광역시 남동구 문화서로65번길9, 1301호(구월동, 웰메이드)",88,18554020
557,MDG0124,1,15625,***,24년 의무장비(전기수술기 피부과용) 구매,물품,MDG,국군의무사령부,202404251100,J9493,거성컴퍼니,,김중혁,01087172736,"전북특별자치도 익산시 선화로29길4, 2동 208호(남중동, 거성아파트)",87.995,21021500
409,MDG0123,1,15582,***,24년 의무장비(시약및약품냉장고소형(300L급)) 구매,물품,MDG,국군의무사령부,202404251100,J3FD7,다이아나,,김미희,01021730813,"인천광역시 미추홀구 능해길32, 2동 1211호 (용현동, 동아아파트)",87.995,24707698
1,HCG0008,2,14190,***,F-4 팬텀 퇴역식 행사 대행용역,용역,HCG,공군본부,202404251100,H0B9F,디에스지엔터프라이즈 주식회사(DSG Enterprise Ltd.),DSG Enterprise Ltd.,신동석,025521281,"서울특별시 강남구 선릉로112길39-0 (삼성동, 진영빌딩) 4층",90.594,269000000
5,EPA0001,2,7430,***,이동형자동기상관측장비,물품,EPA,항공기총괄계약팀,202404251100,AC5A7,주식회사 화성에어토탈,HWASUNGIT,박호균,0422739005,대전광역시 동구 옻밭5길159-0 (판암동),86.601,339281581
4,EBB0096,1,5144,***,하네스류,물품,EBB,지상공통전력운영계약팀,202404251100,0691F,대호정기(주),"Daeho Precision Co., Ltd",신영근,0553452121,경상남도 김해시 진영읍 서부로179번길 48(),84.216,493500000
36,LKT0043,1,15947,***,24년 공기청정기 필터 제조 구매,물품,LKT,제1989부대,202404251030,BE469,(주)더원필터,derwon filter,조병덕,0319771872,경기도 고양시 일산동구 공릉천로71번길38-9 (사리현동),88.002,108992000
31,LGT0034,1,16128,***,'24년 대형전시체계 교체사업(리스물건)(24-GP-13),물품,LGT,제2307부대,202404251030,J9DF8,주식회사 소영프로젝트,,정소영,01089022479,"강원특별자치도 춘천시 충혼길52번길10, 302호 (온의동, 드림타워)",88.008,64868325
72,SDQ0047,1,16139,***,소켓렌치세트 등 77종 구매,물품,SDQ,해군제2수리창,202404251030,L3373,동서종합상사,,최흥숙,07077337131,"경기도 평택시 안중읍 안현로서6길10, 406동 B03호(대원빌딩)",88.037,8583760
87,HDC0020,1,16266,***,24-용-44 POL 제초용역,용역,HDC,공군제1전투비행단,202404251030,HD533,주식회사 수인컴퍼니,songcheon,문명찬,0624173321,"광주광역시 광산구 사암로383번길39-0 ,121호(하남동)",88.038,30344230
430,HCM0038,1,16153,***,24-04-120 광컨버터 등 15품목 구매,물품,HCM,공군교육사령부,202404251030,I4B9E,주식회사 예운,yeun,석경연,01085407387,"경상남도 창원시 마산합포구 산호북4길30, 가동 상가2-12호(산호동, 용마맨션)",88.019,41947700
17,SFH0062,1,16145,***,24-B-장촌유류고 토양오염정밀검사 용역,용역,SFH,제9196부대,202404251030,FA27B,재단법인 그린환경연구원,GERI,조훈배,0632555149,"전북특별자치도 전주시 덕진구 정여립로968, 3층(만성동)",88.059,28375000
65,HDF0041,2,16140,***,"24-120, 항공기정비대대, 이동형 공구함 등 11종",물품,HDF,공군 제8전투비행단,202404251030,M73C0,서원,,심현남,01068338047,"강원특별자치도 원주시 중앙로86, 203호(중앙동)",88.03,12336252
129,SFD0037,1,16099,***,차량유지용품(자동차 퓨즈등 399품목)구매,물품,SFD,제9227부대,202404251030,JDCE0,주원산업,,유인청,01046878001,경상북도 포항시 남구 오천읍 냉천로340번길35,88.007,75939250
11,LGQ0012,1,16045,***,24-1차 정밀안전점검 및 내진성능평가 용역(재),용역,LGQ,제36보병사단,202404251030,J1FC1,주식회사이솔구조건축사사무소,,박상열,0337478300,"강원특별자치도 원주시 양지로80 (반곡동), 9층 801호",88.112,38479546
76,SCI0046,1,15984,***,케이블 조립체 등 16종 구매,물품,SCI,제9121부대,202404251030,M3F8F,레노마 진해,,양승훈,010-2102-8296,"경상남도 창원시 진해구 충장로325, 1층 107호(경화동, 한빛프라자)",88.024,13849490
12,LHN0028,1,15953,***,"(주거-1) 상리데시앙BTL 도배,장판(건설재해예방)",용역,LHN,제7보병사단,202404251030,LE87C,태영기술안전지도사사무소,,김병섭,010-6290-7233,"경기도 용인시 기흥구 서천로201번길31, 1동 10층 1026호(농서동, 이너매스허브시티)",88.182,2976200
7,LHN0029,1,15954,***,(주거-2) 백암C동 전기시설 공사(전기재해예방),용역,LHN,제7보병사단,202404251030,C983F,(주)신우전기엔지니어링,"Shin Woo Electric ENG co., Ltd.",이기철,0318408094,경기도 양주시 외미로16 (남방동),88.072,2336890
539,LNS0035,1,16162,***,24년 제초관리 용역(2권역),용역,LNS,제55보병사단,202404251030,I5317,주식회사 여주시조경연합회,yeoju,이선주,01072830482,경기도 여주시 강천면 섬강로263,88.004,47297070
570,LNS0034,1,16159,***,24년 제초관리 용역(1권역),용역,LNS,제55보병사단,202404251030,IB65F,주식회사 늘푸른조경,NeulPuReun Landscape,이은숙,0312724852,"경기도 용인시 수지구 포은대로410, 101동 613호(풍덕천동, 샤르망오피스텔)",88,64526600
10,LHG0017,1,16132,***,(물-033) 주거비품(백동아파트 4동 출입문) 설치 납품,물품,LHG,제1862부대,202404251030,M0976,정한인터내셔널,,김경민,01097979944,"강원특별자치도 인제군 북면 미시령로631, 일부",88.099,15020170
58,SDQ0046,1,16138,***,"고정기, 밸브스프링 리테이너용 등 55종 구매",물품,SDQ,해군제2수리창,202404251030,L4BDB,창진종합상사,,서진수,010-6417-8010,"경기도 평택시 중앙2로13, 4층층 401-C10호(평택동, 센텀스카이빌딩)",88.022,44914500
58,SDQ0045,1,16135,***,인젝터 등 4종 구매,물품,SDQ,해군제2수리창,202404251030,JD62E,하나솔텍,,전영례,070-4255-0057,경기도 평택시 현신3길75 (용이동),88.01,36935633
9,SCH0060,1,16130,***,이동식화장실 및 샤워장 임차 용역,용역,SCH,해군작전사령부,202404251030,L1081,산과들,,최창신,01036831000,충청남도 논산시 부창로25번길4 (부창동),88.11,46743500
12,LHN0030,1,16129,***,(대보수-9) 마현리 부대 더 좋은 병영식당(재해예방),용역,LHN,제7보병사단,202404251030,M47E4,주식회사 사람과건설안전,,정영희,03180580248,"경기도 화성시 동탄첨단산업1로27, 금강펜테리움 아이엑스타워, 비동 550호(영천동)",88.029,1799110
78,LKT0042,1,15946,***,24년 해상용 발전기 20kw 설치납품,물품,LKT,제1989부대,202404251030,J9920,주식회사 다경이엔씨건축사사무소,,선명숙,03180459923,경기도 안양시 동안구 벌말로126-0 (관양동) 평촌오비즈타워 2008호,88,21883500
89,HDC0021,1,16269,***,24-용-45 관사 및 간부숙소 제초용역,용역,HDC,공군제1전투비행단,202404251030,A2DDD,유한회사 제이케이건설,"J K CONSTRUTION CO., LTD",임수택,0625312990,"광주광역시 광산구 비아로62번길7-0 (도천동, 중흥1단지아파트)",88.028,38109640
412,LKH0010,1,16051,***,'24년 3분기 전산운영용품 구매,물품,LKH,제6128부대,202404251030,I7894,성민,sungmin,김준현,01085939452,경상남도 창녕군 대합면 대동월포로381-0,88.012,27666277
3845,SCF0378,1,13196,***,디지털 적외선 온도 측정기 1EA 구매,물품,SCF,해군군수사령부,202404251030,JA47A,쏭즈,,송현정,010-7136-0729,"경기도 김포시 유현로200, 112동 2501호(풍무동, 풍무푸르지오)",87.995,11507840
1376,SCF0380,1,10164,***,시일키트 등 15종 구매,물품,SCF,해군군수사령부,202404251030,JE3EF,엘제이,,박희준,01093830395,경기도 화성시 10용사로456 (반송동) 302호,87.995,117113848
146,LMH0028,1,15845,***,24년 군단 직할 취사장 청소용역(C038),용역,LMH,제7군단,202404251030,C061C,(주)남천종합관리,namchun,이순임,0314435337,"경기도 수원시 장안구 서부로2139, 2층 2114호(율전동, 에스케이허브블루)",88.004,22958370
1,MDG0118,1,13672,***,24년 환자만족도조사 및 환자경험평가 용역,용역,MDG,국군의무사령부,202404241530,KBBC5,주식회사 정데이터,,김의현,02-554-0705,"서울특별시 강남구 테헤란로503, 11층 1118호(삼성동, 하이브로빌딩)",86.354,20000000
6,LHQ0011,2,08061,***,24년 전반기 육군 정책연구 과제 연구용역,용역,LHQ,제2작전사령부,202404241400,C95B6,경운대학교 산학협력단,kyungwoon Univerity Industry-Academic Cooperation Foundation,심호준,0544791091,경상북도 구미시 산동읍 강동로730,,32500000
65,MHD0048,1,15862,***,방위사업청 청사 신축사업 매장문화재 표본조사,용역,MHD,방위사업청(운영지원과),202404241400,DB332,재단법인 경상문화유산연구원,gyeongsang cultural haritage research center,조재영,0557442371,경상남도 진주시 남강로 738(),88.026,43747000
111,HDN0022,1,15876,***,'24년도 POL 지역 제초,용역,HDN,공군제18전투비행단,202404241300,EBF87,주식회사 건백림,seungsan,이계천,031-582-5700,"강원특별자치도 춘천시 안마산로214, 상가동 3층 1호 (퇴계동, 퇴계금호타운아파트)",87.75,29309930
16,EBBE018,1,0465,***,개스킷류,물품,EBB,지상공통전력운영계약팀,202404241300,J9ADE,부강인더스트리,,이상재,010-5365-7451,부산광역시 사상구 가야대로175번길29(감전동),88.002,27733000
2,LDH0427,1,13906,***,24-6차 정비용 장비 부품 구매,물품,LDH,육군종합정비창,202404241300,JD941,창신테크,,박명숙,010-3561-4929,경상남도 밀양시 하남읍 양명길138-1,90.832,33892100
1,LDH0356,1,10413,***,궤도공급기 제조 설치,물품,LDH,육군종합정비창,202404241300,B4E26,엔디티엔지니어링 주식회사,"NDT Engineering and Aerospace Co., Ltd.",한현우,0552649200,경상남도 창원시 마산회원구 봉암동654-3번지 수출 제 2 공구,91.28,372000000
63,MDG0117,1,13671,***,24년 의무장비(간섭파치료기) 구매,물품,MDG,국군의무사령부,202404241100,I8FF2,주식회사 한스메디칼,HANS MEDICAL co.,한재희,0313463093,경기도 군포시 고산로148번길17-0 (당정동) 318호,88.169,2468540
1681,UHD0012,1,15899,***,[24-013] 부대비품(스탠드에어컨 등 3종) 구매,물품,UHD,공군 작사예하 방포사예하 제3여단,202404241100,L40AF,푸디앤라이프 주식회사,,최문수,0269591212,"경기도 광명시 일직로72,   씨동 15층 16호(일직동, 광명무역센터)",88.006,25225769
24,EBBE017,1,0460,***,오링 및 개스킷류,물품,EBB,지상공통전력운영계약팀,202404241100,JBCA9,시앤에스테크,,최재식,0513130420,부산광역시 사상구 학감대로252번길68-0 (주례동),88.002,96279900
2,LKG0031,1,15942,***,24년 작계훈련 병력수송차량 임차용역(부산),용역,LKG,육군제53보병사단,202404241100,GFEEB,춘하추동관광협동조합,ChunHaChuDong Tour,김정웅,0515143030,"부산광역시 부산진구 부전로7,  203호(부전동, 에스엔디 파인빌)",88.428,13217000
32,LPC0014,1,15822,***,24-1차 사이버지식정보방 소모품 구매,물품,LPC,제25보병사단,202404241100,IE5E4,주식회사 라온아띠,,강세구,03118117929,경기도 양주시 옥정서로254 (옥정동) 사회적기업동,88.036,6828126
11,LCN0022,1,15145,***,24-1차 체육비품 왕복달리기 측정시스템 구매,물품,LCN,육군사관학교,202404241100,FD1AF,주식회사 메디시온,MEDICION,김경호,03180761190,경기도 고양시 덕양구 삼막1길3(오금동),88.294,2822400
1,SFG0033,1,08327,***,24-서울경기남부-오수-1공구 설계용역,용역,SFG,제9181부대,202404241100,A4E0D,주식회사 에이치앤텍,H-ENTECH,김도은,0316628600,제주특별자치도 제주시 도공로154-7 (이호이동),0,0
150,UMM0468,1,15484,***,24-D-병영생활관 증축 및 개수 통합배선반 제조,물품,UMM,국군재정관리단,202404241100,F6FBA,대한정보통신(주),"daehan information communication co,ltd",강철호,0617256680,전라남도 순천시 해룡면 복성길14,88.005,222060520
14,UMM0465,1,15442,***,(24F066-I) 24년 음식물폐기물 위탁처리 용역(홍천),용역,UMM,국군재정관리단,202404241100,L8982,사계절환경,,최원희,010-3299-6480,"경기도 안산시 단원구 광덕2로50-3, 316호 (초지동)",84.324,133512740
5,UMM0463,1,13025,***,(24F114-A)  급유시설 기술검사 민간위탁 용역,용역,UMM,국군재정관리단,202404241100,C250D,프라임방재주식회사,prime fp,김회택,0226927119,"서울특별시 강서구 허준로217 (가양동) 가양테크노타운 503호, 507~509호",87.853,156831000
3,UMM0462,1,12443,***,(24F116-A) 육로 여객 수송용역(동부),용역,UMM,국군재정관리단,202404241100,B7D7C,매일관광주식회사,"MAEILTOURIST,CO.LTD",허봉,0332534567,"강원특별자치도 춘천시 동내면 순환대로940, 1층",98.246,328500000
236,UMM0482,1,10856,***,(247149-F) 외과장비운영소모품(4) 구매,물품,UMM,국군재정관리단,202404241100,K1F3D,주식회사 관이네,,김병관,01094011139,충청남도 계룡시 장안로39 (금암동),88,148573730
5,UMM0458,1,09518,***,24~25-F-트랙터 제조,물품,UMM,국군재정관리단,202404241100,M6D97,리텍디티에스 주식회사,RETECHDTS Co. Ltd.,김태경,0444149201,세종특별자치시  연동면 명학산단남로60,85.758,1700000000
5,UMM0466,1,09326,***,24-N-전원변환기 DC24V 200A 제조,물품,UMM,국군재정관리단,202404241100,1133F,이화전기공업 주식회사,EHWA TECHNOLOGIES INFORMATION CO.LTD,백성현,0234400204,"서울특별시 강남구 논현로 746, 석호빌딩(논현동)",88.011,124400000
1,SFG0033,2,08327,***,24-서울경기남부-오수-1공구 설계용역,용역,SFG,제9181부대,202404241100,A4E0D,주식회사 에이치앤텍,H-ENTECH,김도은,0316628600,제주특별자치도 제주시 도공로154-7 (이호이동),0,0
3891,SFC0037,1,15851,***,인화기 잉크세트 등 62품목 구매,물품,SFC,제9691부대,202404241100,M4E1A,에벤에셀,,박효선,01044921250,"경상남도 양산시 동면 금오12길4-13, 301호",87.995,45838184
75,LPN0003,1,15934,***,'24년 주거시설 도배 및 장판 설치납품(안양권역),물품,LPN,수도군단,202404241030,D441A,주식회사 일신아이디,ILSHIN I.D,문희정,028918190,경기도 광명시 범안로1039-0 (하안동) 삼호빌딩 비103호,83.018,223035290
291,SCN0073,1,15740,***,의무물자(폐활량필터 등 42종) 구매,물품,SCN,제7001부대,202404241030,EC2F9,희망정보,hope information,안은창,05022606118,전북특별자치도 전주시 완산구 호암로67-0 (효자동2가),88.001,32513970
63,SCF0376,1,15835,***,타카용스테플 등 14종 구매,물품,SCF,해군군수사령부,202404241030,K8BB4,주식회사 대경코리아,,조민구,07078581122,경상남도 창원시 의창구 원이대로271 (봉곡동) 3층 314-C호,88.029,3300800
39,SCN0072,1,15739,***,의약품(아세사이드 등 13종) 구매,물품,SCN,제7001부대,202404241030,K851A,예림팜,,이옥순,02-848-9600,서울특별시 영등포구 가마산로34길3 (대림동) 2층,88.046,29053950
352,HDL0012,1,15869,***,24-03-067 건전지 등 43종 구매,물품,HDL,공군제16전투비행단,202404241030,I2D31,기장유통,gijang company,김경화,01034555942,경상북도 포항시 북구 양덕로44번길16-0 (양덕동),88.021,13947448
2,SCN0076,1,15859,***,24-진-34 000관리대 프린터 임차용역,용역,SCN,제7001부대,202404241030,H416B,코람테크,CORAMTECK,김여진,07086597454,경상남도 창원시 진해구 연구단지1길16 (여좌동) 지식산업센터 5층 510호 코람테크,88.302,7752000
330,LDF0008,1,15729,***,1분기 실습재료비 구매,물품,LDF,육군정보통신학교,202404241030,I7540,주식회사 황산,hwang san,장영희,0422822957,"대전광역시 동구 대전천동로618-0 (삼성동, 빌라맨션)비동603호",88.004,26554450
323,MDF0014,1,14875,***,상용 위성전화기 구매사업,물품,MDF,국군지휘통신사령부,202404241030,L42D9,엠케이라벨,,손철용,01071693975,"경기도 파주시 가람로116번길107, 지하층 비101호(와동동, 운정한강듀클래스)",88.003,10607450
2496,LKS0032,1,15765,***,전반기 인쇄재료 19종 구매,물품,LKS,육군인사사령부,202404241030,M1936,삼남매마켓,,유련옥,01071398441,경상북도 구미시 인동가산로337-7 (구평동) 구평영무예다음2차 203동 303호,88,42408720
1416,SCQ0039,1,15754,***,코팅지 등 944종 구매,물품,SCQ,제9911부대,202404241030,L44E5,현스하우스,,조현욱,01098761803,경기도 파주시 대골길138-5 (오도동),88.003,32297871
17,SFH0060,1,15935,***,24-B-통합구매(배터리 등 13품목 871점 구매,물품,SFH,제9196부대,202404241030,L068E,주식회사 헤이치 인 헤이치(H in H),,허희은,07040127700,인천광역시 연수구 센트럴로313-0 (송도동),88.002,30622010
2,HDK0016,1,15903,***,24-2차 오수펌프장 및 관로 준설,용역,HDK,공군제11전투비행단,202404241030,C3260,주식회사 구마이엔씨,SAMMYUNG ENG,전근식,0535264377,대구광역시 북구 연경중앙로1길26-0 (연경동),88.935,35851400
19,SCP0047,1,15904,***,24-0함대 작업환경 측정 용역,용역,SCP,제8385부대,202404241030,E9ADD,주식회사용인서울산업보건연구원,YSIHI,이봉희,0313217432,"경기도 용인시 처인구 한터로38-0 (유방동) 3층,4층",88.104,23542000
42,SCN0075,1,15742,***,전기보온밥통 등 15종 구매,물품,SCN,제7001부대,202404241030,KC0C1,강림,,이재혁,01098159393,경상남도 창원시 마산회원구 양덕북5길96 (양덕동),88.015,6643719
26,LQG0038,1,15882,***,(육성) 00부대 전자교탁 시스템 등 설치 납품,물품,LQG,육군 52보병사단,202404241030,F3184,주식회사 화신,Hw Sin,유수경,07074506022,"경기도 고양시 일산동구 호수로430번길73-8 ,1층1호(백석동)",88.049,13994100
292,SCN0074,1,15741,***,"의무물자(석영셀, 10mm 등 127종) 구매",물품,SCN,제7001부대,202404241030,E8852,JS시너지,JS Synergy,서수연,01075122230,"경기도 시흥시 월곶중앙로14번길87, 203-1602(월곶동)",88.01,26736950
3,LHN0027,1,15811,***,24년 실내공기질 측정 용역,용역,LHN,제7보병사단,202404241030,E5A6A,(주) 에코엔비텍,Eco Environmental Technology,연정탁,0337655011,강원특별자치도 원주시 흥업면 북원로 1389 연세대학교 원주환경친화기술센터 302호(),88.459,16953100
90,SCQ0038,1,15651,***,단팥죽 등 24종 구매,물품,SCQ,제9911부대,202404241030,I529B,케이푸드,kfood,김경애,01063345293,경기도 고양시 일산동구 정발산로15-0 (장항동) 드림월드빌딩 4층414호,87.997,129456117
74,LPN0005,1,15940,***,'24년 주거시설 도배 및 장판 설치납품(화성권역),물품,LPN,수도군단,202404241030,IF8B2,대은건설 주식회사,,지대호,0318318188,경기도 화성시 동탄기흥로590 (영천동) B동 273호,88.015,163481950
75,LPN0004,1,15938,***,'24년 주거시설 도배 및 장판 설치납품(인천권역),물품,LPN,수도군단,202404241030,EF45E,다인건설(주),dain,남소영,07042409807,"경기도 고양시 덕양구 중앙로450, 501-1호(행신동, 명성프라자)",83.07,274543206
3,MHD0023,2,06795,***,국방표준서 제정(7차) 연구,용역,MHD,방위사업청(운영지원과),202404231500,E8FFE,재단법인 한국기계전기전자시험연구원,Korea Testing Certification,안성일,18997654,경기도 군포시 흥안대로27번길22-0 (금정동),,180000000
291,HCM0037,1,15299,***,24년 일반지역 예초 용역,용역,HCM,공군교육사령부,202404231300,H4D74,주식회사 이숲,DUKSAN,정지환,0555838370,"경상남도 함안군 칠원읍 오곡로94-0 , 203호",87.745,142691230
2,LDH0424,1,14564,***,K77지휘차 운송 및 저장용기 구매,물품,LDH,육군종합정비창,202404231300,I5B53,이지텍,iztec,최준석,0553753164,경상남도 양산시 상북면 소토1길14-0,97.202,28822700
3,LDH0399,2,12698,***,K9자주포 부트등7종 구매,물품,LDH,육군종합정비창,202404231300,DC147,DGI산업,DGI.CO,백지윤,0519042500,"부산광역시 동래구 차밭골로21번길36, 1층 (온천동)",93.273,5850000
155,HDN0021,1,15234,***,'24년 탄약고 지역 제초 유지관리,용역,HDN,공군제18전투비행단,202404231300,EBF87,주식회사 건백림,seungsan,이계천,031-582-5700,"강원특별자치도 춘천시 안마산로214, 상가동 3층 1호 (퇴계동, 퇴계금호타운아파트)",87.746,29384680
171,HDN0020,1,15230,***,'24년도 일반지역 제초용역,용역,HDN,공군제18전투비행단,202404231300,L32AE,주식회사 이림,,최재호,0336432616,강원특별자치도 강릉시 구정면 정등로24-24,87.753,102935088
5,LCF0078,3,13519,***,역세탱크 조립체 1항목 제조(일장-004),물품,LCF,육군군수사령부,202404231130,GD16E,주식회사 우성아이비,"Woosung I.B. Co., Ltd.",이희재,0325501000,인천광역시 부평구 부평북로297-0 (갈산동),86.776,336820780
7,EBB0095,1,1160,***,자주포 포탑부품류,물품,EBB,지상공통전력운영계약팀,202404231100,EABF3,우창기계 주식회사,Woo Chang Machinery Co. Ltd,김운태,0552528997,경상남도 창원시 성산구 공단로324-21 (웅남동),85.682,271650000
25,LKQ0009,1,15610,***,'24년 육군00학교 예초용역,용역,LKQ,육군항공학교,202404231100,HDFA0,홍이가철거 주식회사,HLG COMPANY,권미영,0417320119,충청남도 논산시 상월면 한천1길8-0,88.133,67062984
1269,UMM0457,1,15133,***,24-F-조류퇴치기 구매,물품,UMM,국군재정관리단,202404231100,M1EB0,투걸(two girls),,김지원,01048481287,경기도 이천시 갈산로87번길39-0 (갈산동),87.996,127173158
745,UMM0142,2,04040,***,(246040-E) 전조기 3.7KW 구매,물품,UMM,국군재정관리단,202404231100,F0F22,(주)비아이엔씨,"BINC.,CO.LTD.",김여기,07074573900,서울특별시 서초구 양재동언남 18길3 (양재동  2층),99.595,116555500
910,UAC0014,1,14063,***,디지털인쇄재료 4종 수시 구매,물품,UAC,국방출판지원단,202404231100,M38D8,스프리,,임진아,01071111590,"인천광역시 연수구 랜드마크로68, 107동 606호(송도동, 랜드마크시티 센트럴 더샵)",87.997,42821359
26,MDK0035,1,15618,***,'24-1차 한빛부대 재보급물자 수송관리용역,용역,MDK,국군수송사령부,202404231100,HFDF5,주식회사 대한씨앤에어,DAEHAN SEA AND AIR,구학모,023139450,서울특별시 중구 삼일대로363-0 (장교동) 장교빌딩 2512호,85.909,383186400
181,LHG0016,1,15285,***,24년 렌탈프린터 임차용역,용역,LHG,제1862부대,202404231100,M0DCE,투띠앤코,,김지은,01031815985,강원특별자치도 강릉시 산양큰길22번길32-0 (포남동) 201호,87.746,93321093
1539,LCF0106,1,09490,***,차량 고임목(중형) 등 6항목 구매(기장),물품,LCF,육군군수사령부,202404231100,EBA52,유한회사 엔디클릭,endi click,최용석,07075844063,"전라남도 장성군 황룡면 강변로452-16, 3층 302호",87.995,119233220
658,LCF0104,1,06300,***,잔류농약속성검사기 등 2항목 구매(의무),물품,LCF,육군군수사령부,202404231100,CD330,주식회사 마이크로디지탈,"Microdigital Co., Ltd.",김경남,0317012225,경기도 성남시 분당구 판교로228번길15-0 (삼평동) WINS동 7층,88.234,44806270
301,LCF0101,1,05888,***,"붕대,외과용 등 8항목 구매(의무)",물품,LCF,육군군수사령부,202404231100,IDDCF,주식회사 경진유통,,서이현,01040402532,"경상남도 창원시 진해구 여좌로110-2 (여좌동, 수진빌라) 101호",88.003,40559898
1006,LCF0102,1,05870,***,"전극,심전계용 등 6항목 구매(의무)",물품,LCF,육군군수사령부,202404231100,KD33B,보미라인,,박경주,07047721922,"충청남도 아산시 신창면 천우물로23, 207동 305호 (신아산 모아엘가 비스타 2차 아파트)",87.996,25572634
206,LCF0103,1,05214,***,"절단기,석고붕대용 등 2항목 구매(의무)",물품,LCF,육군군수사령부,202404231100,LE9C8,주식회사 블루엘,,차다얼,01091146862,경상북도 포항시 북구 법원로116번길42(장성동),88.002,15903441
926,HDP0022,1,15692,***,(24-용역-31) 기지 일반구역 제초 유지관리 용역,용역,HDP,공군제19전투비행단,202404231100,L01B6,주식회사 베네비타조경건설,,성기덕,0317746808,경기도 남양주시 경춘로460-0 (다산동),87.996,223927530
5,EHF0007,2,2035,***,"수신기-송신기,무전기용",물품,EHF,미래전력사업전력운영계약팀,202404231100,D9857,주식회사 에스알씨,"SRC CO., LTD",임종근,0514126197,부산광역시 남구 용호로252번길11-0 (용호동),89.095,1555000000
9,EBB0094,1,6301,***,궤도장비부품류,물품,EBB,지상공통전력운영계약팀,202404231100,F6841,우주산업플랜트 주식회사,wooju,최창식,0552865098,경상남도 창원시 의창구 봉강가술로537번길42-0 (대산면),84.25,818499000
17,EBB0091,1,1628,***,자주포 유지용 일반부품류,물품,EBB,지상공통전력운영계약팀,202404231100,FCD50,주식회사 엔에이치,"NH CO., LTD.",이남택,07042862207,경기도 남양주시 진접읍 내각1로73번길38-1,88.124,241278169
23,HCF0099,1,12705,***,'24~'25년 LAN/교환기 유지보수,용역,HCF,공군군수사령부,202404231030,BCBCF,티에스라인시스템 주식회사,TSLine System,최국현,027833660,"서울특별시 영등포구 영신로220-0, 805호, 806호, 403호,1705호(영등포동8가, KnK디지털타워)",78.241,1058293398
110,SFL0018,1,15647,***,입간판 제작 설치,물품,SFL,제3283부대,202404231030,J326A,다온,,신승민,01051884845,"경상북도 포항시 남구 해동로37, 2층 210호 다온(해도동)",88.015,36237670
284,SCI0043,1,15627,***,잉크 등 57종 구매,물품,SCI,제9121부대,202404231030,M5F10,청담,,이주영,01085481644,"경상남도 창원시 성산구 동산로115-0 (상남동, 대동아파트) 123동 2004호",88,30769000
81,SCI0044,1,15628,***,노트 등 76종 구매,물품,SCI,제9121부대,202404231030,LD02C,주식회사 이현코리아,,이순화,07042422949,경상남도 창원시 마산합포구 해안대로11 (해운동) 401-10호,88.003,4264700
1788,HDL0011,1,15632,***,"24-04-088 톱, 띠형, 절단용 구매",물품,HDL,공군제16전투비행단,202404231030,L0C76,지연테크,,박지연,07041155257,"전라남도 여수시 상암로16, 101동 1403호(둔덕동, 라온유아파트)",88.001,37103520
73,SCQ0036,1,15612,***,유류이송용 호스 2종 구매,물품,SCQ,제9911부대,202404231030,E927C,(주)케이티비에스,"KTBS Co,. Ltd.",김진희,025379667,경기도 김포시 하성면 귀전로201-2,88.073,11017250
133,SDF0053,1,15689,***,Mess Holder 등 133종 구매,물품,SDF,제5738부대,202404231030,J878F,유니스제이,,정혜진,01090964663,"인천광역시 연수구 랜드마크로19, 107동 2001호(송도동, 송도 SK VIEW)",88.214,20959920
242,LFC0031,1,15680,***,24년 1차 체력단련비품(경광봉 등 12품목) 구매,물품,LFC,육군훈련소,202404231030,J1CDC,백제기업,,백진영,01074493999,"충청남도 천안시 동남구 청수로99-0 102동 1203호 (청수동,극동아파트)",88.017,10888630
3,SCK0043,1,15660,***,24-1차 해고반 현장학습 버스 임차용역,용역,SCK,해군교육사령부,202404231030,E5321,유한회사 일오고속관광,ilo-bbangbbang,강미영,0552941500,"경상남도 창원시 의창구 창원대로390, 302호 (팔용동, 위딘빌딩)",91.606,1584000
56,SDQ0042,1,15460,***,방탄유리 등 2종 구매,물품,SDQ,해군제2수리창,202404231030,L4CC6,만보상사,,김효식,01052181431,"경기도 평택시 안중읍 안현로서6길10, 405-디10호(대원빌딩)",88.067,10985490
10,SDQ0043,1,15464,***,박판 금속제 등 7종 구매,물품,SDQ,해군제2수리창,202404231030,C6E84,지니종합상사,Ziny Company,장향옥,070-4323-1700,경기도 평택시 포승읍 평택항로503-0,88.029,12745950
56,SDQ0041,1,15457,***,기압저항기 등 5종 구매,물품,SDQ,해군제2수리창,202404231030,K7E87,휴이,,이명교,07043231705,경기도 평택시 중앙2로13 (평택동) 602-1-310,88.008,16119800
26,SFH0059,1,15712,***,24-B-이동식 화장실 임차 용역(도서지역),용역,SFH,제9196부대,202404231030,H2067,주식회사 고주몽,kojumoung,강수지,0314035591,경기도 안산시 상록구 당골4길1-0 (사동) 1층,88.156,60674890
6,LHK0024,2,14664,***,24년 오수처리시설  수질검사용역,용역,LHK,제2군단,202404231030,G1C3A,주식회사 세현에코텍,"Sehyun Ecotech CO., LTD",이남희,0337645807,"강원특별자치도 원주시 방강골길4, 1층. 2층. 3층 (태장동)",88.952,34000000
19,LHN0026,1,15540,***,24년 폭염대비 장비물자 구매,물품,LHN,제7보병사단,202404231030,L913E,남산,,구정희,01097224808,"강원특별자치도 화천군 간동면 느릅길25, 1동 1층 103호(1)",88.038,45289850
3,SCN0071,1,15538,***,24-진-32 하수관거시설 준설 및 폐기물처리용역,용역,SCN,제7001부대,202404231030,B8C6B,주식회사조은환경,,임학택,0556740471,경상남도 고성군 상리면 상정대로1119,92.178,69580800
55,SDQ0044,1,15475,***,"보호물, 기계식 구동용 등 2종 구매",물품,SDQ,해군제2수리창,202404231030,L10A8,시우,,김승환,01096614808,"경기도 평택시 안중읍 안현로서6길10, 4층 402호 - 이5호(대원빌딩)",88.041,8847600
66,SFH0057,1,15678,***,의료비품(검이검안경 등 7품목) 구매,물품,SFH,제9196부대,202404231030,L43C7,디디케이씨,,김진구,01092514458,"경기도 평택시 고덕로271 (고덕동, 고덕국제신도시 제일풍경채3차 센텀) 1303동 1102호",88.032,3415632
277,SCH0055,1,15685,***,24-22호 방향제 디스펜서 등 583종 구매,물품,SCH,해군작전사령부,202404231030,M81E5,태산,,신교승,070-8870-0072,경상남도 창원시 의창구 대산면 봉강가술로519-0,88.009,26268496
92,SDF0054,1,15686,***,X-SmartPlus 등 2종,물품,SDF,제5738부대,202404231030,IF1A1,가람슬기상사,,권진석,07082317518,"인천광역시 남동구 남동대로860-0 (간석동, 간석래미안자이아파트) 104동 1802호",88.001,5804341
72,SFL0019,1,15665,***,24-교-취사장 청소 용역,용역,SFL,제3283부대,202404231030,A1BD7,한서안전(주),hanseo security. LTD,서상섭,0547738560,경상북도 경주시 원화로501(용강동),88.001,11334500
3,SFD0032,2,14874,***,농약(플루퀸코나졸등 7품목)구매,물품,SFD,제9227부대,202404231030,LE62C,김서방상사,,김종재,01089025777,경상북도 안동시 임하면 금소길22-14,99.308,11630280
1068,SFH0056,1,15520,***,24-B-통합구매(도어클로저 등 213품목),물품,SFH,제9196부대,202404231030,L28FF,주식회사 유씨앤,,권정숙,01057975996,경기도 부천시 원미구 옥산로195-1 (도당동) 6층,82.996,274018550
3546,SFD0034,1,15236,***,간부숙소  디지털도어락 납품/설치,물품,SFD,제9227부대,202404231030,K271F,도담헬스케어,,김수경,070-7377-1359,"경상남도 창원시 마산회원구 내서읍 중리공단로4길41 , 4층",87.995,122565629
1054,SCF0375,1,15605,***,"(긴급) 제한기, 유체유동용 등 94종",물품,SCF,해군군수사령부,202404231030,C695B,(주)랜스에디팅,Lanceediting Agency,모종규,0222738576,서울특별시 중구 충무로29 (초동) 아시아 미디어타워 지하 106호,87.995,148671950
3,SCF0374,1,08142,***,요소 등 25종 구매,물품,SCF,해군군수사령부,202404231030,FE04D,주식회사 에이에스씨,"ASC Co.,Ltd",임승수,0316770131,"경기도 안성시 공단1로99 (신건지동, 안성제1산업단지)",90.219,37105200
694,SCF0284,2,04050,***,로프 와이어제 등 6종 구매,물품,SCF,해군군수사령부,202404231030,K4C4F,이엠이컴퍼니,,성원민,01023624072,서울특별시 금천구 가산디지털1로171 (가산동) 3층 306-19,88.169,32153370
38,MCM0005,1,15355,***,사이버 기술분석용 라이선스 구매,물품,MCM,4284부대,202404231030,C980F,씨지에스아이티(주),CGSIT,최규식,0226328730,"서울특별시 금천구 가산디지털1로1-0 (가산동, 더루벤스밸리) 1208호",98.175,203999750
73,MCM0003,1,14214,***,취약점 진단도구 구매,물품,MCM,4284부대,202404231030,I925A,주식회사 마에스트로포렌식,MAESTRO NETWORKS,김종광,028650647,"서울특별시 금천구 가산디지털1로5, 대륭테크노타운 20차 1934호",99.942,179997950
2,LPF0045,1,15691,***,24년 후반기 작계훈련 무기수송 차량 임차,용역,LPF,제51보병사단,202404231030,BCA75,태산솔루션,tasanexpress,이승호,028926666,"경기도 광명시 오리로923, 1층(광명동, 대성빌딩)",89.059,43000000
1,LHK0016,1,12314,***,24-강원-폐수-1 설계용역,용역,LHK,제2군단,202404231030,A2373,주식회사 동부그린,"Dongbu Green Environment Co.,Ltd",정오용,0617261300,전라남도 순천시 해룡면 해룡산단6로100,0,0
4,LCF0084,2,07287,***,"백,진공포장용 등 3항목 제조(총포)",물품,LCF,육군군수사령부,202404231030,M2E84,동창원산업(주),,정창,0553459455,경상남도 의령군 용덕면 의합대로123-7,88.134,28526330
1109,HDK0015,1,14891,***,24년 탄약고지역 제초용역,용역,HDK,공군제11전투비행단,202404231030,I6476,주식회사 비취조경,Beach Landscape,장유석,0313560284,"경기도 화성시 남양읍 시청로50, 420호",87.996,79398139
24,HCF0096,1,15429,***,군사경찰 대테러복 제조,물품,HCF,공군군수사령부,202404231030,G5C59,주식회사 해피코리아,HAPPYKOREA,곽양근,0522397570,울산광역시 울주군 온양읍 화산발리로627-0,89.558,33880000
9,HCF0097,1,14533,***,목재 제조,물품,HCF,공군군수사령부,202404231030,A0EE7,우진목재(주),Woojin Timber,한상배,0518314242,부산광역시 강서구 녹산화전로 37(),88.092,32558000
2,MHD0039,2,12543,***,함대함유도탄-II 사업분석,용역,MHD,방위사업청(운영지원과),202404221500,D56B7,에스앤에스이앤지 주식회사,SNS ENG Co.,박종선,028676157,"인천광역시 중구 인중로 178, 제이엘타워 1001호(사동)",,57000000
1232,UMM0449,1,11591,***,"24-F-발전기세트, 디젤엔진식 구매",물품,UMM,국군재정관리단,202404221100,J62F7,대일통상,,이석원,01088668650,"서울특별시 도봉구 덕릉로66길17 (창동, 주공아파트)1711-402",87.996,76469280
15,LHK0026,1,15334,***,차량 내부 경광등 세트 구매(1차),물품,LHK,제2군단,202404221100,JE4A0,주희테크,,문제원,070-4772-1096,강원특별자치도 고성군 거진읍 수외북2길14-0  1층 1호,88.119,18217268
32,MCN0016,1,15247,***,군사경찰피복(하계 행사복) 제조 구매,물품,MCN,국방부근무지원단,202404221100,IF51B,와이디컴퍼니,,서태원,029219513,"서울특별시 도봉구 마들로584, 3층(방학동)",88.098,31862825
357,UHD0011,1,15501,***,[24-012] 부대비품(파워랙 등 11종) 구매,물품,UHD,공군 작사예하 방포사예하 제3여단,202404221100,G6539,에이트레이딩,에이트레이딩,박승원,01030194551,"인천광역시 남동구 구월말로19, 301(구월동)",88.004,22697000
76,UHD0010,1,15502,***,[24-012] 부대비품(스미스머신 등 5종) 구매,물품,UHD,공군 작사예하 방포사예하 제3여단,202404221100,HB488,주식회사 스포플렉스,spoflex,남병태,0318725666,경기도 양주시 광적면 그루고개로143번길244-10,88.238,16336444
18,UAC0011,2,11273,***,2024년 공정관리시스템 개선 및 유지보수 용역,용역,UAC,국방출판지원단,202404221100,BD192,경안이엔지(주),"KyungAhn ENG.,Ltd.",금동중,024524927,"서울특별시 광진구 아차산로78길110-0 (광장동, 리버힐오피스텔) 310",88.148,17345900
1142,UMM0453,1,14923,***,"24-F-전기용접장비,트레일러 탑재식 구매",물품,UMM,국군재정관리단,202404221100,JD7BB,에이치에스물산,,김종수,01093892298,강원특별자치도 속초시 만천7길23-6 (교동),88.001,89448100
2,LAZ0003,1,12233,***,24-부대 소개영화 제작 용역,용역,LAZ,드론작전사령부,202404221030,LBFB9,트렌드코리아 주식회사,,장태준,07077981734,"경기도 시흥시 월곶해안로149-1 (월곶동) 에이동, 202호",56.777,20000000
79,HDF0039,1,15512,***,"24-053, 장비정비대대, 냉난방기(26~30평형)",물품,HDF,공군 제8전투비행단,202404221030,KD85A,주식회사 건영,,이동현,0332620941,"강원특별자치도 인제군 인제읍 인제로178번길10 , 203호",88.032,11492350
17,SFM0037,1,15330,***,부식방지제 등 3품목 구매,물품,SFM,제3170부대,202404221030,M825B,여경,,여경숙,010-7338-1106,"경상북도 포항시 북구 칠성천길40, 4층 -110(죽도동)",95.383,46660000
135,SFD0035,1,15385,***,차량용품(배터리등 70품목) 구매,물품,SFD,제9227부대,202404221030,M5A92,대형월드,,이선희,07082852302,"경상북도 포항시 북구 우창동로71, 102동 704호(우현동, 우현풍림아이원)",88.016,67670955
83,LFN0016,1,15339,***,24년 교육장비(정제수 제조장치) 구매,물품,LFN,육군3사관학교,202404221030,I72F6,제이어스,JUS,김지현,01079004694,"경기도 용인시 기흥구 강남로9, 705동 2엘호(구갈동, 태평양프라자)",88.015,26147700
576,SFH0050,2,15228,***,24-B-통합구매(업소용국자 등 78품목) 구매,물품,SFH,제9196부대,202404221030,M4854,그레이브즈,,김명건,01050647280,"인천광역시 연수구 원인재로14-0 (동춘동, 무지개마을) 111동 1층 103호",88.005,46182670
71,SCI0041,1,14260,***,소켓트 2점 구매,물품,SCI,제9121부대,202404221030,LB26E,더함,,김태현,0552229998,경상남도 창원시 마산합포구 오동북10길17-15 (오동동),88.11,12642875
576,SFH0050,3,15228,***,24-B-통합구매(업소용국자 등 78품목) 구매,물품,SFH,제9196부대,202404221030,M4854,그레이브즈,,김명건,01050647280,"인천광역시 연수구 원인재로14-0 (동춘동, 무지개마을) 111동 1층 103호",88.005,46182670
6,HDF0038,1,15510,***,"24-116, 장비정비대대, 방범창(스텐) 등 5종",물품,HDF,공군 제8전투비행단,202404221030,FC660,나래종합상사,NaRae a general trading company,홍대기,0336539838,강원특별자치도 강릉시 경강로2496  (송정동),98.443,2345550
112,HDF0037,1,15508,***,"24-098, 공병대대, 소변기사라 등 39종",물품,HDF,공군 제8전투비행단,202404221030,J722F,주식회사 일동,,이재철,01040982124,"강원특별자치도 원주시 남산로218번길34 (학성동, 영진로얄타운아파트) 201동 409호",88.229,31862308
383,LDA0011,1,15504,***,24년 취사장 관리용역,용역,LDA,지상작전사령부,202404221030,K58EC,주식회사 바른플러스,,김원기,0316669782,경기도 평택시 서정북로87-0 (서정동),88,19526500
521,HFG0004,1,15479,***,'24년 기지 제초 용역 계약,용역,HFG,공군제7항공통신전대,202404221030,C43FA,주식회사 계림조경개발,GL L&C,신화자,0316119199,"경기도 평택시 고덕국제대로5, 602호 (고덕동, 고덕헤리움비즈타워1차)",88.006,46637909
14,LNQ0017,1,15348,***,24년 얼음정수기 임차(24.6.1~27.5.31),용역,LNQ,제17보병사단,202404221030,I0AC2,디에이치바이오,DHBIO,김단희,07041549149,충청북도 충주시 예성로120 (용산동),88.377,44676390
49,SCI0042,1,14290,***,"베어링, 볼형, 환상형 등 2종 구매",물품,SCI,제9121부대,202404221030,J77DF,이동유통,,최민지,01085486442,"경상남도 창원시 의창구 남산로20 (팔용동, 벽산블루밍아파트C단지) 302-105",88.234,7022910
11,MCX0021,1,15400,***,24-2차 소방시설 점검용역,용역,MCX,자운대근무지원연대,202404221030,JA7C0,누리소방(주),,최윤종,0423316482,대전광역시 중구 성산로7-0 (안영동),88.231,15711740
35,LQS0006,1,15393,***,00부대 이동식 화장실 임차 용역,용역,LQS,제3739부대,202404221030,M6F65,루나픽스,,박진선,01083511793,"경기도 화성시 병점노을1로14, 102동 304호(병점동, 화성병점 행복주택)",88.047,26363400
13,LQS0005,1,15394,***,'24년~27년 비데 임차 용역,용역,LQS,제3739부대,202404221030,JF781,주식회사 모양방,,김순자,025330788,경기도 포천시 가산면 정교3길54-40,88.023,28403100
5,LHK0021,3,13355,***,24년 전기안전관리대행  용역(3공구 - 화천권역),용역,LHK,제2군단,202404221030,C64F0,(자)한국전기안전관리,hangook,우용남,0335314606,"강원특별자치도 동해시 감추4길 5, 재래시장 2층 203호(천곡동)",88.276,9014090
2,SFC0028,2,10466,***,해병대 간부 및 병 획득율 제고를 위한 개선방안 연구,용역,SFC,제9691부대,202404221030,F5FD2,단국대학교 천안캠퍼스 산학협력단,DKU CheonAn IACF,이재원,0415501807,"충청남도 천안시 동남구 단대로119-0 (안서동, 단국대학교천안캠퍼스)",72.547,27861053
2,LDA0005,1,10240,***,「24-강원-오수-1 설계용역」,용역,LDA,지상작전사령부,202404221000,A2CCB,(주)후소엔지니어링,FUSO ENGINEERING,이경섭,0626769231,전라남도 화순군 춘양면 용회로339,0,0
7,MHD0042,1,14096,***,○○레이더 지체상금 중재 위임계약,용역,MHD,방위사업청(운영지원과),202404191500,CFE76,법무법인 (유한) 율촌,YULCHON LLC,강석훈,025285200,"서울특별시 강남구 테헤란로521, 38층(삼성동)",,380000000
15,MDK0032,1,14761,***,숙천고가교 정밀안전진단 및 제 1종성능평가 용역,용역,MDK,국군수송사령부,202404191300,I02BC,주식회사 세본테크,Se Bon Teck,강경미,0536233267,대구광역시 달서구 상화로177-0 (상인동),88.125,162678600
15,MDK0033,1,14763,***,부동터널 정밀안전진단 및 제1종성능평가 용역,용역,MDK,국군수송사령부,202404191300,IA0BD,도인 주식회사,"SD construction co,.ltd",조명애,0538540455,대구광역시 수성구 천을로31길7-10 (매호동),87.766,133797760
2,EBB0087,1,5328S,***,전술훈련용수류탄,물품,EBB,지상공통전력운영계약팀,202404191100,0180F,한국씨앤오테크(주),"KOREA C.N.O. Tech. Co., Ltd.",오세홍,0545507600,경상북도 문경시 영순면 새갓길20-0,90.389,8580800000
75,UAC0015,1,15245,***,인쇄용지 2종 수시 구매(모조지80gA 등 2종),물품,UAC,국방출판지원단,202404191100,K9B78,주식회사 진원이앤아이,,고윤정,0318149055,"경기도 남양주시 별내중앙로30, 305-561호(별내동)",88.308,42861510
32,HDQ0034,1,15241,***,24-00파견대 폐탄수거 용역,용역,HDQ,제20전투비행단,202404191100,A37D3,제이에스이엔씨 주식회사,sungwoo,유성근,0416224772,"충청남도 천안시 동남구 충절로167, 201호(원성동)",88.142,15757700
37,LFT0005,1,15209,***,공병교 '24~'29년 병영생활관 얼음 냉온 정수기 임차,용역,LFT,육군공병학교,202404191100,LB6AA,오선기획,,오교선,01031616618,"전라남도 고흥군 고흥읍 고흥로1835, 201호(장미아파트 부속)",88.03,59580210
378,LFK0031,1,15216,***,24년 3연대 주둔지 제초용역(수정),용역,LFK,육군종합군수학교,202404191100,A7CE0,행신건설(주),HangShin Co,신영규,0319704846,경기도 고양시 덕양구 지도로75 (토당동) 2층,88,20612880
1101,LFA0007,1,15157,***,24년 상용건전지(상용 무전기 배터리) 구매,물품,LFA,제2신속대응사단,202404191100,H5B57,연호SND,YEONHOSND,이종욱,028579332,"서울특별시 구로구 경인로403-0, B동 1002호(고척동, 원메디타운)",88.003,8495360
145,SFJ0008,1,15121,***,파워랙 등 24품목 구매,물품,SFJ,제2112부대,202404191100,HB488,주식회사 스포플렉스,spoflex,남병태,0318725666,경기도 양주시 광적면 그루고개로143번길244-10,88.021,9048000
87,HCL0034,1,15518,***,24-107 A4용지 등 2종,물품,HCL,공군사관학교,202404191100,HB115,제이케이컴퍼니,JKcompany,정안나,01091537201,"충청북도 청주시 청원구 율봉로44번길35, 2층 201호(사천동)",88.058,17232446
3,LHP0014,1,15159,***,24-1차 사이버지식정보망 물품 구매,물품,LHP,제22보병사단,202404191100,H229E,케이엔피 트레이드,knp trade,구정희,01097224808,"강원특별자치도 고성군 거진읍 거탄진로142-0, 3층 1호",99.59,12600000
13,LHM0041,1,15111,***,24년 물류취급물자 구매,물품,LHM,제15보병사단,202404191100,JBEFE,드림즈,,박미경,01046792856,"강원특별자치도 화천군 화천읍 옹기점길17-3, 103동 1401호(화천 건영 아모리움)",88.024,8983250
269,HCS0007,1,15106,***,'24년 영외탄약고 제초,용역,HCS,제3훈련비행단,202404191100,K854A,주식회사 송아,,황경자,055-271-1593,경상남도 창원시 마산합포구 진전면 대정1길20-0,88.006,39533000
5,UMM0446,1,13888,***,(246163-F) 동계정비복 제조,물품,UMM,국군재정관리단,202404191100,G7B27,현대종합상사,HYUNDAI,윤정만,0552461122,경상남도 창원시 마산회원구 봉암북10길2 (봉암동),88.433,94881989
5,UMM0447,1,13887,***,(246164-F) 하계정비복 제조,물품,UMM,국군재정관리단,202404191100,K0739,대우유니폼,,윤형석,0552972013,경상남도 창원시 마산회원구 양덕로164,88.088,109296000
953,UMM0454,1,13882,***,(24F126-A) 제초용역,용역,UMM,국군재정관리단,202404191100,GC5E7,주식회사 이지피플,E.G People,지혜진,0328171580,"인천광역시 남동구 아암대로1223, 315호 (고잔동, 성강지식산업센터)",88.014,256833600
2967,UMM0444,1,12628,***,(246102-D) 방탄방패 구매,물품,UMM,국군재정관리단,202404191100,J968F,에스에이치,,이상혜,07087123700,"경기도 김포시 김포한강2로208, 412-1403",87.995,83449791
78,UMM0440,1,12489,***,(246152-E) 육군 체력단련장 캐디 피복 제조/구매,물품,UMM,국군재정관리단,202404191100,IE3D1,주식회사 제이에프,,진주,01090320950,"충청북도 청주시 청원구 율봉로159번길73-1, 301호(율량동, 스톰비오피스센터)",87.998,82735085
1419,UMM0425,1,11535,***,24-F-00비 활주로 제초용역,용역,UMM,국군재정관리단,202404191100,L0CA4,세원조경 주식회사,,박세영,0512941663,"부산광역시 사하구 승학로123-4 (당리동, 당리신익아파트)11동307호",87.995,208711699
643,UMM0441,1,11468,***,(246157-E) 컷팅기(호스용) 구매,물품,UMM,국군재정관리단,202404191100,J6660,주식회사 엠제이엠,,김무진,0535628476,대구광역시 서구 새방로29길6-17 (상리동),99.527,70384600
4,UMM0438,1,10621,***,(24G053-I) 24년 임상병리 민간 위수탁 용역,용역,UMM,국군재정관리단,202404191100,C9177,의료법인 녹십자의료재단,Green Cross Laboratories,이상곤,0312609600,경기도 용인시 기흥구 이현로30번길 107(),78.543,1698822759
210,UMM0439,1,10096,***,24-F-00기지 일반지역 제초용역,용역,UMM,국군재정관리단,202404191100,LC0D4,더푸름 주식회사,,이승민,0548340984,경상북도 의성군 의성읍 중앙길37-1,88.004,97126000
29,UMM0433,1,08424,***,24-N-항공유 서비스펌프 50GPM 50PSI 2EA 제조,물품,UMM,국군재정관리단,202404191100,H4A15,주식회사 주호산업,"JOOHO INDUSTRIAL CO., LTD.",이남,0226363919,경기도 김포시 대곶면 대곶북로305번길42-56,88.15,121875410
3111,UMM0443,1,07663,***,24-F-소형표적기 완제품 구매,물품,UMM,국군재정관리단,202404191100,LB313,라온,,이영용,01087371937,경기도 가평군 상면 수목원로386번길14-6,87.996,65382300
175,UMM0401,1,06818,***,"(24F080-A) 방화지대 구축용역(임실, 영동)",용역,UMM,국군재정관리단,202404191100,K6233,주식회사 숲처럼,,전인수,01048958580,전북특별자치도 정읍시 천변로340-21 (시기동),87.995,639000000
7,MDG0116,1,14505,***,의료 질 향상 도서 구매,물품,MDG,국군의무사령부,202404191100,F7B7C,청운서림,cheongwoonserrim,김건식,0544617824,경상북도 구미시 1공단로192-0 (공단동),91.408,910530
155,MDD0069,1,14030,***,2024 외과장비운영소모품(5-2) 구매,물품,MDD,국군수도병원,202404191100,GA28E,주마메디칼,jumamedical,김정희,0315291919,경기도 남양주시 진접읍 금강로1553-21 (신우아파트) 상가 112호,88.331,19957000
181,MDD0071,1,13522,***,2024 병리장비운영소모품(5-2) 구매,물품,MDD,국군수도병원,202404191100,LC499,제이엘,,이원성,01044842590,"경상남도 창원시 진해구 신항2로114, 717호(용원동, 다인로얄팰리스 부산 신항2차)",87.998,32680210
274,MDD0068,1,13521,***,2024 병리장비운영소모품(10-3) 구매,물품,MDD,국군수도병원,202404191100,HBDD9,석진메드,SukJinMed,오석현,01086157387,경기도 하남시 덕풍북로259번길21-0 (덕풍동) 1층 102호,88.219,40709100
131,MDD0070,1,13510,***,2024 외과장비운영소모품(3-2) 구매,물품,MDD,국군수도병원,202404191100,K705B,도하인터내셔널 주식회사,,김만봉,0315713599,"경기도 남양주시 진접읍 금강로1553-21, 201,202호 (신우아파트상가)",92.672,8925000
72,LPC0013,1,15031,***,24년 얼음정수기 임차 용역,용역,LPC,제25보병사단,202404191100,K108A,주식회사 지에스위드,,박미숙,0269593490,인천광역시 남동구 하촌서로54(만수동),85.519,229940710
17,LHM0040,1,14977,***,서화천 간부숙소 BTL사업 전략환경영향평가 용역,용역,LHM,제15보병사단,202404191100,BE580,주식회사 선진환경,"sunjin environment.co.,ltd",김근한,0337645807,강원특별자치도 원주시 치악로1351 (관설동),87.805,133380000
127,LHM0038,1,14955,***,24년 렌탈프린터 임차용역 통합계약,용역,LHM,제15보병사단,202404191100,M72C7,클로이캘리,,김애진,01098153390,강원특별자치도 원주시 배울로154-0 (반곡동)118동1303호,87.746,115539975
5,HCL0029,2,13777,***,24-박물관 전시항공기 도장용역,용역,HCL,공군사관학교,202404191100,M4FE1,한길이엔지 주식회사,,전용성,0535532486,"대구광역시 북구 동북로117, 4층 403호 (산격동, 소프트웨어벤처타워)",88.036,47190000
22,EBB0088,1,0870,***,"시일 조립체,축통용,선박용",물품,EBB,지상공통전력운영계약팀,202404191030,M8D86,제이케이에이치(J.K.H),,하치규,0513142981,부산광역시 사상구 대동로209번길31-0 (학장동),88.035,135016400
286,SFH0054,1,15297,***,24-B-통합구매(엔진 등 479품목) 구매,물품,SFH,제9196부대,202404191030,M3BF7,뽀히네,,이보희,010-2553-1543,"인천광역시 계양구 주부토로538-0 (계산동, 한국아파트) 101-807",88.009,50964230
566,SFH0053,1,15295,***,WD 윤활 방청제 등 180품목 구매,물품,SFH,제9196부대,202404191030,K7E85,수호유통,,은종현,01033354686,인천광역시 서구 매밭로130-0 (당하동) 1004동 301호,88.005,40009670
32,HDC0018,1,15481,***,24-36 CO2소화기 등 2종 구매,물품,HDC,공군제1전투비행단,202404191030,I6951,더엠케이,The MK,김소율,01027645072,"광주광역시 서구 상무공원로51, 401동 601호 (치평동)",88.02,16704930
507,SFH0044,1,15161,***,24-B-통합구매(타이어 등 221품목) 구매,물품,SFH,제9196부대,202404191030,M98E8,유정백화,,이주아,010-3337-6734,"인천광역시 부평구 안남로222번길27, 101동 402호(산곡동, 경남아파트)",88.001,42974951
13,HDF0036,1,15214,***,"24-087, 항공기정비대대, 비상대기실 소파",물품,HDF,공군 제8전투비행단,202404191030,JFB9B,청아철물설비,,김주희,010-7224-5200,강원도 동해시 단봉길23 (북평동),88.015,1548000
15,LHR0021,1,15205,***,24년 신병교육대 교육비품 구매,물품,LHR,육군 제37보병사단,202404191030,J8D8C,주식회사 영현,,김현숙,01038092091,충청북도 청주시 상당구 낙영로8번길20 (용암동),88.278,6141380
349,MCX0019,1,15276,***,정비용 장갑 등 53종 구매,물품,MCX,자운대근무지원연대,202404191030,F5AC6,은아상사,Eun Wa,김은화,0429329247,"대전광역시 대덕구 신탄진남로15 (신탄진동, 대신주택) 가동 301호",88.005,62539820
336,SFN0033,1,15184,***,도서류 트와일라잇 등 35종 구매 납품,물품,SFN,연평부대,202404191030,M338B,마리컴퍼니_인천,,유정현,01023331426,"인천광역시 부평구 부평대로290, 2층 201-9호 일부(갈산동, 창신빌딩)",90,14469750
6,SFH0046,1,15187,***,24-B-소방시설 종합정밀검사 용역(도서지역),용역,SFH,제9196부대,202404191030,L6C34,비케이소방기술 주식회사,,이봉희,0215332940,"인천광역시 동구 방축로37번길30, 8동 3층 304호(송현동, 인천산업용품유통단지)",88.272,27835660
598,SFH0047,1,15208,***,베임(절단) 방지장갑 등 175품목 구매,물품,SFH,제9196부대,202404191030,H9738,제이투산업,j2industry,최진이,01054316650,"인천광역시 남동구 서창남순환로9, 1001동 18층 1804호(서창동, e편한세상서창)",88,74567162
590,SFH0048,1,15220,***,24-B-통합구매(축전지 등 143품목) 구매,물품,SFH,제9196부대,202404191030,HE5CC,주식회사 예안전력,"yean elect power co,",이준승,0327216226,"인천광역시 서구 건지로284번길111, 나동 106호(가좌동)",88,29432108
605,SFH0049,1,15225,***,24-B-통합구매(안전모 등 32품목) 구매,물품,SFH,제9196부대,202404191030,G5D1B,주식회사 우리기술,WOORIINFORMATION,김규수,0448623491,"세종특별자치시  한누리대로219, 제5층 제507호 (나성동, 한림프라자)",88.006,50417519
331,SFH0051,1,15235,***,24-B-통합구매(유성매직 등 114품목) 구매,물품,SFH,제9196부대,202404191030,K6014,대성리테일,,김진혁,01073113842,"인천광역시 미추홀구 소성로256번길18 (학익동, 청운아파트) 3동 202호",88.004,23369680
12,LBB0010,1,15017,***,유류저장시설 송유관 벨로즈 밸브 구매,물품,LBB,육군제7789부대,202404191030,JB134,(주)대한기전,,김주희,028994655,경기도 광명시 양지로21-0 (일직동) 1907호,88.036,18549000
7,HDN0019,1,15023,***,’24년 병사식당 자율운영부식 계약,물품,HDN,공군제18전투비행단,202404181300,K1E8F,그린F&B,,이영재,0332642846,강원특별자치도 춘천시 동면 목골길14,88.155,93382346
4,LDH0382,2,10831,***,(자재) 스테인리스파우더 등 3종 구매,물품,LDH,육군종합정비창,202404181300,LC4D8,주식회사 에이디엠테크,,임수창,0559247336,경상남도 사천시 사남면 방지로80-0 시험평가지원동 101호,96.822,56500000
1,LDH0346,1,06667,***,부품도장기 외주정비 용역,용역,LDH,육군종합정비창,202404181300,K7AFA,주식회사 한승피티씨,,윤명달,0553464641,경상남도 김해시 한림면 김해대로927번길89-36,89.409,361000000
2,LCM0023,1,09740,***,'24년 기술연구용역(2),용역,LCM,육군교육사령부,202404181300,LBE8F,주식회사 스펙트럼인사이트연구소,,최주평,01052640418,"충청북도 청주시 흥덕구 풍년로79번길3, 3층(가경동)",94.682,54000000
1,LCM0022,1,09739,***,'24년 기술연구용역(1),용역,LCM,육군교육사령부,202404181300,H3934,육군사관학교 산학협력단,KMA R&DB Foundation,방준영,0221976941,서울특별시 노원구 화랑로574-0 (공릉동),89.472,50000000
872,LKP0087,1,13987,***,'24년 00부대 제초용역,용역,LKP,5군수지원사령부,202404181130,LC362,주식회사 김앤장조경,,김은혜,07088402339,"강원특별자치도 춘천시 효석로67번길14 (석사동), 1-6호",87.747,34724824
7,LHK0022,1,14204,***,TOD용 DVR 구매,물품,LHK,제2군단,202404181110,EB172,"춘천사랑종합유통,필립스A/S",chunchonsarang,황호석,033-257-9944,강원도 춘천시 후석로 275(),88.379,5291004
77,LHQ0020,1,14808,***,24년 7867부대 제초용역,용역,LHQ,제2작전사령부,202404181100,JA0BC,주식회사 한국조경기술연구소,,김동일,0424889425,"대전광역시 유성구 노은로144, 409호(지족동)",87.755,18220000
11,LHM0039,1,14978,***,서화천 간부숙소 BTL사업 재해영향성검토 용역,용역,LHM,제15보병사단,202404181100,F2E97,주식회사청강,Chunggang,국성표,07078446643,"강원특별자치도 인제군 남면 신남로58번길4-1, 2층 2호",88.371,45643400
2075,LNT0011,2,14191,***,화재진압장비 구매,물품,LNT,제28보병사단,202404181100,K6AFB,케이위너스 주식회사,,김주연,07088098710,"경기도 고양시 일산동구 백석로86번길6-11, 101호(백석동)",88.001,42856590
145,LFT0004,1,14935,***,'24년 공병학교 제초용역(1차),용역,LFT,육군공병학교,202404181100,C6947,황금산업주식회사,hwanggeum,박동근,0617616688,전라남도 광양시 광양읍 읍내중앙길40-0,88.063,20665260
8,HCR0016,1,14920,***,24년 탄약고 제초용역,용역,HCR,공군제15특수임무비행단,202404181100,I8D33,주식회사 수피아,supia,신미현,0317912688,"경기도 용인시 처인구 포곡읍 포곡로123번길18-5 , 602호",88.252,11138900
60,LHQ0019,1,14715,***,24년 전반기 1차 디지털인쇄기/칼라복합기 재료 구매,물품,LHQ,제2작전사령부,202404181100,M4B8F,주식회사 삼성코아,,김효중,0534319832,"대구광역시 북구 동북로117 (산격동), 7층 701-c호 (산격동,소프트웨어번처타워)",88.002,61696589
41,LGC0012,1,15002,***,24년 훈련장 공기청정기 필터 제조구매,물품,LGC,육군학생군사학교,202404181100,M9661,서울에어필터,,신철,01051522816,경기도 고양시 일산동구 공릉천로71번길58-0 (사리현동),97.679,11119208
703,UMM0451,1,13453,***,(246184-C) 5인승 전동승용카트 구매,물품,UMM,국군재정관리단,202404181100,M472D,한림 주식회사,,임규율,0318292644,경기도 의정부시 범골로35번길42-0 (호원동),83.149,603118182
361,UMM0386,2,13129,***,(246069-C) 탄알집 봉인스티커 제조,물품,UMM,국군재정관리단,202404181100,C4B3B,팩컴코리아주식회사,"Pacom Korea, Inc.",김경수,0317183666,"경기도 성남시 분당구 정자일로 162, 젤존타워2 8층(정자동)",88.02,67860900
5,UMM0132,2,03388,***,"24-F- 제설기,트럭장착 제조(249019-F)",물품,UMM,국군재정관리단,202404181100,M6D97,리텍디티에스 주식회사,RETECHDTS Co. Ltd.,김태경,0444149201,세종특별자치시  연동면 명학산단남로60,87.842,340900000
576,HCF0095,1,12770,***,[패트리어트 작전차량 부품] 배터리블랙박스 등 15종,물품,HCF,공군군수사령부,202404181030,M1AEA,금강인터내셔날,,손율겸,0517470814,"부산광역시 해운대구 마린시티3로37-0 (우동), 22층 2312호 (한일오르듀)",88.013,42463000
9,LBB0009,1,14212,***,'24년 유류중대 방화지대 구축 민간위탁 용역,용역,LBB,육군제7789부대,202404181030,K9610,주식회사 한반도개발,,음영옥,0317711269,경기도 양평군 양평읍 중앙로91번길89,88.063,40383300
174,LHD0017,1,14858,***,청소관리원/시설관리원 재료비 구매(X026),물품,LHD,제21보병사단,202404181030,JEF26,주식회사 해피리빙,,김민주,010-2695-7595,"강원특별자치도 춘천시 공지로43 (석사동, 극동아파트)102-302",88.011,20428030
42,LFC0029,1,14907,***,24년 1차 UPS 배터리 교체 구매,물품,LFC,육군훈련소,202404181030,L5BAE,주식회사 포인트이엔지,,장갑상,0313608488,경기도 군포시 공단로149-0 (당동)지하 104호,88.058,24661180
145,LKS0031,1,14832,***,함안대 체력단련장 카트 배터리 구매,물품,LKS,육군인사사령부,202404181030,J8715,더블유엠,,최원익,01089544638,서울특별시 영등포구 영신로38길18(영등포동6가) 흥무빌딩 3087호,97.56,15478620
24,SFH0040,1,14976,***,"24-B-통합구매(톤백,마대)구매",물품,SFH,제9196부대,202404181030,C71F6,광성,,김재섭,0638564560,전북특별자치도 익산시 황등면 탑천로163-0,88.04,43775232
42,SFH0041,1,15050,***,의약품(베큠플래시백 니들 등 55품목) 구매(도서지역),물품,SFH,제9196부대,202404181030,M6DDF,우정팜,,조유성,0538110922,"경상북도 경산시 대학로12길14, 3층(정평동, 신성빌딩)",88.137,21639110
318,SCH0053,1,15047,***,24-21호 자석리포트화일 등 433종 구매,물품,SCH,해군작전사령부,202404181030,LB317,아프로플러스,,임순,01085497303,부산광역시 연제구 과정로265번나길21-2,88.072,18610500
438,HCM0036,1,15019,***,24-04-118 자외선 살균 램프 등 73품목 구매,물품,HCM,공군교육사령부,202404181030,H8A2F,주식회사 국제주방,cookjejubang,이재국,055-747-0901,경상남도 진주시 장대로38-0 (장대동),88,34150000
194,HCM0035,1,15012,***,'24-1차 부교재(참고서) 등 35품목 구매,물품,HCM,공군교육사령부,202404181030,JB7C6,주식회사 스타일남,,김진혁,07047723010,경상남도 창원시 성산구 연덕로184번길28 (내동)3동2층6호6,90.001,31938800
309,UAZ0014,1,14785,***,24년 전반기 전산운영용품 구매,물품,UAZ,합동군사대학교,202404181030,M6D95,케이인더스트리,,이규철,01055442252,"대전광역시 유성구 봉명서로20번길39, 2층 201호(봉명동, 엘리시아)",88.001,27679250
2458,SFC0036,1,15042,***,홍보물(캐릭터 열쇠고리 등 3품목) 제작 구매,물품,SFC,제9691부대,202404181030,LEFE1,제이디아이,,전성운,0226885718,"서울특별시 구로구 경인로53길15, 라동 3층 3722호(구로동, 중앙유통단지)",87.995,36584721
970,SCQ0035,1,14888,***,24-평 예초관리 용역,용역,SCQ,제9911부대,202404181030,L6A3B,주식회사 경현,,노현서,0432981777,충청북도 청주시 청원구 내수읍 내수로358,88.016,327314151
1217,SCF0370,1,13034,***,"(긴급) 작동기, 유압식-공기식, 회전형 등 17종",물품,SCF,해군군수사령부,202404181030,L7F6F,수성,,박현옥,01054727642,"대구광역시 수성구 국채보상로846-0 (범어동, 청구성조타운) 101동 1002호",87.995,127832420
243,SCF0327,2,09019,***,"조정기세트, 전압용 등 2종 구매",물품,SCF,해군군수사령부,202404181030,L5EE7,더블제이,,정희준,01041417323,"경기도 안양시 동안구 엘에스로92, 26동 202호(호계동, 국제유통단지)",88,17534560
59,LQG0037,1,15035,***,서초훈련대 과학화체계 설치 및 유지보수 용역,용역,LQG,육군 52보병사단,202404181030,HB7C9,주식회사 엔트론,"ntron Co.,Ltd",이정호,0323258055,경기도 부천시 원미구 부천로198번길36 (춘의동) 부천춘의테크노파크1차 101동 1506호,87.751,29624580
57,LQG0036,1,15033,***,박달훈련대 과학화체계 설치 및 유지보수 용역,용역,LQG,육군 52보병사단,202404181030,L4E4F,아이티 월드((IT. WORLD),,김영우,07044359737,부산광역시 동래구 여고로63번길86-0 (사직동) 1층,88.08,30092354
10,LQG0035,1,14971,***,작계훈련 2차 무기 등 수송 차량 임차(2권역),용역,LQG,육군 52보병사단,202404181030,HEB92,주식회사케이이엠,KEM,박병관,0231584110,"경기도 고양시 덕양구 지도로57,3층536호 (토당동)",89.483,7920000
10,LQG0034,1,14966,***,작계훈련 2차 무기 등 수송 차량 임차(1권역),용역,LQG,육군 52보병사단,202404181030,BCFAD,주식회사 삼성육운,samsungyoukwoom,이미자,032-439-6267,"인천광역시 남구 주안로 108, 경향프라자 401호(주안동)",94.388,8730800
97,LKT0041,1,14982,***,24년 5~6월 부대조달 급식품목(식육가공품) 구매,물품,LKT,제1989부대,202404181030,M7469,참조은푸드,,김미라,0522455292,"울산광역시 울주군 범서읍 천상6길28-8, 1층((32블럭5롯트) 1층 101호)",83.006,52837000
89,LKT0040,1,14979,***,24년 5~6월 부대조달 급식품목(빵류) 구매,물품,LKT,제1989부대,202404181030,G2265,주식회사 야미푸드,yamifood,손희영,0317048980,경기도 이천시 덕평로691번길46-0 (마장면),83.001,79863218
25,LHQ0021,1,13842,***,24년 중요시설 경계시스템 외주정비용역,용역,LHQ,제2작전사령부,202404181030,LB7B4,(주)더원정보,,이태훈,0535238902,대구광역시 달성군 옥포읍 비슬로447길36-11,87.79,95892599
25,HCF0092,1,14929,***,폭발물처리 방한복 제조,물품,HCF,공군군수사령부,202404181030,LE348,신화,,김도화,0315748056,경기도 남양주시 오남읍 경복대로120-69,88.238,29475218
463,HCF0094,1,13986,***,[시동용발전기 부품]주파수 제어기군 등 8종,물품,HCF,공군군수사령부,202404181030,J6660,주식회사 엠제이엠,,김무진,0535628476,대구광역시 서구 새방로29길6-17 (상리동),99.238,159595700
10,ELA0014,1,3225,***,공구상자(120밀리자주박격포 및 사격지휘차량),물품,ELA,화력총괄계약팀,202404171500,IFADD,동진테크,,주진희,0513281155,부산광역시 사상구 낙동대로901번길25-38(감전동),88.254,155705000
14,LDH0423,1,13343,***,발칸 총구용어댑터 구매,물품,LDH,육군종합정비창,202404171300,JAB67,주윤테크,,임길헌,0519117055,부산광역시 사하구 하신중앙로3번나길16-6 (장림동),88.633,22159200
2,LDH0419,1,13809,***,통신 집적회로 등 55종 구매,물품,LDH,육군종합정비창,202404171300,I91F2,지앤와이일렉텍(주),"G&Y Electech Co.,Ltd",김보영,0260911083,서울특별시 구로구 경인로53길15-0 (구로동) 중앙유통단지 가동 3116호,97.647,25491660
6,LDH0417,1,13350,***,"K21 노즐,연료분사용 1종 구매",물품,LDH,육군종합정비창,202404171300,L98DB,만사형통,,육은석,010-9668-9446,경기도 광주시 곤지암읍 경충대로811-2,88.123,12826440
2,LCF0087,1,13556,***,밸브 조립체 등 23항목 제조(일장-005),물품,LCF,육군군수사령부,202404171130,G492D,조은테크,joeuntech,양호득,0519713266,부산광역시 강서구 평강로171번길259-0 (대저1동),89.583,31473000
25,MDK0030,1,14494,***,'24-1차 동명부대 재보급물자 수송관리용역,용역,MDK,국군수송사령부,202404171130,JC6EF,주식회사 케이텍코퍼레이션,,이배명,0517114711,"부산광역시 중구 중앙대로96-0 (중앙동4가), 12층",87.779,202635000
6,LHK0025,1,14668,***,드론교육센터 교육용 드론 배터리 구매,물품,LHK,제2군단,202404171110,EB172,"춘천사랑종합유통,필립스A/S",chunchonsarang,황호석,033-257-9944,강원도 춘천시 후석로 275(),88.061,9461004
10,HDG0010,2,14551,***,24-13-4 전기공사 관급자재(변압기),물품,HDG,공군제10전투비행단,202404171100,D41A8,풍산전기주식회사,"POONGSAN ELECTRIC CO., LTD.",홍대희,0314910516,경기도 안산시 단원구 능안로71 (신길동),92.614,83645200
35,HCC0026,1,14328,***,고압펌프 1품목(056),물품,HCC,해군제1수리창,202404171100,LDA97,소망유통,,최인숙,01062487950,강원특별자치도 동해시 서동로721-6 (신흥동),88.001,9803290
12,HCC0025,1,14314,***,고무패킹 등 235품목(054/055),물품,HCC,해군제1수리창,202404171100,G4B68,남부상사,NAMBUSANGSA,오승현,070-4496-1169,강원도 동해시 샘실3길12-0 (천곡동),88.235,18897500
6,LHK0023,3,14205,***,[제74주년 춘천지구전투 전승행사] 시설물 임대,용역,LHK,제2군단,202404171100,HBD8F,스탠딩플러스,STANDINGPLUS,심윤정,0332555390,강원특별자치도 춘천시 후석로462번길21 (후평동) 3동1층2호(후평공단),88.542,26585000
6465,LGP0080,2,13812,***,24-1차 일반 전산운영용품 구매,물품,LGP,제1군수지원사령부,202404171100,LFFFA,올인포마켓,,최성문,010-5606-1110,"서울특별시 관악구 호암로26가길52, 101호(신림동)",88.001,10541912
6,LHK0023,2,14205,***,[제74주년 춘천지구전투 전승행사] 시설물 임대,용역,LHK,제2군단,202404171100,HBD8F,스탠딩플러스,STANDINGPLUS,심윤정,0332555390,강원특별자치도 춘천시 후석로462번길21 (후평동) 3동1층2호(후평공단),88.542,26585000
41,MCN0015,1,14484,***,해군 동계 행사복 등 4종 제조 구매,물품,MCN,국방부근무지원단,202404171100,J9A8E,하디코퍼레이션,,김형문,029300209,"서울특별시 노원구 덕릉로115길8, 3층(상계동)",88.02,38655378
9,LFD0004,1,14811,***,'24년 교육비품 구매(사물함 2인용),물품,LFD,육군대학,202404171100,D142A,남광사무용가구,NAMKONGOA,백성현,0422830501,대전광역시 동구 모암로128-6 (이사동),88.637,5983660
36,HCL0033,1,15040,***,항-24-011 자동면역분석기 시약 등 86종,물품,HCL,공군사관학교,202404171100,IC1EE,제이앤제이,,송옥주,0432148264,"충청북도 청주시 상당구 산성로98번길23 (용담동,석훈빌딩) 7층7141호",88.014,88283300
276,NIT0006,2,14787,***,유전자 감정재료 구매 1차,물품,NIT,국방부조사본부,202404171100,D5032,(주)에이치엔에스바이오,"HNS Bio Co., Ltd.",차지환,028317630,"서울특별시 구로구 디지털로272-0 (구로동, 한신아이티타워) 605~607호",90.463,185458790
276,NIT0006,1,14787,***,유전자 감정재료 구매 1차,물품,NIT,국방부조사본부,202404171100,D5032,(주)에이치엔에스바이오,"HNS Bio Co., Ltd.",차지환,028317630,"서울특별시 구로구 디지털로272-0 (구로동, 한신아이티타워) 605~607호",90.463,185458790
358,LCF0088,1,04664,***,환자용옷장(침상형) 등 7항목 구매(의무),물품,LCF,육군군수사령부,202404171100,M7388,주식회사 제이시스템가구,,장도선,01087798266,인천광역시 서구 대곡로263(대곡동),88.08,15577400
177,UMM0437,1,14459,***,24-F-병영시설 전문 방제용역,용역,UMM,국군재정관리단,202404171100,G90AC,(주)삼양인터내셔날,"SAMYANG INTERNATIONAL CO.,LTD.",하영봉,0236709860,서울특별시 종로구 계동길31-0 (재동) 보헌빌딩,83.104,361298700
2,UMM0431,1,14309,***,(24F092-A) 외진버스 민간용역(동부),용역,UMM,국군재정관리단,202404171100,B7D7C,매일관광주식회사,"MAEILTOURIST,CO.LTD",허봉,0332534567,"강원특별자치도 춘천시 동내면 순환대로940, 1층",97.15,1609700000
743,UMM0435,1,13401,***,(246174-C) 전력계 구매,물품,UMM,국군재정관리단,202404171100,M77A6,와이에스,,김수선나,07076182002,"대전광역시 서구 가장로52, 5층 74호(괴정동, 천연빌딩)",88.033,181689981
2901,UMM0427,1,11270,***,24-N-기포성시험기 구매,물품,UMM,국군재정관리단,202404171100,JFD38,에제르유통,,박선희,01064946403,서울특별시 영등포구 도신로36길14-1 (신길동)301호,87.997,52730440
924,UMM0432,1,10646,***,24-N-고성능 확대경 구매,물품,UMM,국군재정관리단,202404171100,J63EF,루나테크,,문경희,01051735274,"경기도 수원시 장안구 정자천로189번길40-0 (정자동, 연꽃마을벽산아파트)423동 2004호",87.997,83359490
201,UMM0429,1,09566,***,24-N-방화선벨트 제초용역,용역,UMM,국군재정관리단,202404171100,AD013,한빛건설(주),HANBEET,정은균,0557464972,경상남도 함양군 지곡면 지곡창촌길 7-1(),88.017,96689130
1312,UMM0424,1,09551,***,24-F-활주로 노견 및 엄체호 주변 제초 용역,용역,UMM,국군재정관리단,202404171100,B4E24,동림환경건설(주),donglim,최성수,0333746868,강원특별자치도 영월군 영월읍 팔괴로217   2층,87.995,143203170
3057,UMM0423,1,09424,***,24-N-작업높이 가변형 작업대 구매,물품,UMM,국군재정관리단,202404171100,IA1BE,경기상사,kyong gi,박경희,01062198879,경기도 시흥시 중심상가로224(정왕동)영남 602동 103호,87.995,60597000
359,UMM0434,1,08890,***,24-N-평 정수기 67대(함정 포함) 임차 용역,용역,UMM,국군재정관리단,202404171100,LC6B1,이새,,임미현,01053266253,"대구광역시 동구 반야월북로221-0, 106동 1301호 (신서동, 신서화성파크드림)",87.746,175538526
197,UMM0436,1,05386,***,(246070-D)화재 및 화학기호판 9종 제조,물품,UMM,국군재정관리단,202404171100,HF86E,주식회사 우진아이디,WOOJINID,황준석,0318290687,경기도 양주시 광적면 그루고개로22-17,87.997,122626344
50,NIT0007,1,14800,***,감정장비(중합효소연쇄반응장치) 구매,물품,NIT,국방부조사본부,202404171100,J48D8,젠트리거,,김승준,0269256332,서울특별시 강서구 마곡중앙5로1길20 (마곡동) 520호,89.935,48550700
276,NIT0006,3,14787,***,유전자 감정재료 구매 1차,물품,NIT,국방부조사본부,202404171100,D5032,(주)에이치엔에스바이오,"HNS Bio Co., Ltd.",차지환,028317630,"서울특별시 구로구 디지털로272-0 (구로동, 한신아이티타워) 605~607호",90.463,185458790
3450,MDR0013,1,14829,***,수중나침의(어택보드) 구매,물품,MDR,제9965부대,202404171100,JDD53,아즈위,,권지영,01053757698,서울특별시 마포구 월드컵로15길84-4 (망원동) 202호,87.995,24073890
2,MCD0015,1,12869,***,`24년 국방M&S발전세미나 행사 대행,용역,MCD,국방부(운영지원과),202404171100,EACA7,주식회사 콘텐츠펙토리상상역,CONTENTSFACTORYSANGSANGYUK,최철욱,0226345333,"서울특별시 강서구 공항대로103 (마곡동, 마곡 엠밸리 9단지) 업무동시설 507호",,42336000
47,LCF0089,1,10769,***,항타기 등 12항목 제조(기일공구),물품,LCF,육군군수사령부,202404171100,L1010,제이엠테크,,곽미숙,0557811162,"경상남도 양산시 학동길52, 1층층(어곡동, 제이엠테크)",88.211,117278000
524,LCF0093,1,05867,***,"루어록켑,혈관접속용 등 4항목 구매(의무)",물품,LCF,육군군수사령부,202404171100,I5E80,주식회사 진성하이텍,JINSUNG HITEC,조종열,0555525665,"경상남도 창원시 마산합포구 해안대로91, 상가 205호(해운동, 경민시티빌)",87.996,35962000
663,LCF0091,1,05866,***,E/O 가스 및 스팀 멸균용 포장백 등 9항목 구매(의무),물품,LCF,육군군수사령부,202404171100,K4C4F,이엠이컴퍼니,,성원민,01023624072,서울특별시 금천구 가산디지털1로171 (가산동) 3층 306-19,87.996,42422760
1086,LCF0095,1,05856,***,"캐비넷,외과기구와 치료용품용 등 11항목 구매(의무)",물품,LCF,육군군수사령부,202404171100,BF889,한국케이엔티(주),hankook kitchen technology,최해덕,0326824171,경기도 부천시 오정구 삼작로171번길9 (내동),88.97,48150900
385,LCF0092,1,05855,***,청력계 자동식 등 17항목 구매(의무),물품,LCF,육군군수사령부,202404171100,JCA82,태형상사주식회사,,원동민,07088880132,"경기도 김포시 김포한강3로237번길16, (장기동, 314호)",87.997,45329150
713,LCF0090,1,04758,***,"이소프로필알코올, 공업용 등 10항목 구매(화생방)",물품,LCF,육군군수사령부,202404171100,M1EDA,은성이엔지,,송은하,01089817447,"전북특별자치도 전주시 덕진구 백제대로750, 1층 (인후동2가)",87.995,30643000
4084,LCF0094,1,04675,***,응급처치표 등 6항목 구매(의무),물품,LCF,육군군수사령부,202404171100,M3EE5,에프엠(FM)한송,,설석환,0626758596,광주광역시 동구 선교로38-33 (선교동)선교2차우방아이유쉘210동1901호,87.995,24867490
358,LCF0088,2,04664,***,환자용옷장(침상형) 등 7항목 구매(의무),물품,LCF,육군군수사령부,202404171100,M7388,주식회사 제이시스템가구,,장도선,01087798266,인천광역시 서구 대곡로263(대곡동),88.08,15577400
625,HCF0089,1,01665,***,24-H-08 스팀 청소기,물품,HCF,공군군수사령부,202404171030,IAB90,푸른에스씨,BLUE S.C,조미연,01023397966,"인천광역시 남동구 서창남순환로55-0 (서창동, 서창센트럴푸르지오)",88.007,26305770
4,MHP0011,2,14727,001,DNA시료채취 참여 기념품(모바일상품권)구매,물품,MHP,국방부유해발굴감식단,202404171030,HA669,주식회사 사피엔스인,sapiensin,한석윤,07040102175,"서울특별시 송파구 법원로8길8 문정역2차 SK V1, 1319호",97.613,9800
48,LPF0042,1,14850,***,보급수송근무대 정비고 신축 등 2건 건축감리,용역,LPF,제51보병사단,202404171030,K5415,건축사사무소 KS,,김광섭,031-8043-5383,"경기도 화성시 비봉면 비봉로102, 203호",88.075,11114100
49,LCZ0006,1,14841,***,24년 동원훈련장 공기청정기 필터 구매,물품,LCZ,동원전력사령부,202404171030,H03A4,(주) 한새,Hansae,김진석,0325658713,인천광역시 서구 보듬5로6-0 (오류동),88.074,36447700
30,SCR0045,1,14845,***,산업용 광허브 / 컨버터 구매,물품,SCR,해군제3함대사령부,202404171030,J17CA,동원샘물유통,,서준호,061-464-9540,전라남도 영암군 삼호읍 대불산단1로166-9,88.03,18455870
4,MHP0011,1,14727,001,DNA시료채취 참여 기념품(모바일상품권)구매,물품,MHP,국방부유해발굴감식단,202404171030,HA669,주식회사 사피엔스인,sapiensin,한석윤,07040102175,"서울특별시 송파구 법원로8길8 문정역2차 SK V1, 1319호",97.613,9800
342,MCX0018,1,14833,***,LED 등기구(30W) 등 41종 구매,물품,MCX,자운대근무지원연대,202404171030,B6C40,(주)강산매니지먼트,KangsanManagement,이소용,0426723695,"대전광역시 동구 동서대로 1590, 태국빌딩 402호(성남동)",88,40091900
327,MCX0017,1,14828,***,마이텍스 등 148종 구매,물품,MCX,자운대근무지원연대,202404171030,K16B8,우주유통,,김보나,07051542699,"대전광역시 서구 유등로661번길16-1, 101호 (탄방동, 로마빌라)",88.003,32052624
119,HDF0035,1,14860,***,"24-103, 5시험소 등 2곳, 정비용 비품 7종",물품,HDF,공군 제8전투비행단,202404171030,JE49F,이네트워크,,이정배,01023347671,강원특별자치도 동해시 동해대로5464 (평릉동) 203-4호,88.004,6396340
169,SFM0035,1,14700,***,주방세제 등 535품목 구매,물품,SFM,제3170부대,202404171030,CEBE1,이노애드,Innoad,심상엽,0542771313,경상북도 포항시 남구 대이로46번길5-0 (대잠동),88.004,83890400
249,SDG0017,1,14707,***,"도서 ""사랑인줄 알았는데 부정맥"" 등 30종 구매",물품,SDG,제2002부대,202404171030,K62E0,제원솔루션,,문제원,070-4772-1096,강원특별자치도 화천군 간동면 간척리길357-0 1층 1호,90,5450122
264,LKT0037,1,14706,***,"'24년 병영도서관, 독서카페 도서 구매",물품,LKT,제1989부대,202404171030,HB952,한성시스템,HANSUNGSYSTEM,박광자,07048374689,전라남도 목포시 원산로109번길9-0 (산정동) 1층,90.002,40213970
107,SFM0033,1,14659,***,간이호흡기 구매,물품,SFM,제3170부대,202404171030,JCC8D,주식회사만나다마음연구소,,신민호,0542759926,경상북도 포항시 북구 양덕남로103 (양덕동) 1층,88.04,25071000
113,LHR0020,1,14576,***,24년 실내사격장 방탄보호판 설치납품,물품,LHR,육군 제37보병사단,202404171030,L0369,미옥,,우미옥,01088007891,"충청북도 청주시 상당구 호미로137, 104동 1712호(용암동, 동남1지구 주공아파트 1단지)",88.028,17434208
149,SFM0036,1,15009,***,보안경 등 503품목 구매,물품,SFM,제3170부대,202404171030,LC015,국가대표 선,,안영선,07086883830,"경상북도 포항시 남구 중앙로154, 1607층 50호(해도동, 학산타워빌딩)",88.01,78673330
303,SCH0052,1,14903,***,24-20호 포스트잇 노트 알뜰팩 등 388종 구매,물품,SCH,해군작전사령부,202404171030,M1CFA,그란피코(Gran Pico),,원강현,01041471078,"부산광역시 해운대구 세실로126, 112동 1804호 (좌동, 해운대건영2차아파트)",88.003,18726892
354,SFH0039,1,14900,***,24-B-통합구매(중량기둥 등 24품목),물품,SFH,제9196부대,202404171030,M91A4,오유코리아(OUKOREA),,조현자,01030085641,인천광역시 계양구 주부토로519 (계산동)   5층 501호 E31(계산동),88.003,63907487
343,SFH0038,1,14899,***,24-B-통합구매(스탠드형 냉난방기 30평 등 3품목),물품,SFH,제9196부대,202404171030,M2071,이에스솔루션,,김현승,07089852814,"인천광역시 남동구 청능대로581, 502-224호(논현동, 광성프라자)",88.006,38499580
188,SCF0366,1,14857,***,전자레인지 등 25종,물품,SCF,해군군수사령부,202404171030,I08F0,대성,dae sung,최명희,01068330717,"경상남도 창원시 마산회원구 양덕로65-0 (양덕동, 타코마) 가-503",88.013,48905426
63,SCF0365,1,14854,***,"가습기,이동식 등 15종",물품,SCF,해군군수사령부,202404171030,FEE59,피앤에스,p&s,성기우,01055013502,"경상남도 창원시 성산구 중앙대로37, 519호 -5호(중앙동, 경남오피스텔)",88.015,22052050
227,SCN0070,1,14812,***,스티키매트 300시트 등 430종 구매,물품,SCN,제7001부대,202404171030,L7B79,천지유통,,권윤지,01025901095,"경상남도 창원시 진해구 충장로657번길35, 202동 1801호",88.003,16321420
54,SCR0044,1,14836,***,라인용 마킹테이프 등 212종 구매,물품,SCR,해군제3함대사령부,202404171030,LE822,신동,,김선영,0612770357,"전라남도 목포시 고하대로641-10,201동 413호 (산정동,신안비치2차아파트)",88.006,33690490
59,HCM0034,1,14742,***,24-04-115 휴대용 무전기 등 2품목 구매,물품,HCM,공군교육사령부,202404171030,CF5B2,대광산업,daegwang,이종명,01026787883,경상남도 창원시 마산회원구 양덕북5길97 (양덕동1층상가),88.026,9751089
2,MCR0017,1,10344,***,안보학술연구용역(4.한국의군사전략),용역,MCR,국방대학교,202404171030,C9A6B,영남대학교산학협력단,"Industry-Academic Cooperation Foundation, Yeungnam University",김종수,0538101217,"경상북도 경산시 대학로280, 1층(대동)",,5000000
179,SFC0034,1,14882,***,디지털전용지 등 45품목 구매,물품,SFC,제9691부대,202404171030,J656E,제이예스,,정진승,01090999514,"경상남도 창원시 마산회원구 봉암공단로6, 1층 136호-A135호(봉암동, 마산산업용재백화점)",88.006,43982480
443,SCF0363,1,13420,***,(긴급)솔레노이드 밸브 등 5종,물품,SCF,해군군수사령부,202404171030,M7015,에이스상사,,김일천,010-4387-7885,"부산광역시 사하구 다대로339, 1914호(장림동, 극동정림아파트)",98.971,15464900
869,SCF0361,1,13214,***,"디스플레이 유닛,다기능용 등 2품목 구매",물품,SCF,해군군수사령부,202404171030,J4BA0,팔복5112,,강수현,01091770441,"경기도 파주시 송화로13, 109동 403호(아동동, 팜스프링아파트)",87.995,51899616
944,SCF0356,1,13037,***,"(긴급) 등, 선박항해용 등 7종",물품,SCF,해군군수사령부,202404171030,KC787,토탈marine,,허광주,055-551-4511,경상남도 창원시 마산회원구 회원동로42-1 (회원동),88.463,32040000
482,SCF0355,1,13018,***,(긴급) 냉각수 가이드 자켓 등 13종,물품,SCF,해군군수사령부,202404171030,HC427,제일테크,JEILTECH,김문길,0512656997,부산광역시 사하구 다대로613-0 (다대동) 자유마트 220호,99.871,15152500
36,SCF0332,2,12537,***,파병함정 FCU 청락/도장/소제 용역,용역,SCF,해군군수사령부,202404171030,H449E,주식회사 세선,SESUN,이병수,0518313652,부산광역시 사상구 학감대로221번길15-0 (감전동),88.004,78526000
1,SCF0318,1,09784,***,탄약정비 공정의 자동화/무인화 방안 개발,용역,SCF,해군군수사령부,202404171030,GF8AD,사단법인 한국국가전략연구원,KRINS,한민구,027989555,"서울특별시 용산구 한강대로62길41, 3층 (한강로1가)",95.49,42970000
812,SCF0362,1,08820,***,"증폭기,가속도계 신호용 등 9종 구매",물품,SCF,해군군수사령부,202404171030,M7015,에이스상사,,김일천,010-4387-7885,"부산광역시 사하구 다대로339, 1914호(장림동, 극동정림아파트)",90.169,178418240
325,SCF0358,1,08219,***,"호스,비금속제 등 6종 구매",물품,SCF,해군군수사령부,202404171030,M7015,에이스상사,,김일천,010-4387-7885,"부산광역시 사하구 다대로339, 1914호(장림동, 극동정림아파트)",88.277,4945490
7,SCF0359,1,07707,***,"잠수함(SS-I, II) 통풍관 청소 용역",용역,SCF,해군군수사령부,202404171030,JB3E6,(주)태황산업,,이헌재,051-201-0357,부산광역시 사하구 옥천로71-5 (감천동),88.051,15032000
8,SCF0314,2,07580,***,'24년 MSH 비자성 보조보일러 외주정비,물품,SCF,해군군수사령부,202404171030,J685B,피엠에스,,권차순,0553385878,경상남도 김해시 상동면 상동로685번길142-44,84.656,27802500
585,SCF0217,2,04852,***,고무판 등 7품목 구매,물품,SCF,해군군수사령부,202404171030,M2D8F,서아기업,,이승미,010-7276-1990,"서울특별시 성동구 금호로15-0 (금호동4가, 서울숲푸르지오아파트)105동904호",88.149,23016740
2,MCR0017,2,10344,***,안보학술연구용역(4.한국의군사전략),용역,MCR,국방대학교,202404171030,C9A6B,영남대학교산학협력단,"Industry-Academic Cooperation Foundation, Yeungnam University",김종수,0538101217,"경상북도 경산시 대학로280, 1층(대동)",,5000000
33,HCF0086,1,14583,***,플리스형 스웨터 명찰 제조,물품,HCF,공군군수사령부,202404171030,FD512,상신비앤비,SANG SIN B&B,유덕상,0222324202,경기도 남양주시 진접읍 부마로80번길50-7,88.072,54241967
3,HCF0090,1,14180,***,피피 멀티로프 5종 제조,물품,HCF,공군군수사령부,202404171030,0925F,永昌製綱 株式會社,"young chang rope co.,ltd.",박정운,0553318417,경상남도 김해시 상동면 동북로473번길 63(),94.167,30706280
1040,HCF0091,1,11029,***,[항자단] 검시험기,물품,HCF,공군군수사령부,202404171030,GB2E7,아로유통,A-Ro youtong,김정희,01051021856,경기도 의정부시 둔야로33번길9-0 (의정부동) A-12호,87.995,57311000
3,MCD0011,1,09119,***,군인연금제도 발전방향 연구,용역,MCD,국방부(운영지원과),202404161700,C46DF,서울대학교 산학협력단,Seoul National University R&DB Foundation,김주한,028805163,서울특별시 관악구 관악로1 (신림동),,98054000
2,MHD0035,1,11163,***,국방기술 창업경진대회 시행 용역,용역,MHD,방위사업청(운영지원과),202404161500,MA12A,쿠아,,송정현,0428675897,대전광역시 유성구 신성로61번안길53 (신성동),,245000000
2,MHD0036,1,11168,***,제8회 국방과학기술 대제전 행사 시행 용역,용역,MHD,방위사업청(운영지원과),202404161500,E7AA5,(사)한국방위산업진흥회,kdia,김유진,0232706010,"서울특별시 마포구 마포대로49, 13층(도화동, 성우빌딩)",,494000000
254,LDH0393,1,14013,***,(정수) 분말활성탄 구매,물품,LDH,육군종합정비창,202404161330,HC7D4,에그트리,Eggtree,정혜영,01035980080,"서울특별시 강서구 공항대로45길68-6, 106동 303호 (등촌동, 서광등촌마을아파트)",88.014,42975244
17,LDH0397,1,12696,***,K9자주포 밸브 구매,물품,LDH,육군종합정비창,202404161300,E705C,에이치앤주식회사,"HN Co., Ltd.",한대일,0432688305,충청북도 청주시 서원구 남이면 양촌2길10-1,88.607,7873800
3,LDH0407,1,13943,***,K200 케이블조립체 등 5종 구매,물품,LDH,육군종합정비창,202404161300,DC147,DGI산업,DGI.CO,백지윤,0519042500,"부산광역시 동래구 차밭골로21번길36, 1층 (온천동)",91.922,10886000
5,LDH0404,1,13926,***,"K200 와셔,평면형 등 12종 구매",물품,LDH,육군종합정비창,202404161300,DC147,DGI산업,DGI.CO,백지윤,0519042500,"부산광역시 동래구 차밭골로21번길36, 1층 (온천동)",91.678,10861000
4,LDH0406,1,12885,***,(자재) 고무링 구매,물품,LDH,육군종합정비창,202404161300,BD105,선우상사,,도경호,051-319-3915,"부산광역시 사상구 괘감로 37, 산업용품상가 27-228(괘법동)",88.126,3798500
8,LDH0400,1,12700,***,K9자주포 뽑게등19종 구매,물품,LDH,육군종합정비창,202404161300,EB989,진광사,,최진욱,010-4410-2737,경상남도 김해시 진영읍 진영리1611-3 중흥s클래스 119-105,88.121,7296000
2,EBB0065,1,5870,***,25파운드 연습탄,물품,EBB,지상공통전력운영계약팀,202404161100,H6CD7,주식회사 경일지엠씨,"KYUNG IL GMC CO., LTD.",장명수,0553540558,경상남도 밀양시 부북면 춘화농공단지길12-30,85.464,702383000
13,MCS0054,1,14555,***,압축기 유니트 등 2종 제작 구매,물품,MCS,국방부계룡대근무지원단,202404161100,CA25F,대현종합기계,DAEHYUN GENERAL MACHINERY,이명신,0532528245,대구광역시 중구 북성로33-0 (서야동),88.185,5498000
43,LFK0030,1,14461,***,24년 공기청정기 필터 제조 구매,물품,LFK,육군종합군수학교,202404161100,HA0FD,크린필터주식회사,Clean Filter Korea Company,박재한,0318798490,"경기도 양주시 광적면 부흥로847 양주테크노시티 504,505,506,507호",88.064,48890530
60,MCS0053,1,14435,***,보호견출지 등 520종 구매,물품,MCS,국방부계룡대근무지원단,202404161100,K1F3D,주식회사 관이네,,김병관,01094011139,충청남도 계룡시 장안로39 (금암동),88.088,23455680
11,LFK0029,1,14395,***,24년 1연대 주둔지 제초용역,용역,LFK,육군종합군수학교,202404161100,I0995,주식회사 영재건설,Youngjae,임재원,0334329734,"강원특별자치도 홍천군 홍천읍 번영로77, 1층",88.169,20752750
4411,UMM0422,1,12011,***,(246165-B)24년 정비피복(정비화) 구매,물품,UMM,국군재정관리단,202404161100,I4CA8,앤-티엠（N-TM),N-TM,정호영,01054264972,대전광역시 중구 대종로630번길24-0 (중촌동),87.995,113855228
612,UMM0421,1,10846,***,(247095-B) 병리재료 79종 구매,물품,UMM,국군재정관리단,202404161100,M2CE3,아이스헌터용현15호점,,신혜경,01093315372,"인천광역시 미추홀구 매소홀로68, 상가동 1층 109,110호(용현동, 용현2단지금호타운)",82.995,427686607
56,UMM0410,1,10445,***,24-F-활주로 제초용역,용역,UMM,국군재정관리단,202404161100,H9B98,삼승이엔씨주식회사,"samseung E&C Co.,Ltd",조영실,0625760405,"광주광역시 광산구 신가삼효로2-10 , 3층 (신가동)",88.023,177463300
2,UMM0403,1,10394,***,24-N-포신약실검사장비 제조(248105-F),물품,UMM,국군재정관리단,202404161100,J8EEE,다온테크,,박희준,055-603-8574,경상남도 창원시 의창구 충혼로91-0 (두대동) 벤처창업관 2층4호,88.006,111300000
313,UMM0415,1,10168,***,(247147-D) 외과장비소모품(2) 86품목 구매,물품,UMM,국군재정관리단,202404161100,L1531,주식회사 에프엔프레시,,김성열,07044973826,전북특별자치도 김제시 순동산단길216-0 (순동),83.014,434195520
6,UMM0394,1,09536,***,"24-F-부스,도장용 제조·설치(249077-F)",물품,UMM,국군재정관리단,202404161100,AF0B0,한일기기(주),"HANIL MACHINERY CO.,LTD",조항근,0316344503,경기도 이천시 백사면 청백리로671-24,83.964,623476500
400,UMM0419,1,09216,***,24-N-습식선체청락기 구매,물품,UMM,국군재정관리단,202404161100,IF51E,씨티원 경기지점,,김은아,07087953338,"경기도 평택시 중앙로29, 537호 (통복동, 은호빌딩)",87.996,97493333
3,UMM0416,1,07724,***,(246137-D)탄약 정비용 자재(봉인 알루미늄) 제조,물품,UMM,국군재정관리단,202404161100,FE043,주식회사 에코비투,ecob2co.ltd,하영임,023532356,"경기도 고양시 덕양구 삼원로73, 721호(원흥동, 원흥한일윈스타)",88.091,83913500
1047,LPM0006,1,14305,***,24년 렌탈프린터 임차 통합계약,용역,LPM,제9보병사단사령부,202404161100,M14B3,나나아울렛,,김수나,01025806391,"경기도 안산시 상록구 해양4로31, 109동 2804호(사동, 그랑시티자이)",87.745,93770510
5,LCG0025,1,14348,***,[24-육-80] PC기반 수신체계(안테나) 제조,물품,LCG,육군본부,202404161100,EDFA2,주식회사연화엠텍,"YEONHWA M TECH CO.,LTD",김종엽,0314447270,경기도 안양시 만안구 전파로44번길36-0 (안양동),88.207,26703600
1081,LCF0035,2,07485,***,오일펜스 등 3항목 구매(물자),물품,LCF,육군군수사령부,202404161100,K3691,유진산업,,장유진,07041155256,"전라남도 순천시 왕궁길95 (조례동, 송촌프라임) 105-1302",87.996,43266900
3,EBB0083,1,8550,***,장갑차 부품류,물품,EBB,지상공통전력운영계약팀,202404161100,EABF3,우창기계 주식회사,Woo Chang Machinery Co. Ltd,김운태,0552528997,경상남도 창원시 성산구 공단로324-21 (웅남동),84.827,319990000
4,HCF0081,2,12665,***,'24~'25년 상층대기분석장비 유지보수,용역,HCF,공군군수사령부,202404161030,C68B3,유한회사 동방이노베이션,dongbang,김준식,0635374865,전북특별자치도 정읍시 북면 북면공단2길87-0,94.256,87020931
39,LGT0031,1,14513,***,관급자재(경계울타리)설치납품(TICN 5공구)(24-DP-3),물품,LGT,제2307부대,202404161030,CDFD3,주식회사동서에코글로벌,"DONGSEOECOGLOBAL.CO.,LTD.",우승헌,0419310345,충청남도 보령시 산업단지길10-81 (웅천읍),88.179,67203000
24,LFN0013,1,14514,***,24년 교육장비(Purge & Trap Autosampler)구매,물품,LFN,육군3사관학교,202404161030,IC1EE,제이앤제이,,송옥주,0432148264,"충청북도 청주시 상당구 산성로98번길23 (용담동,석훈빌딩) 7층7141호",88.016,29081100
603,LDA0010,1,14497,***,00부대 제초관리용역,용역,LDA,지상작전사령부,202404161030,K3EB7,주식회사 차경,,허상구,0318190054,경기도 파주시 경의로1016 (야당동) 운정유미어스1차 319호,88.005,90293000
39,LGT0030,1,14498,***,관급자재(경계울타리)설치납품(TICN 4공구)()24-DP-2),물품,LGT,제2307부대,202404161030,C2C16,주식회사삼성철망,ssfence,양인욱,0629568700,전라남도 장성군 남면 나노산단1로71-1,88.098,73778311
99,SCI0040,1,14307,***,전원 공급기 등 9종 구매,물품,SCI,제9121부대,202404161030,J5396,잇츠,,김태훈,01095506442,"경상남도 창원시 의창구 평산로171번길6-2, 3층 1호(서상동)",88.007,20515330
16,SCN0067,1,14296,***,24-진-31 00사 00전대 폐기물 처리용역,용역,SCN,제7001부대,202404161030,H0943,청호환경산업 주식회사,chungho,김현주,0555722424,경상남도 의령군 용덕면 의합대로277-11,88.086,19537000
50,SCU0033,1,14209,***,도서(일류의조건 등 32종) 구매,물품,SCU,해군 기동함대사령부,202404161030,L6CEC,주식회사 주도산업,,조재용,07047105545,"제주특별자치도 제주시 월광로121-20, 113동(노형동)",90.137,11555550
7,SCH0050,1,14559,***,24-23호 레미탈 등 26종 구매,물품,SCH,해군작전사령부,202404161030,H751B,진성,ZinSung,신진업,070-8870-0072,경상남도 창원시 의창구 대산면 봉강가술로519-0 번지,98.367,4337960
28,SCP0045,1,14547,***,24-0함대 함정취사장/세척실및후드/덕트소재 외주용역,용역,SCP,제8385부대,202404161030,B7401,선인크린텍,SUNINCLEANTEC,김성진,0547763400,"경상북도 경주시 알천북로353,1층",88.002,10558860
2,LKT0036,1,14534,***,23년 신병교육대 군장품 부착 용역,용역,LKT,제1989부대,202404161030,M1DA5,사단법인 한국장애인환경사회복지협회 디딤중증장애인사업단,,김경자,0629511020,"광주광역시 광산구 평동로803번길26-0 (옥동), 나동",90.446,14030413
37,MCS0056,1,14568,***,24-계룡대 배수지 및 물탱크 청소용역,용역,MCS,국방부계룡대근무지원단,202404161030,D65B8,주식회사미호건설,miho build,김인경,0419436995,충청남도 청양군 청양읍 중앙로188-0,88.022,34076120
10,MCS0057,1,14567,***,24-계룡대 소방시설 작동기능 점검용역,용역,MCS,국방부계룡대근무지원단,202404161030,F2D73,주식회사 대진방재 엔지니어링,daejinbanggae engineering,서종분,0415781968,"충청남도 천안시 동남구 봉서6길6, 201호 (봉명동)",88.317,39875000
70,MCS0055,1,14569,***,24-27 정수기 임차용역,용역,MCS,국방부계룡대근무지원단,202404161030,HACDB,엔에이치코리아,NHK,박현민,07041112904,서울특별시 마포구 대흥로2길47 (용강동) 301,88.084,28385390
31,LGT0032,1,14556,***,관급자재(경계울타리)설치납품(TICN 6공구)(24-DP-4),물품,LGT,제2307부대,202404161030,1507F,만도실업(주),MANDO,권덕로,0319456311,경기도 파주시 덕이로292번길34-43 (동패동),88.001,40380627
13,SCP0044,1,14479,***,연무기 펌프 등 21종 구매,물품,SCP,제8385부대,202404161030,K2717,일진펌프앤그린씰 주식회사,,박수홍,0335215030,강원특별자치도 동해시 공단7로41-0 (구호동),88.882,4535110
4,LFN0012,1,14492,***,24년 교육장비(전파 및 안테나 실험세트)구매,물품,LFN,육군3사관학교,202404161030,C0477,주식회사 맨엔텔,"Man&Tel co.,Ltd.",정광욱,0544442377,경상북도 구미시 산업로 258(원평동),96.284,46500000
225,SCK0042,1,14476,***,LTO-7 TYPE 등 81종 구매,물품,SCK,해군교육사령부,202404161030,GC76B,백야테크,BaekyaTedh,권경자,07078180818,경상남도 창원시 의창구 명서로77번길22-9 (명서동),88.002,14750270
40,LGT0029,1,14482,***,관급자재(경계울타리)설치납품(TICN 3공구)()24-DP-1),물품,LGT,제2307부대,202404161030,C2C16,주식회사삼성철망,ssfence,양인욱,0629568700,전라남도 장성군 남면 나노산단1로71-1,88.356,85238195
4,SCN0068,1,14407,***,예방의무물자 비보티프 550BX 구매,물품,SCN,제7001부대,202404161030,K7335,주식회사 제이에스탑,,전현숙,0226670741,"서울특별시 강서구 공항대로228, 11층 1103호 (마곡동)",91.602,27225000
82,LKS0030,1,14434,***,비승대체력단련장 코스관리용 잔디 구매,물품,LKS,육군인사사령부,202404161030,M78CA,빅보스,,엄창섭,01052053357,전북특별자치도 전주시 덕진구 동부대로737 (우아동3가) 2층 201-176호,88.042,17149458
152,SCH0048,1,14320,***,24-0전단 제초 용역,용역,SCH,해군작전사령부,202404161030,A04F9,(주)하나건설조경,hana,임성득,0556360005,"경상남도 거제시 계룡로 54, 유경아이파크텔 202호(상동동)",88.012,17269560
12,SDG0016,1,13313,***,24-인-정수기임차용역,용역,SDG,제2002부대,202404161030,LCE89,피엔종합관리 주식회사,,박찬혁,0325778562,"인천광역시 서구 원당대로865, 505-28호(원당동, 대신프라자)",87.953,141986170
39,SFG0046,1,14184,***,공기청정기 필터 제조 구매,물품,SFG,제9181부대,202404161030,KAEED,다모아필터 주식회사,,양미정,01074137706,경상북도 구미시 산동읍 5공단7로74-0,88.03,102639590
12,SDG0016,2,13313,***,24-인-정수기임차용역,용역,SDG,제2002부대,202404161030,LCE89,피엔종합관리 주식회사,,박찬혁,0325778562,"인천광역시 서구 원당대로865, 505-28호(원당동, 대신프라자)",87.953,141986170
467,SCF0342,1,12683,***,(긴급)레벨스위치 등 32종,물품,SCF,해군군수사령부,202404161030,L95F3,지엔씨홀딩스,,김미자,01052218028,"인천광역시 미추홀구 인하로299번길14, 가동 501호(주안동, 아주아파트)",87.995,37550106
661,SCF0354,1,12682,***,"(긴급)노즐,연료 분사용 등 39종",물품,SCF,해군군수사령부,202404161030,ECF32,세종상사,,노정래,010-9384-8831,경상남도 창원시 진해구 여명로52 (여좌동),92.161,127564400
610,SCF0343,1,12681,***,(긴급)봉합제 세트 등 86종,물품,SCF,해군군수사령부,202404161030,M1AEA,금강인터내셔날,,손율겸,0517470814,"부산광역시 해운대구 마린시티3로37-0 (우동), 22층 2312호 (한일오르듀)",88.123,92862800
568,SCF0348,1,10738,***,"제어장치, 전동기-발전기용 등 3종 구매",물품,SCF,해군군수사령부,202404161030,D5F9F,에스와이테크,sytech,정미경,055-296-0229,경상남도 창원시 의창구 팔용로 355(),88.136,49493040
1378,SCF0344,1,09218,***,"접촉자 세트, 슬립 링용 등 7종 구매",물품,SCF,해군군수사령부,202404161030,IE5B5,엠에이치컴퍼니,,박미화,01066454556,"서울특별시 중구 서소문로2길29, 101호 (중림동)",87.996,133541000
493,SCF0349,1,08371,***,"스위치 유닛, 전력전달용 등 10종 구매",물품,SCF,해군군수사령부,202404161030,ECF32,세종상사,,노정래,010-9384-8831,경상남도 창원시 진해구 여명로52 (여좌동),91.54,148716000
423,SCF0350,1,08211,***,"부품키트, 디젤엔진용 등 39종 구매",물품,SCF,해군군수사령부,202404161030,B30CC,주식회사 디에스나이키,"DS NAIKI CO.,LTD",김준홍,027342125,"서울특별시 구로구 구로중앙로134, 4층(구로동, 리치몰)",83.072,261010730
718,SCF0353,1,07788,***,접속함 등 4품목 구매,물품,SCF,해군군수사령부,202404161030,I4CC6,민영상사,minyoung company,강민영,01050436566,경상북도 고령군 성산면 지경길58-0,87.995,139245840
122,LCM0026,1,14252,***,'24년 2분기 부대계약 영내자증식 구매,물품,LCM,육군교육사령부,202404161030,10262,일광정보통신,il,정재성,0537823211,"경상북도 영천시 칠백로885-25(작산동, 2층)",87.995,88986237
1079,HDK0014,1,13520,***,24년 POL지역 제초용역,용역,HDK,공군제11전투비행단,202404161030,KD642,(주)자연조경,,김해원,0324229690,"인천광역시 남동구 앵고개로948번길54-0, 502-9호 (논현동)",87.996,59112000
726,HCF0083,1,14194,***,유류흡착롤 등 3종 구매,물품,HCF,공군군수사령부,202404161030,LE3E0,주식회사 대림산업기술,,이필례,0314772119,경기도 군포시 엘에스로182번길28-7 (산본동) 2층,87.996,20127350
24,HCF0084,1,13560,***,비행복 계급장류 제조,물품,HCF,공군군수사령부,202404161030,F8CB4,주식회사 플라이쿱,flyqup,김기선,027427539,서울특별시 성동구 동일로287(송정동) 플라이쿱빌딩,88.043,42374150
19,HCF0074,2,13044,***,"[F-16 부품]키,기계용 제조",물품,HCF,공군군수사령부,202404161030,GE214,조강테크,CHOKANGTECH,조재만,0517833768,부산광역시 사상구 가야대로196번길63 1층 (학장동),88.029,35554000
43,HCF0088,1,12699,***,'24~'25년 정찰체계 지상장비 유지보수,용역,HCF,공군군수사령부,202404161030,DACB8,에스정보통신 주식회사,"S INFOMATION CO.,",황유모,0537424600,대구광역시 북구 경대로17길47-0 (복현동) 아이티융합산업빌딩 810호,87.768,169068500
4,HCF0087,1,12686,***,'24~'25년 항공기 전기계통 창정비장비 유지보수,용역,HCF,공군군수사령부,202404161030,I697A,MRO Tech(엠알오텍),MRO Tech,안기수,01036814180,"대구광역시 북구 영송로15, 2층 6210호 (태전동, 대구보건대학교 복지관)",87.993,80950000
2,HCM0033,1,14346,***,전시 항공기 도장용역,용역,HCM,공군교육사령부,202404151300,FD54B,(주)아산항공,asan aviation,김경모,051-751-0008,경상남도 밀양시 삼랑진읍 미전2길27,88.481,33545580
2,ESA0002,1,5201,***,천궁II 정비대용 30kw 발전기세트,물품,ESA,유도무기총괄계약팀,202404151100,1978F,보국전기공업(주),"BOKUK ELECTRIC IND. CO., LTD.",곽기영,0222780880,대구광역시 달성군 구지면 국가산단동로42길90-0,84.71,131650000
42,LFK0028,2,14368,***,24년 2분기 교육지원물품 구매,물품,LFK,육군종합군수학교,202404151100,L284D,오케이 상사,,문시현,07086914123,"대전광역시 서구 계룡로566 (괴정동), 4032호",88.033,29851940
42,LFK0028,1,14368,***,24년 2분기 교육지원물품 구매,물품,LFK,육군종합군수학교,202404151100,L284D,오케이 상사,,문시현,07086914123,"대전광역시 서구 계룡로566 (괴정동), 4032호",88.033,29851940
57,LHM0035,1,14315,***,23-신-19 00부대 일반차량정비고 신축 건축 감리용역,용역,LHM,제15보병사단,202404151100,BD99D,건축사사무소 이노,inno,김춘도,0332612849,강원특별자치도 춘천시 춘천로17번길31 (온의동),87.763,24840530
125,LHQ0017,1,14024,***,24년 사령부 영내 조경용역 (1차),용역,LHQ,제2작전사령부,202404151100,A9C98,달구벌그린개발(주),,문진희,0536164744,대구광역시 달성군 옥포면 신당3길 1(),88.007,19099771
18,LFK0026,1,14349,***,24년 2연대 주둔지 제초용역,용역,LFK,육군종합군수학교,202404151100,D6638,우림조경(주),woolim,신창엽,0538156623,경상북도 경산시 중앙로17길 30(),88.289,20482347
2196,LGP0081,2,13825,***,24년 렌탈프린터 임대차 계약,용역,LGP,제1군수지원사령부,202404151100,KFB5B,서준코퍼레이션,,윤진영,01088577664,"강원특별자치도 원주시 문막읍 귀문로1269-16, 1층 우측",88.001,39268000
57,LHM0035,2,14315,***,23-신-19 00부대 일반차량정비고 신축 건축 감리용역,용역,LHM,제15보병사단,202404151100,BD99D,건축사사무소 이노,inno,김춘도,0332612849,강원특별자치도 춘천시 춘천로17번길31 (온의동),87.763,24840530
13,LHM0034,1,14312,***,재해예방기술지도(토목)(2건 통합),용역,LHM,제15보병사단,202404151100,K6645,대한건설안전기술원 주식회사,,정진욱,0317848417,"경기도 화성시 동탄첨단산업1로27-0 (영천동) 비동2852,2853(금강펜테리움IX타워)",88.066,2316530
80,LPM0005,1,14167,***,24년 취사장 청소 관리용역,용역,LPM,제9보병사단사령부,202404151100,GE823,일해산업 주식회사,il hae industry,진옥화,0319695356,"경기도 고양시 덕양구 고양대로1384번길7-24, 지층6호 (성사동, 신원당마을 동문상가)",90.058,66053680
6,LHM0033,1,14259,***,군-대-1 위생시설 보수(재해),용역,LHM,제15보병사단,202404151100,LE87C,태영기술안전지도사사무소,,김병섭,010-6290-7233,"경기도 용인시 기흥구 서천로201번길31, 1동 10층 1026호(농서동, 이너매스허브시티)",88.325,1052700
10,LNT0012,1,14210,***,24-9차 부대구매 의무물품 구매,물품,LNT,제28보병사단,202404151100,J1D85,주식회사 다함메디,,한승엽,0317050041,"경기도 용인시 처인구 포곡읍 마성로386, 102호,103호",88.202,13483650
7,LHQ0018,1,14031,***,24년 영내 소방시설 작동기능검사 용역,용역,LHQ,제2작전사령부,202404151100,E1B4B,주식회사 대구소방,,김영환,0535823119,대구광역시 달서구 성서로76길31(이곡동),88.004,11946000
718,UMM0414,1,13895,***,"24-F-분석기, 주파수편이용 장비 구매",물품,UMM,국군재정관리단,202404151100,J1C44,문경새재 사과나무,,안상희,01048160906,경상북도 문경시 문경읍 주흘1길20-0,87.996,99137960
61,UMM0409,1,13591,***,24-N-소화펌프 227M3 / HR 제조,물품,UMM,국군재정관리단,202404151100,E8F26,대영이엔지 주식회사,"DAEYOUNGENG CO., LTD.",최재남,041-363-4026,충청남도 당진시 합덕읍 농공단지길31-0 (합덕농공단지),88.034,242168680
1141,UMM0383,1,09978,***,24-F-축도기용 조각기 구매,물품,UMM,국군재정관리단,202404151100,M266D,에제르 컴퍼니,,이우형,07043003323,"경기도 남양주시 별내중앙로30, 6층 605-317호(별내동, 별내로데오몰)",87.995,50327680
593,UMM0413,1,09817,***,24-N-회로기판검사기 B형 구매,물품,UMM,국군재정관리단,202404151100,HD51E,하나유통,hanayutong,김양래,01023300395,"제주특별자치도 제주시 오도9길94-0 (노형동, 노형아뜨리에3차)B동B01호",87.997,113640887
2554,UMM0412,1,09816,***,24-N-회로기판검사기 A형 구매,물품,UMM,국군재정관리단,202404151100,M1992,대산코리아 주식회사,,심동수,01022415591,부산광역시 강서구 공항로447번길207 (대저2동),87.995,86286331
32,UMM0420,1,09658,***,24~25-F-OOOO 수집/분석장비 유지보수,용역,UMM,국군재정관리단,202404151100,F3268,라온시스템즈(주),laonsystems,김태호,0314511181,"경기도 군포시 고산로148번길17-0, B동 1303호, 1304호, 1305호(당정동, 군포IT밸리)",86.911,215500000
676,UMM0382,1,09643,***,24-N-수직밀링기 구매,물품,UMM,국군재정관리단,202404151100,IC429,케어원,,이경열,0221576331,서울특별시 송파구 충민로66 (문정동)가든파이브라이프 테크노관 T7135호,88.057,123013000
15,UMM0379,1,07441,***,24-N-연료유 승압펌프 제조(248070-F),물품,UMM,국군재정관리단,202404151100,E104F,주식회사지텍,"GTECH.Co., Ltd.",김금옥,07071267255,경기도 김포시 양촌읍 황금3로7번길36 (학운리),83.478,272332090
3,UMM0399,1,05722,***,24-N-수직 이착륙형 무인기 제조(248048-F),물품,UMM,국군재정관리단,202404151100,JAE48,주식회사 네온테크,,황성일,0313528740,경기도 안양시 동안구 부림로146(관양동) 네온테크 1층,83.104,242500000
49,LHN0024,1,14471,***,24-신영-01 실내체육관 신축 무대장치 제조설치,물품,LHN,제7보병사단,202404151100,D7EED,(주)동영티엔씨,DYT&C,배상득,0553751002,경상남도 양산시 물금읍 야리2길43-0  101호(골든프라자),88,183907320
85,LHN0023,1,14442,***,24-신영-01 실내체육관 자동제어 제조 설치(수정),물품,LHN,제7보병사단,202404151100,H7566,주식회사 태승전설,Tae Seung Electric Power Co.Ltd,김주권,0325185755,"인천광역시 서구 건지로45-26, 2층(석남동)",88.004,154288041
86,HDG0009,1,14531,***,<24-43>10비 라인 및 유류저장지역 제초용역,용역,HDG,공군제10전투비행단,202404151100,C25D9,유한회사 서경엘씨,sannaedeul,김은진,0617534472,전라남도 순천시 안신기2길 30(가곡동),88.056,236107800
84,HDG0008,1,14519,***,<24-44> 10비 일반지역 및 탄약고 지역 제초용역,용역,HDG,공군제10전투비행단,202404151100,A2B82,곡성군산림조합,koksung forestry cooperative,이국섭,0613633420,전라남도 곡성군 곡성읍 군청로32,88.014,287750590
110,LHQ0016,1,14018,***,24년 사령부 영내 제초용역 (1차),용역,LHQ,제2작전사령부,202404151030,K1464,주식회사 도시정원,,이규억,0537454111,"대구광역시 북구 유통단지로8길46-12, 101호 (산격동)",87.786,43798464
62,SDQ0040,1,14302,***,"보호물, 기계식 구동용 등 35종 구매",물품,SDQ,해군제2수리창,202404151030,L0E5E,씨에스 경기,,강영실,01052181431,"경기도 평택시 안중읍 안현로서6길10, 402호 에이치13호(대원빌딩)",88.088,32354100
10,SEE0019,1,14301,***,24-J-관사 소독방역 용역,용역,SEE,제9해병여단,202404151030,K5256,주식회사 올레씨앤씨,,김미자,064-726-5058,제주특별자치도 제주시 구남동1길2-0 503호(이도이동),89.052,8354200
251,SFD0031,1,14292,***,24-P-훈련장 정밀안전점검/진단 용역,용역,SFD,제9227부대,202404151030,C2489,주식회사 한국건설방재연구원,"Korea Construction Disaster-prevention Research Co., Ltd",김영미,024033411,"서울특별시 송파구 법원로11길11, 에이동 1003호(문정동, 문정동현대지식산업센터)",88.009,16684000
120,MCR0033,1,14161,***,시설 안전관리 장비(고소작업대) 구매,물품,MCR,국방대학교,202404151030,G1332,(주)선진종합상사,Sun-Jin a general trading company,박선형,01031946100,"충청남도 당진시 대호만로1438-0 (석문면, 현대용접재료)",88.007,18485760
26,MDQ0004,1,14148,***,정맥주사실습모형 등 7품목 구매,물품,MDQ,국군의무학교,202404151030,LC112,꿈꾸는 다락,,정경숙,01097403612,"대전광역시 서구 가수원로72 (가수원동, 은아아파트1단지)106동803호",88.044,33009670
20,HCQ0019,1,14558,***,24-087 타이어 등 14종,물품,HCQ,공군제5공중기동비행단,202404151030,BD191,(주) 건영패밀리,"Kon Yong Family, Co. Ltd.",허조건,051-334-8006,부산광역시 강서구 신호산단2로75번길49-0 (신호동),88.01,20965063
10,HCQ0020,1,14560,***,24-095 타이어 등 4종,물품,HCQ,공군제5공중기동비행단,202404151030,BDCDD,경북상회,Kyoungbuk Co.,박은희,0513377407,부산광역시 강서구 신호산단2로75번길49-0 (신호동),88.128,18158760
1762,HCR0015,1,14326,***,프린터 토너 등 22품목(24-041),물품,HCR,공군제15특수임무비행단,202404151030,K345D,명성,,김선희,07077809793,"경기도 군포시 한세로70번길6 (당정동, 당정마을 누리에뜰아파트)104-202",88,15122340
1011,HDP0020,1,14313,***,"보관함 등 31종(24-026, 24-029, 24-053)",물품,HDP,공군제19전투비행단,202404151030,LB66D,성공물산,,홍인남,0414170282,충청남도 천안시 서북구 두정중3길43-1 (두정동),88,77833903
41,LCJ0028,1,14175,***,(24군책-물품007)공기청정기 필터 제조 구매,물품,LCJ,종합보급창,202404151030,G6196,두영크린테크,dooyoung clean tech,윤영식,0325710538,인천광역시 동구 봉수대로96번길62-0 (송림동),88.056,19413090
22,LFC0028,1,14282,***,육군훈련소 전반기 물탱크 청소용역,용역,LFC,육군훈련소,202404151030,GF43F,우리산업시설관리 주식회사,Woori Industry Facilities management corporation,김시영,0418535952,"충청남도 공주시 관골2길20, 1층 (신관동)",88.081,8799350
305,HCM0032,1,14135,***,24-03-073 토너 등 10품목 구매,물품,HCM,공군교육사령부,202404151030,CAC84,거산정보,gs info-system,임영삼,0555871533,경상남도 함안군 칠원읍 원서로10,88.005,16633870
345,LHN0022,2,13968,***,24-1차 축성도구 구매 계약,물품,LHN,제7보병사단,202404151000,G4467,우드피아이에스티,Woodpeer EST,김지은,01091884434,"강원특별자치도 춘천시 충혼길52번길10-0, 3층 305-45호 (온의동)",88.006,17265560
24,EBB0052,1,1631,***,"24년 플런저,신속분리식",물품,EBB,지상공통전력운영계약팀,202404121430,I509A,가온테크,GAON TECH,황진순,0519955737,부산광역시 사상구 낙동대로1390번길89-0 (삼락동),88.009,31290574
5,EBB0056,1,8506,***,24년 기관총 주야조준경 부품류(구매),물품,EBB,지상공통전력운영계약팀,202404121430,H58AB,주식회사 엔미디어솔루션,N-media solution,이근식,01042405887,"인천광역시 계양구 계산새로71, 비동 310호(계산동, 하이베라스)",84.651,764661794
3,EBBE016,1,0235B,***,저항기 조립체 등 3종,물품,EBB,지상공통전력운영계약팀,202404121400,E15E3,대호정밀,DAE HO JEONG MIL,김재철,0513271582,부산광역시 사상구 학감대로216-23 (감전동),88.411,144532100
4,LDH0332,1,08862,***,RAM업무 고도화를 위한 잠정목표값 설정 연구용역,용역,LDH,육군종합정비창,202404121300,C9BE2,국립금오공과대학교산학협력단,kumoh National Institute of Technology Industry-Academic Cooperation Foundation,권오형,0544786758,"경상북도 구미시 대학로 61, 금오공과대학교 산학협력단(양호동)",77.938,23000000
2,LDH0392,1,13722,***,"(일장) 장갑전투도자 키,기계용 등 8품목 구매",물품,LDH,육군종합정비창,202404121300,DC147,DGI산업,DGI.CO,백지윤,0519042500,"부산광역시 동래구 차밭골로21번길36, 1층 (온천동)",91.251,4680000
2,LDH0391,1,13649,***,(자재) 에폭시프라이머코팅키트 제조,물품,LDH,육군종합정비창,202404121300,D0D7C,에스에이치씨피주식회사,SHCP,한향순,0417522186,충청남도 금산군 추부면 한사래길 6(),88.199,39784000
2,LDH0390,1,13574,***,24년 전반기 정비장비 예비부품구매(공병장비류),물품,LDH,육군종합정비창,202404121300,D5F9F,에스와이테크,sytech,정미경,055-296-0229,경상남도 창원시 의창구 팔용로 355(),98.79,27943000
3,LDH0389,1,13569,***,24-4차 정비용 장비 부품구매,물품,LDH,육군종합정비창,202404121300,D5F9F,에스와이테크,sytech,정미경,055-296-0229,경상남도 창원시 의창구 팔용로 355(),98.531,15360000
150,HCL0031,1,13792,***,24-청주교육시설 BTL사업 전략환경영향평가 용역,용역,HCL,공군사관학교,202404121100,IB2A3,주식회사 청호알앤디,CheonghoR&D,김정민,0629711919,전라남도 무안군 현경면 유수정길34-31,87.76,130950252
7,LFK0025,1,14023,***,24년 전반기 조리초급리더과정 실습재료 구매,물품,LFK,육군종합군수학교,202404121100,DFA97,다해푸드,dahae.food,김기숙,0425876667,대전광역시 유성구 반석서로19번길35-0 (지족동),88.698,5194340
59,HDL0010,1,14019,***,24년 영내관사 및 간부숙소 방역용역,용역,HDL,공군제16전투비행단,202404121100,F542F,주식회사 그린이지,greeneg,강소연,07087163337,경상북도 경산시 삼성현마을2길2 (여천동),88.184,8632730
6,LHM0032,1,13816,***,군-재-10 GOP 도로 및 법사면 보수(재해),용역,LHM,제15보병사단,202404121100,C21F7,정원도시안전진단 주식회사,JCSAFE,문현주,0328890675,"인천광역시 연수구 인천타워대로323 에이동 2202호(송도동, 송도 센트로드)",88.043,1162380
250,SFC0032,1,12973,***,24-덕-시스템 냉난방기 세척 용역,용역,SFC,제9691부대,202404121100,BA201,(유)대한엔지니어링,,오민우,0632740776,전북특별자치도 전주시 덕진구 신기2길7-4(우아동3가),88.012,47251900
4,EBBE015,1,0080,***,잭박스,물품,EBB,지상공통전력운영계약팀,202404121100,K2645,(주)경원R&D,,김옥숙,0513044211,부산광역시 사상구 낙동대로1292번길9-0 (삼락동),88.317,67066000
2428,UMM0411,1,13813,***,24-F-취사용 고무장갑 구매,물품,UMM,국군재정관리단,202404121100,M050C,주식회사 은상컴퍼니,,최은미,07041097450,"경기도 안산시 단원구 고잔2길45, 7층 701-376호(고잔동, 코스모프라자)",87.995,77682550
60,UMM0406,1,13648,***,24-N-온수순환수펌프 4EA 제조,물품,UMM,국군재정관리단,202404121100,K1BA7,대성공업주식회사,,김명화,0612728400,전라남도 목포시 대양산단로97번길42-15 (대양동),88.005,91638000
2,UMM0405,1,13589,***,(24G050-A생물안전3등급 연구시설(BL-3) 유지보수용역,용역,UMM,국군재정관리단,202404121100,DE500,(주) 웃샘,wosem,이명식,0432360270,충청북도 청주시 흥덕구 옥산면 덕촌삼성골길16,88.132,98644500
5876,UMM0370,1,12815,***,"24-F-탐지기, 가스용 구매(249041-F)",물품,UMM,국군재정관리단,202404121100,KDC8A,서우컴퍼니,,서경희,01031496283,"대전광역시 유성구 자운로157번길132, 912동 102호 (신봉동, 자운대아파트9단지)",87.996,52150900
355,UMM0400,1,10367,***,(246011-G) 24년 00부대 화면전시체계 구축(리스물건),물품,UMM,국군재정관리단,202404121100,FE634,주식회사 에이치에스이노텍,hsinfo13,박한석,0415709800,충청남도 천안시 동남구 목천읍 삼성3길8-61,83.003,328690200
14,UMM0404,1,10034,***,(246123-E) 근속30주년 기념휘장 제조,물품,UMM,국군재정관리단,202404121100,GF281,사단법인 대한민국공무원 공상유공자회,Korea Disabled Official Organization,김순재,027610600,"서울특별시 영등포구 국회대로750, 11층 1106호 (여의도동, 금산빌딩)",99.285,527747000
191,UMM0390,1,09920,***,(247146-C) 특수수술재료(콜라겐창상치유제) 구매,물품,UMM,국군재정관리단,202404121100,I57B7,모아상사,moa,최중강,07087982774,인천광역시 미추홀구 인하로129(용현동),83.099,460543374
576,UMM0395,1,09898,***,24-D-감정장비(고성능 액체크로마토그래피) 구매,물품,UMM,국군재정관리단,202404121100,M1734,에스엠씨케이 주식회사,,임승영,0269615793,서울특별시 강서구 화곡로68길82-0 (등촌동) 109호,92.831,92400000
864,UMM0396,1,09895,***,24-F-분석기 회로망 1종 구매,물품,UMM,국군재정관리단,202404121100,LBC19,와이에스컴퍼니,,정영석,07046473201,충청남도 홍성군 홍북읍 홍예로213-0 (엘에이치스타힐스) 121동 2201호,87.998,140976680
178,UMM0418,1,09657,***,"(24F083-I)24년도 방화지대 구축용역(대전,천안,세종)",용역,UMM,국군재정관리단,202404121100,F6989,주식회사 동우산림개발,dongwoosanrim,최지은,0552416002,"경상남도 합천군 대양면 동부로29 ,1호",88.01,670004000
181,UMM0417,1,09656,***,"(24F081-I)24년도 방화지대 구축 용역(제천,충주)",용역,UMM,국군재정관리단,202404121100,JC33E,주식회사 레드우드,,김동인,0556737683,경상남도 고성군 상리면 척번정7길65-0,88.027,399829460
3,UMM0247,1,09337,***,24-F-항공작전 녹음기 제조,물품,UMM,국군재정관리단,202404121100,A8292,엠에스전자통신주식회사,*,최민용,024745005,서울특별시 강동구 성내로 52성원빌딩,89.513,273189800
498,UMM0384,1,09154,***,24-D-사이드슬립 테스타기 등 8종 구매,물품,UMM,국군재정관리단,202404121100,F8458,케이에스이엔지주식회사,"KSENG CO., LTD.",김미옥,07047052878,강원특별자치도 평창군 평창읍 농공단지길26,83.021,302605190
47,UMM0380,1,08321,***,(247116-C) 연구활동 재료(시약) 구매,물품,UMM,국군재정관리단,202404121100,H8ACE,주식회사우정상사,WooJungSangSa,오지녕,07046512888,"제주특별자치도 제주시 연북로21-0, 에코에비뉴 1609호",88.048,115992600
1182,UMM0393,1,08007,***,"24-F-보트, 상륙용, 공기팽창식 1품목 구매",물품,UMM,국군재정관리단,202404121100,LE465,아이컴퍼니,,이정환,01057504694,"서울특별시 동작구 동작대로35차길12-5, 비01호(사당동, 금양빌라)",87.995,72567700
26,UMM0375,1,07722,***,24-N-윤활유이송펌프(NLG-3) 제조,물품,UMM,국군재정관리단,202404121100,K1BA7,대성공업주식회사,,김명화,0612728400,전라남도 목포시 대양산단로97번길42-15 (대양동),88.008,90785000
178,UMM0402,1,06817,***,"(24F082-A) 방화지대 구축용역 (영천, 창원)",용역,UMM,국군재정관리단,202404121100,DFFD8,주식회사산림기술개발,sanrimgisoolgaebal,강지현,0618357400,전라남도 고흥군 고흥읍 봉황길9,88.021,314057000
24,UMM0388,1,06493,***,24-N-평 오폐수처리시설 및 중계펌프장 위탁관리 용역,용역,UMM,국군재정관리단,202404121100,BC777,주식회사 혜성환경,"HEYSOUNG ENVIRONMENT CO., LTD.",장공례,0314733413,경기도 안양시 동안구 귀인로79번길35 (호계동),87.758,174378950
168,UMM0366,1,06331,***,24-N-정수장 및 수원지 제초용역,용역,UMM,국군재정관리단,202404121100,D58A3,주식회사 미림조경,maree Iandscape,김정수,0559435009,"경상남도 거창군 거창읍 공수들1길29, 2층 203호",88.005,77198296
4,UMM0387,1,06018,***,(246096-C) 155밀리 고폭탄용 탄대보호환 등 3종 제조,물품,UMM,국군재정관리단,202404121100,F5C38,주식회사 케이씨아이,"KCI co.,ltd",장동수,0319340266,경기도 파주시 탄현면 방촌로879번길42-3,88.237,143928000
10,UMM0398,1,05723,***,24-N-평 중대형 구조물(00함 등) 부분보수 용역,용역,UMM,국군재정관리단,202404121100,G638A,주식회사 일성이엔지,"ILSEONG ENG CO.,LTD.",오세만,0514127038,부산광역시 영도구 대교로2번길22-6 (봉래동3가) 2층,87.823,151778668
46,MDG0110,1,12987,***,24년 의무장비(레이저통증치료기) 구매,물품,MDG,국군의무사령부,202404121100,KBFE3,주식회사 정운씨앤씨,,이한슬,0318149055,"경기도 김포시 고촌읍 인향로210번길6, 1층 30호",87.997,3022860
1334,MDG0112,1,11142,***,24년 의무장비(초음파진단기 사단용) 구매,물품,MDG,국군의무사령부,202404121100,M8CFA,라움,,경미르,01026809881,"경기도 이천시 진상미로2229-12, 1층 일부호(고담동)",87.996,34060417
3,LKP0082,1,13630,***,24년 식기세척기 임차 용역(53군지단),용역,LKP,5군수지원사령부,202404121100,D2EDA,(주)한성바이오테크,hansungbiotech,김재경,025877972,"서울특별시 강남구 개포로25길18 (개포동, 1층)",87.812,19016550
4,LKP0073,2,06350,001,24년 액화석유가스(LPG) 구매(충북),물품,LKP,5군수지원사령부,202404121100,FED63,일신에너지(주),ilsinenergy,김보극,0438731477,충청북도 음성군 음성읍 충청대로1641  일신에너지(주),83.998,1428.45
7,LKP0070,2,06344,001,24년 액화석유가스(LPG) 구매(경북),물품,LKP,5군수지원사령부,202404121100,ID651,신라에너지,,박용국,0544723332,경상북도 구미시 거양길280-0 (양호동),86.185,1449.97
17,LGP0076,3,07356,001,24-2차 면류 다수품목 단가계약,물품,LGP,제1군수지원사령부,202404121100,B8DB8,씨제이프레시웨이 주식회사,CJFRESHWAY,이건일,0221496154,경기도 용인시 기흥구 기곡로32-0 (하갈동),95.939,8516.18
17,LGP0076,2,07356,001,24-2차 면류 다수품목 단가계약,물품,LGP,제1군수지원사령부,202404121100,B8DB8,씨제이프레시웨이 주식회사,CJFRESHWAY,이건일,0221496154,경기도 용인시 기흥구 기곡로32-0 (하갈동),95.939,8516.18
787,LCF0041,1,12405,***,일회용주사바늘26게이지 등 3품목 구매(의무),물품,LCF,육군군수사령부,202404121100,J3F67,토리컴퍼니,,조정윤,01085064818,"경기도 화성시 동탄대로시범길189, 108호(청계동, 가든프라자)",87.996,28000000
3,LCF0061,2,11945,***,후레셔 유니트 등 2항목 제조(기장),물품,LCF,육군군수사령부,202404121100,M8F94,진해공업,,김재원,0553436724,경상남도 김해시 한림면 김해대로1099번안길42-18,88.125,61401000
79,HDM0029,1,13464,***,24년 ACS/IDS 출입접근통제체계 유지보수,용역,HDM,공군제17전투비행단,202404121030,D4252,소성정보기술 주식회사,Sosung Information Technology,김금남,028559503,서울특별시 구로구 공원로11길 33(구로동),87.763,39865476
151,MDW0009,1,13961,***,24년 프린터 임차용역,용역,MDW,국군간호사관학교,202404121030,M7683,주식회사 와이에스제이,,유수정,01063279887,"대전광역시 중구 동서대로1218, 7층 702호(태평동)",88,45778368
19,UAZ0012,1,13320,***,24년 교육정보시스템 통합유지보수 용역,용역,UAZ,합동군사대학교,202404121030,ACDBF,유한회사 세원정보통신,SEWONJEONGBO,김연순,0422226400,"대전광역시 중구 계백로1719(오류동, 센트리아오피스텔 916호)",88.205,34656260
4,UAZ0013,1,13898,***,[2처] 24년 국내연수 버스임차 용역,용역,UAZ,합동군사대학교,202404121030,C6CD1,(주)대원고속관광,daewon tour.co,김동현,0422425050,"대전광역시 중구 태평로44번길27, 309호(유천동, 현암에버드림)",89.749,24446700
2,SCH0044,2,11780,***,24-12호 트리암시놀론주 40mg 등 16종 구매,물품,SCH,해군작전사령부,202404121030,E21ED,(주)석호약품,Seokho Pharm,조민석,0233944395,"서울특별시 동대문구 천호대로83길84-0 (장안동,일화빌딩 지층)",97.737,3100000
205,HDQ0031,1,13772,***,20비 24-81 절단석 등 85종,물품,HDQ,제20전투비행단,202404121030,J1CDC,백제기업,,백진영,01074493999,"충청남도 천안시 동남구 청수로99-0 102동 1203호 (청수동,극동아파트)",88.002,16053330
49,LMK0019,1,14000,***,[24-C23] 이동형 산불진화장비 세트 구매계약,물품,LMK,제6보병사단,202404121030,JF781,주식회사 모양방,,김순자,025330788,경기도 포천시 가산면 정교3길54-40,88.023,36546400
11,SCU0032,1,13983,***,24-0전단 실내공기질 측정 용역,용역,SCU,해군 기동함대사령부,202404121030,JC360,주식회사 우리이앤티,,신효영,0316083374,"경기도 성남시 수정구 위례광장로322, 722-723호(창곡동, 아이플렉스)",88.05,28121880
179,HCM0030,2,14059,***,24-03-099 캐릭터 볼펜 등 2품목 구매,물품,HCM,공군교육사령부,202404121030,M9EC7,시티구매대행,,정영은,01090812692,"경상남도 김해시 주촌면 서부로1480, 203호",88.01,23658770
7,HCM0031,1,14062,***,24-04-109 스프링수첩 1품목 제조 구매,물품,HCM,공군교육사령부,202404121030,J3B7B,환디자인,,황선환,0557583539,경상남도 진주시 범골로54번길30-9 (충무공동) 드림IT밸리 B401,88.189,8183301
179,HCM0030,1,14059,***,24-03-099 캐릭터 볼펜 등 2품목 구매,물품,HCM,공군교육사령부,202404121030,M9EC7,시티구매대행,,정영은,01090812692,"경상남도 김해시 주촌면 서부로1480, 203호",88.01,23658770
188,SFC0031,1,11169,***,24-덕-체 자주식 그린 모어 등 2품목 구매,물품,SFC,제9691부대,202404121030,LC499,제이엘,,이원성,01044842590,"경상남도 창원시 진해구 신항2로114, 717호(용원동, 다인로얄팰리스 부산 신항2차)",87.997,44157680
599,SCF0334,1,08495,***,회로카트 조립체 1EA 구매,물품,SCF,해군군수사령부,202404121030,F0F22,(주)비아이엔씨,"BINC.,CO.LTD.",김여기,07074573900,서울특별시 서초구 양재동언남 18길3 (양재동  2층),98.631,53265000
1296,SCF0336,1,08151,***,베어링 등 22종 구매,물품,SCF,해군군수사령부,202404121030,H2CF5,주식회사 전북진설종합관리,JEON BUK JIN SEOL,한귀희,0638356100,전북특별자치도 익산시 부송로196-0 (부송동),87.996,68681240
587,SCF0333,1,08031,***,"판, 안내용 1,000EA 구매",물품,SCF,해군군수사령부,202404121030,LBAD3,수에스지,,김상영,01072727877,"부산광역시 동래구 쇠미로81번길22, 205동 306호(사직동, 사직2차 삼정그린코아아파트)",87.995,10633300
2734,SCF0335,1,08000,***,게이트밸브 등 8품목 구매,물품,SCF,해군군수사령부,202404121030,M1FA4,주식회사 대한하우징,,유한,01054990516,"인천광역시 남동구 만수서로37번길42,1층(만수동)",87.995,48591720
41,MDR0012,1,13780,***,씽크대 제조설치납품,물품,MDR,제9965부대,202404121030,GF698,주식회사 쿤스트에프케이,kunstefurniturekorea,조경호,0317693043,경기도 광주시 오포읍 포은대로339(추자동),87.995,20093630
4,LDG0031,1,12816,***,가스관조립체 등 13개 품목 제조,물품,LDG,육군 탄약지원사령부,202404121030,KDBEA,도균테크,,김도균,0513015821,부산광역시 사상구 낙동대로1318번길52-0 (삼락동),84.455,255631144
620,LDG0030,1,12786,***,나사 등 167개 품목 구매,물품,LDG,육군 탄약지원사령부,202404121030,J97FA,휴앤케어,,박진형,0533272208,대구광역시 북구 학남로60 (학정동),87.998,163559030
8,LDG0026,2,11829,***,24년 폐지환통 위탁처리 용역,용역,LDG,육군 탄약지원사령부,202404121030,J9225,주식회사 조은환경개발,,김애경,0318576160,경기도 양주시 칠봉산로314번길101-0 (봉양동),84.539,66904700
4,LKG0025,1,14017,***,요사채 기와지붕 공사(설치납품),물품,LKG,육군제53보병사단,202404111630,DAF5A,(주)대동기와산업,Daedong kiwa sanoep,이호진,0518680600,부산광역시 기장군 일광면 화용길33-0,88.109,12154790
12,LKG0026,1,14026,***,19해감대대 생활관 출입문 교체(설치납품),물품,LKG,육군제53보병사단,202404111630,M019C,주식회사 복영,,장민복,052-275-6669,울산광역시 남구 월평로230-0 (삼산동),88.302,7228397
10,EBB0045,1,0022,***,24년 등명구부품류,물품,EBB,지상공통전력운영계약팀,202404111430,L3AB7,주식회사 지앤피코리아,,김옥금,01057210103,경기도 양주시 남면 화합로387번길51-98,85.738,460869950
7,HDI0007,1,13999,***,회로카드 조립체 1종 구매,물품,HDI,공군83정보통신정비창,202404111330,E6A75,시온테크,ziontechnology,박혜성,0415221408,충청남도 천안시 서북구 백석공단1로10-0 (백석동),89.942,93699000
3,LDH0105,2,03837,***,K1A2 전장관리신호처리기 시험장비개발 연구용역,용역,LDH,육군종합정비창,202404111300,2635F,주식회사 유니텍,UNITECH Co Ltd,이훈민,0264801700,"경기도 안양시 동안구 시민대로387  A동 1201-1호(관양동,디지털엠파이어)",84.462,45320000
4,HCL0028,1,11180,***,"24-061 발전기세트, 디젤엔진식",물품,HCL,공군사관학교,202404111100,E077C,파워코리아 주식회사,POWER KOREA Co.Ltd.,김판준,0313599293,경기도 화성시 남양읍 무하로110번길40-18,88.958,33518300
133,LKD0027,1,13952,***,24년 동원 및 예비군훈련장 방제방역 용역,용역,LKD,제32보병사단,202404111100,KE153,대보,,박혜경,0419349317,"충청남도 보령시 원동1길69, 121호(대천동, 시티타워)",88.019,30961900
446,MCN0014,1,13741,***,행사장구류(기 받침대 등 23종) 제조 구매,물품,MCN,국방부근무지원단,202404111100,H2687,진원,Jinwon,김권석,07082712110,서울특별시 중랑구 용마공원로52-1 1층 101호,88.003,27965170
36,SCG0011,2,13817,***,도서(Waspom's Nval 2024-2025 등 3종) 구매,물품,SCG,해군본부,202404111100,J7CEC,주식회사 씨티원 충남,,조영숙,07087671114,"충청남도 계룡시 장안로39, 303호 (금암동)",90.046,5718041
36,SCG0011,1,13817,***,도서(Waspom's Nval 2024-2025 등 3종) 구매,물품,SCG,해군본부,202404111100,J7CEC,주식회사 씨티원 충남,,조영숙,07087671114,"충청남도 계룡시 장안로39, 303호 (금암동)",90.046,5718041
145,UMM0368,1,12865,***,24-N-기술교범 외주번역 용역,용역,UMM,국군재정관리단,202404111100,DFE8D,주식회사 휴먼디앤씨,Humandnc,권혜란,0436512983,충청북도 제천시 고암로1길15-0 (청전동),87.745,133838110
780,UMM0345,1,12000,***,24-F-전원 공급기 구매,물품,UMM,국군재정관리단,202404111100,M7B13,신흥리테일,,최영철,01092038248,"충청남도 천안시 서북구 충무로124-24, 111동 801호(쌍용동, 현대홈타운아이파크)",83.011,251818310
1554,UMM0371,1,09261,***,24-N-가스엔진히트펌프 구매,물품,UMM,국군재정관리단,202404111100,J5CB5,씨에스컴퍼니,,나철수,07088610044,"서울특별시 강동구 천호대로1139,11층 알1156호(길동)",87.995,98701610
439,UMM0373,1,08699,***,24-N-고소작업대 A형 구매,물품,UMM,국군재정관리단,202404111100,B4B8D,한길씨앤씨 주식회사,"hangilcnc co.,ltd",신용인,0231432486,"서울특별시 금천구 서부샛길632-0 (가산동, 대륭테크노타운5)",83.013,239005000
60,UMM0367,1,08594,***,24-N-빌지펌프 4.5㎥HR 5EA 제조,물품,UMM,국군재정관리단,202404111100,I19FF,주식회사 에이스중공업,ACE heavy industries,신이철,0635422758,전북특별자치도 김제시 백산면 지평선산단3길89-13,87.997,158228000
543,UMM0354,1,07372,***,24~27-N-얼음정수기(59대) 임차용역,용역,UMM,국군재정관리단,202404111100,I26C9,을상 주식회사,Eul Sang Corportion,이혜진,0314818562,"경기도 용인시 기흥구 죽전로10, 6층 601-48호(보정동, 장은메디칼프라자)",87.75,119411630
169,UMM0374,1,06622,***,24-M-훈련장 제초관리 용역,용역,UMM,국군재정관리단,202404111100,GBBA2,주식회사 고은건설,"goeun construction co,.ltd",임주형,0546835321,경상북도 영양군 영양읍 중앙로85-1,88.015,116590050
4205,UMM0312,1,01903,***,"24-F-선반, 엔진용 구매",물품,UMM,국군재정관리단,202404111100,J2E75,바른유통,,안은순,01056644342,경기도 남양주시 진접읍 봉현로51-4 (길훈아파트) 106-101,87.995,70731240
452,MDD0061,1,12082,***,2024 병리장비운영소모품(10) 8품목 구매,물품,MDD,국군수도병원,202404111100,KFB9E,은서유통,,윤운태,01024075879,충청남도 보령시 남포면 봉덕삼현길305-136,87.998,7652840
158,MDD0060,1,12069,***,2024  외과장비운영소모품(5-1) 4품목 구매,물품,MDD,국군수도병원,202404111100,G0A07,우분트코리아,ubunt korea,강윤진,0315202996,"경기도 시흥시 대은로8-10 (은행동, 강원빌딩)",99.727,19980000
42,HDQ0032,1,14034,***,"20비 24-66 컨테이너 부스, 정비사 대기실 제조 구매",물품,HDQ,제20전투비행단,202404111030,KBEEC,신강건설산업 주식회사,,양인순,0415463480,충청남도 아산시 신정로333-26 (기산동),88.012,55550000
5149,SDF0051,1,13783,***,토너 등 58종 구매,물품,SDF,제5738부대,202404111030,LD7F7,더블우몰,,김수연,01033496209,"경상북도 김천시 혁신4로72 (율곡동, 경북혁신엘에이치천년나무2단지) 201-1502",88,17316612
19,LDC0009,1,13779,***,24년 소방종합정밀점검 용역,용역,LDC,육군과학화전투훈련단,202404111030,LFE8D,주식회사 대한소방,,오나영,0339010119,"강원특별자치도 원주시 라옹정길3-1, 101호(관설동)",88.013,19614449
210,LGT0025,1,13770,***,'24년 지형분석재료(전산운영용품) 구매(24-GP-15),물품,LGT,제2307부대,202404111030,AB8C9,세진네트웍스(주),sejinnetwork,이승덕,0332622030,강원특별자치도 춘천시 동면 만천로26-27 2층,88,10764300
16,SEE0017,1,13953,***,24-24-J-주거시설 위생관리(청소) 용역,용역,SEE,제9해병여단,202404111030,HB32B,주식회사 금원,kumwon,한재성,0647557885,제주특별자치도 제주시 서광로228-0 (삼도일동) 3층,90.063,60253700
518,LCK0013,1,13831,***,[일반-24-50] '24년 취사장 청소용역,용역,LCK,수도방위사령부,202404111030,CAF6E,주식회사티엠앤플러스,Total Maintenance,이혜정,0269593440,서울특별시 구로구 신도림로11길19-0 (신도림동),88.009,21047230
155,LCK0012,1,13830,***,[일반-24-49] '24년 물탱크 청소용역,용역,LCK,수도방위사령부,202404111030,C1491,엔제이환경건설 주식회사,ILS,노민숙,0315261074,경기도 용인시 처인구 동부로21 (마평동)  2층,88.034,25075100
11,LCK0011,1,13829,***,[일반-24-48] '24년 실내공기질 측정 용역,용역,LCK,수도방위사령부,202404111030,HC1D5,실내공기질연구소 (I-LAB),IAQL (Indoor Air Quality Laboratory),이현미,031-945-8966,경기도 고양시 덕양구 삼원로73 (원흥동) 한일윈스타 지식산업센터 1123호,88.032,14411200
369,SDF0052,1,13807,***,볼렌치 세트 등 32종 구매,물품,SDF,제5738부대,202404111030,HE794,만나기획,Manna planning,주미화,01024261966,경기도 수원시 권선구 구운중로22번길36 (구운동) 1층,88.039,11019456
26,SEE0016,1,13941,***,24-J-주거시설 조경관리(예초) 용역,용역,SEE,제9해병여단,202404111030,C9616,대우안전주식회사,"daewoo safety co.,ltd",김순희,0647335770,제주특별자치도 서귀포시 일주동로8826 (서홍동),88.084,8780000
75,SCH0046,1,13862,***,24-18호 초과압력 배출밸브 등 32종 구매,물품,SCH,해군작전사령부,202404111030,AC13C,그린종합사무기,greeninfo,임근우,0432777000,충청북도 청주시 서원구 남이면 남석로326,88.001,35492550
11,LHG0012,1,13836,***,(물-027) 안전물자 세트(재료비) 구매,물품,LHG,제1862부대,202404111030,FC4A1,주식회사 누리넷,NURINET CORPORATION,안정례,07088436800,"강원특별자치도 인제군 북면 원통로260-0 , 1층",88.01,10281097
10,LHG0010,1,13821,***,(물-025)GOP대대 비상발전 구성 자재구매,물품,LHG,제1862부대,202404111030,M0040,주식회사 일성,,권선자,0332616133,강원특별자치도 인제군 인제읍 비봉로31-3,88.019,12865353
13,LHG0011,1,13835,***,(물-026) 안전물자 세트(자산취득비) 구매,물품,LHG,제1862부대,202404111030,FC4A1,주식회사 누리넷,NURINET CORPORATION,안정례,07088436800,"강원특별자치도 인제군 북면 원통로260-0 , 1층",88.161,20679172
13,LHG0013,1,13814,***,(물-028) 주거비품(백동아파트 1동 출입문) 설치 납품,물품,LHG,제1862부대,202404111030,FC4A1,주식회사 누리넷,NURINET CORPORATION,안정례,07088436800,"강원특별자치도 인제군 북면 원통로260-0 , 1층",88.009,15037980
14,LHG0014,1,13824,***,(물-029) 00관측소 옥상 방수자재 구매,물품,LHG,제1862부대,202404111030,K33B1,제이유통,,김대식,070-8862-0209,강원특별자치도 인제군 남면 빙어마을길48-17,88.008,20262700
435,LMR0019,1,13599,***,24년 취사장 청소용역,용역,LMR,제5군단사령부,202404111030,H13D2,크렉스,clex,박학순,0312633233,경기도 용인시 수지구 풍덕천로186 (풍덕천동) 102,88,37774090
23,SCK0039,2,12473,***,24-00사 혼합폐기물 처리 용역,용역,SCK,해군교육사령부,202404111030,L1E1C,주식회사 에코시스템,,정현태,0555846664,경상남도 함안군 군북면 민등길85-0,88.073,23171691
11,LGQ0010,1,13732,***,24-1차 정밀안전점검 및 내진성능평가 검증용역(1공구,용역,LGQ,제36보병사단,202404111030,J9457,(주)장원구조 건축사사무소,,한상철,07077012004,"강원특별자치도 원주시 흥업면 북원로1819-0 , 202호",88.16,5950200
2,SFC0029,1,10471,***,해병대 데이터 관리 및 활용 발전 방안 연구,용역,SFC,제9691부대,202404111030,D6E33,주식회사 베테랑콤,,이재평,02-525-8579,서울특별시 서초구 서초동1432-13 202,68.54,27000000
822,SCF0341,1,10883,***,"구명구,조끼형 구매",물품,SCF,해군군수사령부,202404111030,G8536,주식회사 원포인트 듀오,onepointduo,이인환,024477117,"서울특별시 강북구 덕릉로40길74, 701호(번동, 강북전자공단)",82.995,211951530
635,SCF0339,1,10881,***,"전원공급기,무정전식 등 7종 구매",물품,SCF,해군군수사령부,202404111030,J6660,주식회사 엠제이엠,,김무진,0535628476,대구광역시 서구 새방로29길6-17 (상리동),99.019,180180000
1315,SCF0338,1,10877,***,"시일,밀봉형 등 20종 구매",물품,SCF,해군군수사령부,202404111030,K84ED,(주)수디자인,,길선미,0425334111,"대전광역시 유성구 복용동로43, 6층 F632호 (복용동)",87.995,128918333
237,SCF0340,1,10875,***,회로카드 조립체 등 20종 구매,물품,SCF,해군군수사령부,202404111030,1133F,이화전기공업 주식회사,EHWA TECHNOLOGIES INFORMATION CO.LTD,백성현,0234400204,"서울특별시 강남구 논현로 746, 석호빌딩(논현동)",86.637,412500000
1076,SCF0337,1,08510,***,여과기 부품 등 20종 구매,물품,SCF,해군군수사령부,202404111030,K84ED,(주)수디자인,,길선미,0425334111,"대전광역시 유성구 복용동로43, 6층 F632호 (복용동)",87.995,113893138
650,SCF0330,1,08122,***,오더피커 1set 구매,물품,SCF,해군군수사령부,202404111030,H90D3,주식회사 수성이브이,,오세진,07048370703,"부산광역시 기장군 장안읍 명례산단6로124 , 사무동 2층 2호",99.065,32791000
5,SCF0328,1,06889,***,"잠수함 충·방전기(209급, 214급 겸용/제주) 정비",물품,SCF,해군군수사령부,202404111030,1133F,이화전기공업 주식회사,EHWA TECHNOLOGIES INFORMATION CO.LTD,백성현,0234400204,"서울특별시 강남구 논현로 746, 석호빌딩(논현동)",84.864,183959600
19,LPF0040,1,13851,001,24년 음식물류 폐기물 위탁처리 용역,용역,LPF,제51보병사단,202404111030,H229C,중원산업,JUNGWON Industry,김경민,01062460327,충청북도 충주시 주덕읍 화개1길16 (서충주신도시 삼일파라뷰 그랜드센트럴) 220동 212호,84.281,151.69
4,HCG0007,1,12506,***,딘 헤스 대령 9주기 추모행사 대행용역,용역,HCG,공군본부,202404111000,K865F,파이오니아 주식회사,,강태우,0647528202,제주특별자치도 제주시 남광북3길47-1 (이도이동),97.966,19607500
381,LHN0021,1,13866,***,24년 대대급 안전물자 세트 구매,물품,LHN,제7보병사단,202404111000,L8D91,제일홈케어,,박세진,01037299337,강원특별자치도 춘천시 효제길37-0 (효자동) 1층 제일홈케어,88.004,30512158
11,EBBE011,1,4536,***,"실린더,평형기용",물품,EBB,지상공통전력운영계약팀,202404091500,M8D86,제이케이에이치(J.K.H),,하치규,0513142981,부산광역시 사상구 대동로209번길31-0 (학장동),88.284,38932100
13,EBB0041,1,5024,***,24년 155밀리 적재훈련탄,물품,EBB,지상공통전력운영계약팀,202404091430,4498F,삼호정밀,SAMHO PRECISION,김일천,0519717226,부산광역시 강서구 평강로217-1 (대저1동),83.87,1431000000
3,EBB0042,1,5910A,***,24년 단안형 야간투시경 부품류(구매),물품,EBB,지상공통전력운영계약팀,202404091430,4001F,덕인산업,,장남인,055-385-1151,경상남도 양산시 유산공단3길33-0 (교동),84.243,527574000
2,HDN0017,1,12494,***,24-활주로 진입등 해상구조물 보수공사 건설사업관리,용역,HDN,공군제18전투비행단,202404091300,A4835,주식회사 동서엔지니어링,DONGSEO Engineering,이익상,024091230,강원특별자치도 춘천시 후석로44 (석사동) 3층,87.979,34697000
4,LDH0386,1,10993,***,K1전차 펌프 구매,물품,LDH,육군종합정비창,202404091300,I5B53,이지텍,iztec,최준석,0553753164,경상남도 양산시 상북면 소토1길14-0,98.059,39776240
11,LDH0383,1,09712,***,(자재) ABS-M30 등 5종 구매,물품,LDH,육군종합정비창,202404091300,D66E5,일우디지컴(주),ILWOO Digicom,고영남,02-3667-9726,"서울특별시 영등포구 경인로80길 3-11, 영우빌딩3층(문래동1가)",98.065,41046708
7,LHK0020,1,13354,***,24년 전기안전관리대행  용역(2공구 - 홍천권역),용역,LHK,제2군단,202404091140,F9940,(주) 현대전기안전관리,hyundai,박준범,0336510133,강원특별자치도 강릉시 성덕포남로182번길3-0 (포남동),88.439,7458450
8,LKP0081,1,11572,***,00부대 창고 아연도금 철판 제조설치,물품,LKP,5군수지원사령부,202404091130,ACD10,태영조경 주식회사,TAEYOUNG,김광진,0425863660,"대전광역시 서구 둔산남로9번길5, 201호(둔산동)",88.162,16329317
3,LHK0019,1,13353,***,24년 전기안전관리대행  용역(1공구 - 춘천권역),용역,LHK,제2군단,202404091130,J57DD,진흥전기안전(주),,안상연,0332641555,강원특별자치도 춘천시 신동면 정족2길25,88.655,42326000
8,EBB0036,1,1612,***,케이블/배선장치류,물품,EBB,지상공통전력운영계약팀,202404091100,1003F,연합정밀(주),"YEONHAB PRECISION CO.,LTD",김은주,0415665992,충청남도 천안시 동남구 목천읍 학수소사길219-27,83.743,2313000000
25,MCS0049,1,13223,***,춘계전투진지공사 자재 구매,물품,MCS,국방부계룡대근무지원단,202404091100,M9E3C,행운정보,,민선석,0425255861,충청남도 계룡시 엄사면 번영4길8-14,88,8218100
105,LHQ0015,1,13124,***,`24~`25년 무열대 렌탈프린터 임차 용역,용역,LHQ,제2작전사령부,202404091100,LFC63,비에스물류,,채경수,01093726675,대구광역시 북구 노원로17길42-0 (노원동3가),88.079,37703160
120,HDP0018,1,13429,***,(24-용역-22) '24년 POL지역 제초 유지관리 용역,물품,HDP,공군제19전투비행단,202404091100,CAA17,제이그린필드 주식회사,"J Green field Co.,Ltd.",이승희,0436530100,"충청북도 제천시 숭의로1길26-0, 2층 (화산동)",88.029,41864680
64,LCN0021,1,13287,***,24년~27년 얼음냉온정수기 임차 용역,용역,LCN,육군사관학교,202404091100,I83EE,디엠글로벌,DMglobal,이화선,01041692903,"인천광역시 연수구 한나루로105번길68, 406동 1804호(옥련동)",88.011,25618230
5,LHK0018,1,13071,***,24년 전반기 작계훈련 무기 수송차량 임차용역,용역,LHK,제2군단,202404091100,G1C31,브이로지스 주식회사,"V logis Co.,Ltd",박양순,0234281234,서울특별시 강동구 선사로52-0 (천호동),92.12,6792500
51,LHK0017,1,13065,***,24-5차 정보통신운영지원예산 물품 구매,물품,LHK,제2군단,202404091100,L0A3D,행복한아침못,,최지혜,07047111855,강원특별자치도 춘천시 신북읍 아침못길187,88.043,6862090
288,MCS0050,1,13390,***,간부용 릴홀더형 목걸이 등 2종 제작구매,물품,MCS,국방부계룡대근무지원단,202404091100,M78D9,현대종합상사,,정이안,010-4411-2344,충청남도 계룡시 두마면 제1산단로7-4 2동 2호,88.037,13330000
4,LKD0026,1,13374,***,24년 99여단 실내사격장용 습식청소기 구매,물품,LKD,제32보병사단,202404091100,K12CF,주식회사 동우커넥트,,임동해,01066719662,"인천광역시 남동구 남동서로236번길30-0 , 2층 222-A252호",88.111,10460340
46,UMM0381,1,13050,***,(24G008-H)24년 과학수사시스템 통합 유지관리용역,용역,UMM,국군재정관리단,202404091100,HEA3F,대양종합솔라팅 주식회사,DEAYANG SOLARTING,한선미,0619028600,전라남도 영광군 대마면 전기차1로129-0,87.78,59267954
6,UMM0372,1,12884,***,(24F090-A) 유류중대 급유시설 기술민간위탁 용역,용역,UMM,국군재정관리단,202404091100,C250D,프라임방재주식회사,prime fp,김회택,0226927119,"서울특별시 강서구 허준로217 (가양동) 가양테크노타운 503호, 507~509호",88.337,82557000
65,UMM0365,1,12782,***,24-N-청수펌프(EHP-40B 50GPM)제조(248013-F),물품,UMM,국군재정관리단,202404091100,I47EA,태성테크,Taesung Tech,하연희,0553425810,경상남도 창원시 의창구 대산면 가술산남로12번길20-1,87.999,217272500
65,UMM0363,1,12779,***,"24-N-펌프,원심식(EHP-80C) 제조(248071-F)",물품,UMM,국군재정관리단,202404091100,AC1BE,주식회사엠아이텍,"Myung In Technology CO., LTD",조형수,0429313106,"대전광역시 서구 구봉산북로7번길57, 2층 202호 (관저동)",88.016,183333880
179,UMM0392,1,12032,***,(247108-E) 특수수술재료(지혈제) 구매,물품,UMM,국군재정관리단,202404091100,CAAB4,강원상사,KWANG WON,김동국,0332422612,강원특별자치도 춘천시 남춘로17-0 (퇴계동),99.492,98664000
589,UMM0397,1,11275,***,(247019-F) 치과재료 구매,물품,UMM,국군재정관리단,202404091100,A8436,(주)모던애드,modernad,김영심,0226713210,"서울특별시 영등포구 선유로13길25,  209호",87.998,102407160
1351,UMM0307,1,10837,***,24-F-제초기 구매,물품,UMM,국군재정관리단,202404091100,J9EC5,준아트,,박용준,01093009534,"경기도 의정부시 안말로44(호원동, 현대아트홈) 602호",87.998,70700900
168,UMM0377,1,10161,***,(247061-D)수술재료5 구매,물품,UMM,국군재정관리단,202404091100,F6749,JJ기획,JJ planning,하헌제,07075690484,"경기도 고양시 일산동구 강석로33 (백석동, 대우IAAN) 217호",87.998,131584500
2261,UMM0325,1,09644,***,24-N-휴대용 금속탐지기 구매,물품,UMM,국군재정관리단,202404091100,F066D,에이스,AEC MG,김미현,0226885995,서울특별시 금천구 가산디지털1로25 (가산동) 대륭테크노타운17차 제지하1층 제비102호,87.996,167662400
917,UMM0391,1,09572,***,(247098-E) 수술포 36종 구매,물품,UMM,국군재정관리단,202404091100,IA256,주식회사 정현,JH Company,심정현,01032676878,"경기도 의정부시 둔야로45번길11, 1층 1170호 (의정부동)",87.997,74180300
82,UMM0357,1,09517,***,24-F-헬륨가스 구매,물품,UMM,국군재정관리단,202404091100,CB441,한국가스텍,KOREA GAS-TECH,신중범,0522374111,울산광역시 울주군 온산읍 내동2길18-0,83.003,573745766
86,UMM0356,1,08714,***,24-F-광역발전기 세트 구매,물품,UMM,국군재정관리단,202404091100,DC27D,유신에이치알 주식회사,"YusinHR Co., Ltd.",허순정,0514148700,부산광역시 기장군 장안읍 반룡산단2로25-0,85.386,1808900000
6,UMM0358,1,08637,***,24-N-공기압축기 저압 5EA 제조,물품,UMM,국군재정관리단,202404091100,3988F,범한산업 주식회사,"Bumhan Industries Co., Ltd.",서정태,0552240500,"경상남도 창원시 마산회원구 자유무역4길62-0 (봉암동, 범한산업)",84.754,1118374400
53,UMM0288,1,08058,***,24-F-병영시설 방제 용역,용역,UMM,국군재정관리단,202404091100,H447D,베스트환경,besteco,김충섭,055-299-2963,경상남도 창원시 의창구 남산로113번길26-1 (서상동) 101호,87.745,181171400
932,UMM0369,1,07548,***,(24F097-A) 제초용역,용역,UMM,국군재정관리단,202404091100,JA972,주식회사 공간이천이십,,유혜경,0316558700,"경기도 평택시 평택로275, 208호(세교동)",88.052,226931000
23,UMM0376,1,05902,***,(246082-D)백색가죽요대 등 10종 제조,물품,UMM,국군재정관리단,202404091100,L481C,(주)군장코퍼레이션,,노광연,0417423110,충청남도 태안군 근흥면 근흥로242-28,88.004,96614300
1880,UMM0106,1,03784,***,"24-F-기압계, 아네로이드식 구매",물품,UMM,국군재정관리단,202404091100,L9D1A,나연,,김나연,010-3511-5524,인천광역시 서구 청라한내로72번길1307호,87.996,77530000
5,MDR0010,1,13505,***,'24년 선박엔진 외주정비,용역,MDR,제9965부대,202404091100,G91F2,기성마린,keesungmarine,이희상,0519734180,부산광역시 강서구 공항로533번길342-9 (대저2동),87.855,144392230
3,MDR0011,1,13495,***,24년 수영자이송정 외주정비,용역,MDR,제9965부대,202404091100,4681F,주식회사 로마스인더스트리즈,ROMAS INDUSTRIES INC.,전애영,0335733660,강원특별자치도 삼척시 근덕면 본동길 21-196 농공단지1블럭(),86.775,331968000
5,MDR0009,1,13494,***,"24년 고속단정, 15인승 엔진 외주정비",용역,MDR,제9965부대,202404091100,L33B4,혁신산업,,김윤정,0553443044,경상남도 김해시 한림면 한림로515번길224-0,87.75,51341000
78,MDD0062,1,13503,***,2024년 수도병원 소방시설(작동기능/종합정밀) 점검,용역,MDD,국군수도병원,202404091100,05074,(주)유신플랜테크,YOOSIN Plan Tech Inc.,홍성철,0231430119,서울특별시 마포구 신촌로6길 24(동교동),87.802,34892000
192,LFC0027,1,12979,***,24년 5~6월 가공후식(이온음료 등 8품목) 구매,물품,LFC,육군훈련소,202404091100,L0FAB,주식회사 위주축산,,조성민,0553867009,경상남도 양산시 중앙로50-0 (남부동),83.015,228028000
321,LCG0024,1,11803,***,[24-육-73] 기여공약 이행을 위한 측량장비 구매,물품,LCG,육군본부,202404091100,K15BA,라이핏사이언스,,신종걸,07077992588,인천광역시 남동구 은봉로52-0 (논현동) NIC지식산업센터 1013호,88.014,45630350
27,LCF0062,1,13415,***,작전배낭 1항목 제조(피복),물품,LCF,육군군수사령부,202404091100,J43BD,엔젤상사,,남경식,0432233568,"충청북도 청주시 상당구 산성로16번길46(금천동, 201호, 202호, 402호)",88.78,13294800
326,LCF0060,1,12903,***,"타이어, 공기압식, 차량용 등 2항목 구매(기장)",물품,LCF,육군군수사령부,202404091100,J6361,주식회사 멀티열린세상,,주영철,01020118585,"경기도 광명시 광명로786번길4 (광명동),301호",83.006,198409028
47,LCF0048,1,11983,***,조종사용 목티 긴팔 등 4항목 제조(피복),물품,LCF,육군군수사령부,202404091100,E0EB5,주식회사 수영글로벌,sooyoungglobal,박수영,0535839087,"대구광역시 달서구 성서서로47길15, B동  지하(신당동)",88.278,38611556
246,LCF0046,1,07616,***,안면두건 1항목 제조(피복),물품,LCF,육군군수사령부,202404091100,I4172,주식회사 토브더가먼트메이커,TOV THE GARMENT MAKER,윤현수,07077004906,"서울특별시 성동구 성수이로147, 909호(성수동2가, 아이에스비즈타워)",88.466,19028502
163,LCF0057,1,06277,***,3웨이스탑코크 등 4항목 구매(의무),물품,LCF,육군군수사령부,202404091100,E3F34,주영메딕스,JUYOUNG  Medics,김정임,07089688070,"서울특별시 광진구 뚝섬로31길20-0 (자양동, 대동아파트)상가106호",97.205,37902610
1217,LCF0056,1,05869,***,"가위,붕대용 등 16항목 구매(의무)",물품,LCF,육군군수사령부,202404091100,K6FE6,주식회사 제이코퍼레이션,,진연우,0337321132,강원특별자치도 원주시 번재길165-15 (봉산동),87.997,25415773
3,EBB0038,1,8440,***,"시동기, 엔진용",물품,EBB,지상공통전력운영계약팀,202404091100,M8F94,진해공업,,김재원,0553436724,경상남도 김해시 한림면 김해대로1099번안길42-18,88.075,159129000
3,EBB0035,1,6955,***,장갑차 수리부속류(K21),물품,EBB,지상공통전력운영계약팀,202404091100,2157F,평화정밀,PYEONG HWA PRECISION Co.,조현배,051-941-8491,부산광역시 강서구 미음산단3로120-0 (미음동),83.676,342875000
3,EBB0032,1,6010,***,하네스류,물품,EBB,지상공통전력운영계약팀,202404091100,0691F,대호정기(주),"Daeho Precision Co., Ltd",신영근,0553452121,경상남도 김해시 진영읍 서부로179번길 48(),83.804,55400000
4,EBB0029,1,4999A,***,함정용 실내 LED 등,물품,EBB,지상공통전력운영계약팀,202404091030,2304F,대양전기공업(주),"DAEYANG ELECTRIC CO.,LTD.",서영우,0512005405,부산광역시 사하구 장평로 245(),84.354,1640000000
16,LNF0008,1,13122,***,24년 취사장 청소 용역-B구역,용역,LNF,제1보병사단,202404091030,L4D11,주식회사 휴먼플래너,,주진영,01088931558,경기도 파주시 교하로159번길33-0 (목동동) 304호 에이 296,88.106,38241080
16,LNF0007,1,13113,***,24년 취사장 청소 용역-A구역,용역,LNF,제1보병사단,202404091030,M842D,제로솔루션(파주점),,NGUYEN THI CAM,0313625498,"경기도 파주시 소리천로25, 9층 919-A61호 (야당동, 유은타워7차)",88.185,42124540
56,HCL0030,1,13789,***,24-청주교육시설 BTL사업 재해영향성검토 용역,용역,HCL,공군사관학교,202404091030,I04D6,주식회사 유한이앤씨,Uhanenc,성낙훈,0537217510,"경상북도 상주시 상산로215-16, 2층(남성동)",88.022,45117600
4,SCK0041,1,13465,***,24-00사 오수관로 및 맨홀 준설 용역,용역,SCK,해군교육사령부,202404091030,CDB3A,주식회사 대현인더스트리,daehyunindustry,이상현,0555412220,경상남도 창원시 진해구 중초로23번길2-0 (경화동),88.371,8586811
109,MDK0027,1,13444,***,우정아파트 등 3개소 정기안전점검 용역,용역,MDK,국군수송사령부,202404091030,LE9E4,주식회사 한국시설성능원,,유정화,07050381292,경기도 고양시 일산동구 위시티1로6-27 (식사동) 202호,88.022,9267660
53,MDK0026,1,13439,***,오륙도아파트 등 4개소 정기안전점검 용역,용역,MDK,국군수송사령부,202404091030,EE5E5,(주)베이스건설,BASE Construction,박종국,07087856969,부산광역시 기장군 기장읍 차성로204-1 (우원빌라) 301호,88.008,14505000
21,HDP0019,1,13440,***,"살충제, 조류퇴치용 1종(24-073)",물품,HDP,공군제19전투비행단,202404091030,M6A9D,유한회사 정현,,정다운,07086574654,"광주광역시 광산구 임방울대로142-10, 2층 265호(운남동)",88.048,19776350
171,HDP0017,1,13431,***,"타이어 12R22.5 등 12종(24-052, 055)",물품,HDP,공군제19전투비행단,202404091030,M1AD2,승승장구,,유승삼,01095571853,"충청북도 청주시 흥덕구 가로수로1154번길34-10, 2동 503호(강서동, 대림아파트)",88.001,36384327
360,LHD0016,1,13358,***,전반기 전산운영용품 등 구매(X025),물품,LHD,제21보병사단,202404091030,K8E71,한밝유통,,박인수,01055412480,강원특별자치도 태백시 시장남2길17 (황지동),88,67243373
93,LNT0009,1,13345,***,'24년 시특법 대상 시설물 정기안전점검 용역,용역,LNT,제28보병사단,202404091030,H7C20,주식회사 태인유앤디,TAEIN Urban&Development,조돈관,07087873250,경기도 안양시 동안구 엘에스로116번길25-32 (호계동) 707호,88.001,6192000
425,LHD0015,1,13346,***,"24-2차 부대구매(의료기재,장비운영소모품) 구매(X023",물품,LHD,제21보병사단,202404091030,M74D6,와이디팜,,안유정,0552930033,"경상남도 창원시 의창구 서상로12번길29, 2층 202호(서상동, 일심골든타워)",88,11959560
16,LHD0014,1,13341,***,24-2차 부대구매(의약품) 구매(X022),물품,LHD,제21보병사단,202404091030,ID5C0,주식회사 이든팜,,이은경,0313606788,"경기도 성남시 수정구 시민로137-0, 4층(신흥동)",88.102,9618310
2,LHG0009,2,12951,***,"(물-025)'24-1차 부대구매 (의약품, 의료기재, 소모품",물품,LHG,제1862부대,202404091030,C7045,서일약품(주),seoil,이경모,0332625795,강원특별자치도 춘천시 동내면 향군길 44(),92.923,37800000
57,LPN0002,1,13409,***,'24년 소방시설 작동기능점검 용역,용역,LPN,수도군단,202404091030,C5064,(주) 조은이앤씨,JOEUNENC,윤영미,0314865119,"경기도 안산시 단원구 초지로 182, 창대빌딩 3층(초지동)",88.002,23785630
3,MCR0019,2,12153,***,안보과정 국내현장학습 버스임차 용역(2),용역,MCR,국방대학교,202404091030,C7B31,(주)산수관광,sansootour,설경환,0422228881,"대전광역시 중구 대종로509-302 (선화동, 소청1번가)",96.034,11880000
5,SFM0030,1,13268,***,플라스틱 팰릿 제조,물품,SFM,제3170부대,202404091030,K42A9,에이치케이피 주식회사,,배희정,0617236841,전라남도 순천시 해룡면 해룡산단1로82-10,88.153,35354220
9,LHN0019,1,13400,***,"24-신영-01 재해예방기술지도(전기,통신,소방)",용역,LHN,제7보병사단,202404091030,M4FB4,(주) 고려전기통신안전,,전인우,0318760421,경기도 의정부시 범골로128-0 (의정부동) 402호,88.353,23869440
28,LHN0018,1,13393,***,24-신영-01 실내체육관 재해예방기술지도(건축기계),용역,LHN,제7보병사단,202404091030,L7644,(주)베스트안전,,김영주,0323308859,인천광역시 부평구 길주로505-0 (청천동) 2층,88.081,18349666
1453,DSS0016,1,13386,***,합동조사 현장조사 물품 구매,물품,DSS,국군제1068부대,202404091030,LC762,아이원,,이성진,01054278034,경기도 화성시 봉담읍 쇠틀길107,88.002,12604870
18,LHN0017,1,13239,***,24-신영-01 실내체육관 신축(건설폐기물 처리용역),물품,LHN,제7보병사단,202404091030,BA31D,(합)강원환경,kang won env,원우성,033-435-6625,강원도 홍천군 홍천읍 미루나무길 58(),88.001,18011000
600,SCF0324,1,10539,***,"램프,형광등 등 5종 구매",물품,SCF,해군군수사령부,202404091030,ECF32,세종상사,,노정래,010-9384-8831,경상남도 창원시 진해구 여명로52 (여좌동),91.484,33156000
591,SCF0322,1,08531,***,위성방송수신안테나 5EA 구매,물품,SCF,해군군수사령부,202404091030,K5EF5,해성컴퍼니,,박혜림,01037507289,"대전광역시 동구 계족로358번길21 (성남동), 1층",87.995,22866490
719,SCF0319,1,08152,***,"필터, 유체용 등 19종 구매",물품,SCF,해군군수사령부,202404091030,K90FE,우진,,김무공,010-2744-7933,경상남도 고성군 고성읍 동외로191-0,89.927,90995500
1132,SCF0321,1,08025,***,대잠립 충격흡수형 폼 분리형 튜브 3SET 구매,물품,SCF,해군군수사령부,202404091030,I3BDC,이도랜드,idoland,강현모,01052146459,서울특별시 양천구 가로공원로131 지하 (신월동),87.998,102782000
16,SCF0198,2,07484,***,"표시판, 레이더세트 제원용(DY-NDS) 유지보수 용역",용역,SCF,해군군수사령부,202404091030,C4BAB,한양무선통신,HanYang radio communication,최영복,0552551400,경상남도 창원시 의창구 팔용로 399(),86.099,266682000
920,SCF0325,1,07442,***,"스프링,나선형,인장형 등 27종 구매",물품,SCF,해군군수사령부,202404091030,IB2D0,나니랜드,Nani Land,민채원,01073700730,경기도 성남시 수정구 시민로241번길28-7 (태평동),87.996,189067710
639,SCF0320,1,07330,***,"동기장치, 전기식 등 2종 구매",물품,SCF,해군군수사령부,202404091030,E8E46,동진상사,dong jin sang sa,윤영현,07070792933,"경기도 평택시 평택5로34번길48, 402호(합정동)",96.517,26916000
5,LMH0026,1,13150,***,00부대 항공전술훈련 시뮬레이터 외주정비용역(C029),용역,LMH,제7군단,202404091030,B8DAD,주식회사 네비웍스,Naviworks,원준희,0316872000,"경기도 안양시 동안구 부림로170번길41-18(관양동, (주)네비웍스사옥)",98.21,359700000
60,LKF0013,1,13130,***,00여단 간부숙소 신축 가구 제조설치 납품,물품,LKF,제6755부대,202404091030,M7388,주식회사 제이시스템가구,,장도선,01087798266,인천광역시 서구 대곡로263(대곡동),88.342,365443400
4733,LDG0029,1,12769,***,24년 소화기 보관함 구매,물품,LDG,육군 탄약지원사령부,202404091030,IFDE5,환희 컴,,김양희,07089666312,"서울특별시 서대문구 홍은중앙로1길65-0 (홍은동, 홍은동 동원 베네스트) 101동 502호",87.996,50702850
14,LDG0028,1,12768,***,에나멜 국방색 페인트 등 7개 품목 제조,물품,LDG,육군 탄약지원사령부,202404091030,D0D7C,에스에이치씨피주식회사,SHCP,한향순,0417522186,충청남도 금산군 추부면 한사래길 6(),88.185,44420000
185,HDM0027,1,12802,***,24년 활주로지역 제초용역,용역,HDM,공군제17전투비행단,202404091030,KE47A,고려조경 주식회사,,양용순,01022498342,"충청북도 청주시 청원구 충청대로272번길11, 2층 (주성동)",88.002,186000500
188,HDM0026,1,12791,***,24년 탄약저장시설 제초용역,용역,HDM,공군제17전투비행단,202404091030,E4094,새청 주식회사,,김현석,0438736101,충청북도 음성군 음성읍 음성로134-14,87.998,106569210
1282,HDK0013,1,13153,***,24년 활주로 제초용역,용역,HDK,공군제11전투비행단,202404091030,AA067,주식회사 기주건설,KIJU. Construction,손상균,0547516501,"경상북도 경주시 초당길5번길7-1 (동천동), 2층",87.997,209869490
1018,HDK0012,1,12625,***,24년 일반지역 제초용역,용역,HDK,공군제11전투비행단,202404091030,I668A,(주)이든조경,YANG JI LANDSCAPE ARCHITECTURE,홍세미,0536432322,대구광역시 달서구 상화로300-0 (도원동),87.995,308057730
799,HCL0027,1,13077,***,24-공군사관학교 통합 제초용역,용역,HCL,공군사관학교,202404091030,E251F,주식회사우리종합관리,woori,우원명,0415744281,"충청남도 천안시 동남구 청수9로55, 7층 1,2호 (청당동)",85.546,288262500
3,HCF0080,1,12663,***,'24~'25년 기상정보지원기 유지보수,용역,HCF,공군군수사령부,202404091030,C68B3,유한회사 동방이노베이션,dongbang,김준식,0635374865,전북특별자치도 정읍시 북면 북면공단2길87-0,87.79,87405208
14,HCF0077,1,12500,***,방진화 제조,물품,HCF,공군군수사령부,202404091030,L096E,주식회사 칼로스,,김혜진,0325478693,"인천광역시 계양구 효서로45, 지하1층(효성동, 효성빌딩)",88.165,29293135
229,HCF0078,1,09845,***,(의무장비) 수술등 입식등 2종,물품,HCF,공군군수사령부,202404091030,FD1AF,주식회사 메디시온,MEDICION,김경호,03180761190,경기도 고양시 덕양구 삼막1길3(오금동),88.003,40135410
874,HCF0076,1,09844,***,(의무장비) 이비인후과 유니트,물품,HCF,공군군수사령부,202404091030,K831B,비트,,이하경,01086755433,"경상북도 구미시 구미중앙로42길5-66, 6층 609-47호(송정동)",87.999,35820721
207,HCF0075,1,09840,***,(의무장비) 청력계 자동식,물품,HCF,공군군수사령부,202404091030,DDDC8,킴스헬스케어,kimshealthcare,박향미,07077879011,"경기도 군포시 번영로497-0 (산본동, 금화프라자) 502호",97.748,35343410
165,MDG0109,1,07769,***,24년 의무장비(바이오필름 형광검사기) 구매,물품,MDG,국군의무사령부,202404081100,I7866,경상유통,gyung-sang dis,장수민,01027727100,"인천광역시 연수구 원인재로59, 30동 309호(동춘동, 연수한양2차아파트)",87.997,9427922
12,HCC0024,1,10937,***,"샤프트 등 48품목(047,049,050)",물품,HCC,해군제1수리창,202404081100,K9120,듀이,,이명교,01058295000,강원특별자치도 동해시 동굴4길6 (천곡동) 201호,94.565,13880000
1008,UMM0355,1,09737,***,24-F-김해기지 일반(공통)구역 제초 용역,용역,UMM,국군재정관리단,202404081100,GD94E,주식회사 이지데코,"EZ Deco Co.,ltd.",김미선,0319449762,"경기도 고양시 일산서구 산현로17번길9(탄현동), 305호 (부건3차)",88.029,97563500
2893,UMM0342,1,07872,***,24-M-스키장구 (플레이트 등 8품목) 구매,물품,UMM,국군재정관리단,202404081100,J2D6A,월드모아,,최종순,01038062337,"경상북도 포항시 북구 천마로90번길11, 206동 1702호(양덕동)",87.996,202298740
77,UMM0344,1,07613,***,24-N-잠수함 승조원 티셔츠 제조,물품,UMM,국군재정관리단,202404081100,M68C7,(주)이은의류,,권영재,01036361604,광주광역시 남구 대남대로181번길5-5 (봉선동),88.025,117359300
689,MDG0102,1,09759,***,24년 의무장비(수술등 입식) 구매,물품,MDG,국군의무사령부,202404081100,H6DA1,와이제이테크,YJtech,김영진,01042495364,경기도 여주시 강천면 마감로170-0,87.995,13343950
31,MDG0106,1,09753,***,24년 의무장비(흡인기 야전용 배터리식) 구매,물품,MDG,국군의무사령부,202404081100,E186F,주식회사 한스피엠아이,HANS P.M.I Corp.,한경아,0313463092,경기도 군포시 고산로151번길28-0 (당정동) 403호,88.589,2028650
204,MDG0105,1,09752,***,24년 의무장비(두부진찰등 이동식) 구매,물품,MDG,국군의무사령부,202404081100,H9270,주식회사백운,BAKWOON,김민지,07073336899,경기도 의정부시 경의로70-0 (의정부동) 5층 A628호,88.066,17094000
133,MDG0104,1,09751,***,24년 의무장비(청력검사실) 구매,물품,MDG,국군의무사령부,202404081100,M136D,엔알디베스트,,김동환,01046440781,"인천광역시 남동구 성말로13번길87, 402호(구월동, 로뎀하우스)",87.998,6154100
352,MDG0103,1,09750,***,24년 의무장비(경피신경자극치료기) 구매,물품,MDG,국군의무사령부,202404081100,I733A,제이딜(J.Deal),J.Deal,김소연,01025232329,"경기도 고양시 일산동구 정발산로15, 415호 (장항동,드림월드빌딩)",87.997,9854990
189,MDG0101,1,09748,***,24년 의무장비(견관절 지속운동기) 구매,물품,MDG,국군의무사령부,202404081100,H71D4,디앤에스,DNS,강다겸,01048001352,"전라남도 광양시 광장로112-11, 102동 308호(중동, 태영아파트)",88.043,21412265
151,MDG0100,1,09747,***,24년 의무장비(테이블 비뇨기과용) 구매,물품,MDG,국군의무사령부,202404081100,G7C4B,라이언테크,LION tech,차선아,01085871899,대구광역시 남구 성당로60길97-2 (대명동) 강남빌라 4-401,88.017,8426838
4,LQG0033,1,12589,***,00부대 운동기구(런닝머신) 임차 용역,용역,LQG,육군 52보병사단,202404081030,HB488,주식회사 스포플렉스,spoflex,남병태,0318725666,경기도 양주시 광적면 그루고개로143번길244-10,88.682,50555000
4,SCP0039,2,11884,***,24-동 지정폐기물 처리 용역,용역,SCP,제8385부대,202404081030,H8630,주식회사 남동에너지,Namdong,정성수,0335754585,강원특별자치도 삼척시 우지1길23(우지동),88.421,19595950
17,LHD0013,1,13156,***,00부대 방열기 구매(Z019),물품,LHD,제21보병사단,202404081030,HA88F,한영엔터프라이즈,hanyoung enterprise,원미숙,070-4141-4140,강원특별자치도 홍천군 화촌면 성산로169번길4,88.026,9545750
11,HFD0004,1,13110,***,24-013 그리스 제거기,물품,HFD,공군제38전투비행전대,202404081030,HFBE7,덕남,ducknam,유형옥,0632285035,전북특별자치도 전주시 완산구 솟대1길21-0 (삼천동1가),88.491,16675530
6,SCR0042,2,11767,***,24-000전대 항공교육 버스 임차 용역,용역,SCR,해군제3함대사령부,202404081030,JA297,(주)뉴부산관광,,이영현,01067725600,전라남도 여수시 소라면 여순로198-0,95.603,4877000
5505,SDF0049,1,13212,***,유선 마우스 등 106종 구매,물품,SDF,제5738부대,202404081030,H0D87,주식회사 태승정보통신,Taeseung,박유진,0448640232,"세종특별자치시  연기면 문암신촌길3-60 , 201호",88,17322651
15,SDF0048,1,13209,***,24-항-31 실내공기질 측정용역,용역,SDF,제5738부대,202404081030,I5A19,사단법인 에스이엘안전기술원,KPSI,안영철,07042441864,"경기도 화성시 동탄첨단산업1로63-12 (영천동), 동탄비즈타워 1007호",88.075,6816400
19,SDF0047,1,13013,***,종이컵 등 124종 구매,물품,SDF,제5738부대,202404081030,M8139,영림종합문구상사,,이성민,054-292-0090,경상북도 포항시 남구 오천읍 냉천로210,88.101,1018480
21,SDF0046,1,13202,***,24-항-30 62 소방시설 점검용역,용역,SDF,제5738부대,202404081030,IB48D,주식회사 대한소방기술단,DAEHANFTCO,서호승,0553563119,경상남도 밀양시 삼문중앙로3길27-0 (삼문동),88.118,3494500
33,SDF0045,1,13198,***,24-항-29 62 물탱크 청소용역,용역,SDF,제5738부대,202404081030,F90F1,강남테크,kang nam teck,김영준,0553632246,"경상남도 양산시 강변로440, 702,703호(중부동)",88.027,1404550
47,SDF0044,1,13195,***,24-항-28 물탱크 청소용역,용역,SDF,제5738부대,202404081030,ID3EE,(주)한결,,권정무,0542555310,경상북도 포항시 북구 법원로116번길16 (장성동) 해피빌 101호 (주)한결,88.121,15142700
19,SDF0043,1,13193,***,24-항-26 군 작업환경측정용역,용역,SDF,제5738부대,202404081030,J6E64,주식회사 숲길직업환경연구소,,김기수,055-724-0980,경상남도 김해시 전하로69-0 (흥동),88.166,12863600
494,LCZ0005,2,13127,***,24년 동원훈련장 방제 용역,용역,LCZ,동원전력사령부,202404081030,GF43F,우리산업시설관리 주식회사,Woori Industry Facilities management corporation,김시영,0418535952,"충청남도 공주시 관골2길20, 1층 (신관동)",88.001,13552980
494,LCZ0005,1,13127,***,24년 동원훈련장 방제 용역,용역,LCZ,동원전력사령부,202404081030,GF43F,우리산업시설관리 주식회사,Woori Industry Facilities management corporation,김시영,0418535952,"충청남도 공주시 관골2길20, 1층 (신관동)",88.001,13552980
2,LNS0033,1,13097,***,24년 작계훈련 무기ㆍ물자수송 임차 용역(3권역),용역,LNS,제55보병사단,202404081030,I00E3,주식회사 동성물류,DongSungGLS,이병국,03180540026,경기도 평택시 포승읍 평택항만길73 평택항마린센터 1102호,88.17,28142000
2,LNS0032,1,13094,***,24년 작계훈련 무기ㆍ물자수송 임차 용역(2권역),용역,LNS,제55보병사단,202404081030,I00E3,주식회사 동성물류,DongSungGLS,이병국,03180540026,경기도 평택시 포승읍 평택항만길73 평택항마린센터 1102호,88.645,11423000
2,LNS0031,1,13075,***,24년 작계훈련 무기ㆍ물자수송 임차 용역(1권역),용역,LNS,제55보병사단,202404081030,I00E3,주식회사 동성물류,DongSungGLS,이병국,03180540026,경기도 평택시 포승읍 평택항만길73 평택항마린센터 1102호,88.394,41888000
13,SCN0065,1,12917,***,심폐소생술 연습대 2EA 구매,물품,SCN,제7001부대,202404081030,D9640,주식회사베스트씨피알,"Best CPR, Inc",김기창,0313857272,"경기도 김포시 태장로741, 2층 273호~277호(장기동, 경동미르웰시티)",89.369,4940000
21,SEE0015,1,13033,***,이처럼 사소한 것들 등 27품목 구매(도서),물품,SEE,제9해병여단,202404081030,F93E2,삼양서점,SamyangBookstore,강창민,0647598959,제주특별자치도 제주시 번영로471-0 (봉개동),90.029,3000050
12,SCI0039,1,12907,***,복사용지 등 4종 구매,물품,SCI,제9121부대,202404081030,GA94F,성화종합상사,sunghwa,이애숙,0518054447,"경상남도 창원시 성산구 신촌로95-0 (신촌동, 동성임대아파트) 102-507",88.036,983000
8,SCK0040,1,13039,***,의약품(비보티프 캡슐) 구매,물품,SCK,해군교육사령부,202404081030,K0FFA,베스트팜,,이금상,042-584-5010,"충청남도 논산시 중앙로398번길4-8 (취암동), 1층",91.917,12000000
1617,SFG0045,1,12581,***,안전헬멧 등 41품목 구매,물품,SFG,제9181부대,202404081030,H5C3C,유진시스템,YUJIN TRADING COMPANY,김인호,01089506267,"경기도 화성시 융건로182, 1층(배양동)",87.995,21775930
91,HCQ0017,1,13041,***,[24-091] 조류기피제 1종,물품,HCQ,공군제5공중기동비행단,202404081000,L4755,일송정,,신길수,01040039552,"강원특별자치도 태백시 서학로975, A동 2층 5호(황지동)",88.01,26444541
2,MHD0034,1,11157,***,방위사업 원가계산 외부용역 3차,용역,MHD,방위사업청(운영지원과),202404051500,A85E2,(재)동양경제연구원,DongYang Economy Research Institute,최홍석,0512942277,"부산광역시 강서구 유통단지1로41, 본관동 301호 (대저2동, 부산티플렉스)",,1050000000
2,LDH0254,1,06034,***,감속기 성능시험장비 외주정비 용역,용역,LDH,육군종합정비창,202404051300,4972F,주식회사 제넥,"GENEQ CO. LTD.,",서정기,0556008900,경상남도 창원시 성산구 공단로166번길27-7 (신촌동),93.398,351642500
99,LKP0080,1,10148,***,24년 비데 임차 용역,용역,LKP,5군수지원사령부,202404051100,D2EDA,(주)한성바이오테크,hansungbiotech,김재경,025877972,"서울특별시 강남구 개포로25길18 (개포동, 1층)",93.255,24346370
26,EBBE009,1,4841,***,"추출기,탄약용",물품,EBB,지상공통전력운영계약팀,202404051100,JBCA9,시앤에스테크,,최재식,0513130420,부산광역시 사상구 학감대로252번길68-0 (주례동),88.003,51054150
36,LGM0016,1,12820,***,(24-물품-17) 24-2차 의무물자 부대구매,물품,LGM,제11기동사단,202404051100,FA5A1,선진약품,sunjinpharm,최원수,0538148663,경상북도 경산시 원효로42길54-0 (사동),88.188,18465010
23,LGM0015,1,11326,***,(24-용역-03) '24년 렌탈프린터 임차 용역,용역,LGM,제11기동사단,202404051100,M2630,오리온,,이민택,0318822508,"경기도 여주시 교동로115, 107동 303호(교동, 여주역우남퍼스트빌)",88.052,66840703
48,LHM0019,2,07650,***,24년 재난 및 안전관리(산불진압장비) 구매,물품,LHM,제15보병사단,202404051100,C1ACD,진영기업,,김태헌,0334529853,강원특별자치도 철원군 갈말읍 삼부연로8번길 17-14(),88.092,29319500
404,UMM0340,1,11967,***,(246009-G) 24년 OO사 대형전시체계 교체(리스물건),물품,UMM,국군재정관리단,202404051100,BA595,주식회사 컴버스테크,"COMBUSTECH Co., Ltd.",김상주,0262995151,"서울특별시 금천구 벚꽃로 234, 에이스하이엔드타워6차 401~404호(가산동)",82.996,366868590
1050,UMM0335,1,11660,***,24-N-통로개척용 물자세트 등 4종 구매(248045-F),물품,UMM,국군재정관리단,202404051100,K831B,비트,,이하경,01086755433,"경상북도 구미시 구미중앙로42길5-66, 6층 609-47호(송정동)",87.995,169043477
843,UMM0333,1,10436,***,"24-D-남수원, 처인체력단련장 코스관리 용역",용역,UMM,국군재정관리단,202404051100,C4301,주식회사 가산조경건설,"Gasan Construction Co., Ltd",최상호,0519870409,"부산광역시 강서구 과학산단2로10번길8 , 5층 1호(지사동)",88.013,404407600
457,UMM0343,1,10113,***,(246010-G) 24년 OO단 전시체계 교체사업(리스물건),물품,UMM,국군재정관리단,202404051100,A787C,주식회사 인텔리빅스,"IntelliVIX Co.,Ltd.",최은수,025813883,서울특별시 서초구 효령로34길4-0 (방배동) 프린스효령빌딩 6층 601호,88.001,167834540
157,UMM0351,1,10013,***,(247113-E) 수술재료(3) 2종 구매,물품,UMM,국군재정관리단,202404051100,K818B,주식회사 위플메드,,조보현,07051542514,대전광역시 중구 대종로550번길5-0 (선화동) 유원오피스텔 1102호,98.08,182115000
5421,UMM0349,1,09621,***,(247143-E) 전산운영용품 구매,물품,UMM,국군재정관리단,202404051100,M7AFF,골드허브,,정지명,0319943030,"경기도 고양시 일산서구 킨텍스로240, 제판매시설동 제1층 137호(대화동, 킨텍스 꿈에그린)",87.995,124396337
115,UMM0362,1,09291,***,(246144-F) 간부수첩 표지 제조,물품,UMM,국군재정관리단,202404051100,E9159,영암신문(주),ya,문배근,0614720054,전라남도 영암군 영암읍 동문로41-5,88.97,252662370
26,UMM0327,1,08692,***,"24-N-폐유펌프(HG40) (펌프 유닛, 원심식) 2EA 제조",물품,UMM,국군재정관리단,202404051100,GF78A,대성엔텍(주),daesung entech,강주경,0512941366,부산광역시 사하구 낙동대로500 (하단동) 시티파크오피스텔 1410호,88.084,47756936
34,UMM0330,1,08688,***,24-N-보조연료유 이송펌프(NLG-3) 4EA 제조,물품,UMM,국군재정관리단,202404051100,GF78A,대성엔텍(주),daesung entech,강주경,0512941366,부산광역시 사하구 낙동대로500 (하단동) 시티파크오피스텔 1410호,88.04,160940258
366,UMM0341,1,06768,***,(246007-G) 24년 O군단 화면전시체계 교체(리스물건),물품,UMM,국군재정관리단,202404051100,A2C4F,(주)나우시스템,"NOWSYSTEM Co.,Ltd",신은영,0623667541,광주광역시 광산구 비아로24번길56-4 (비아동),83.007,313102790
5,UMM0313,1,05520,***,24-N-고압공기 압축기 2EA 제조,물품,UMM,국군재정관리단,202404051100,3988F,범한산업 주식회사,"Bumhan Industries Co., Ltd.",서정태,0552240500,"경상남도 창원시 마산회원구 자유무역4길62-0 (봉암동, 범한산업)",84.627,546800000
35,UMM0346,1,04656,***,(246073-C) 방탄복 피 등 3종 제조/구매,물품,UMM,국군재정관리단,202404051100,J137F,(주) 한영디자인,,현상균,024963528,"서울특별시 광진구 동일로449-0 (중곡동), 3층",88.048,84808449
1388,UMM0352,1,03162,***,(24F049-A) 00대학교 조경관리 용역,용역,UMM,국군재정관리단,202404051100,A2027,(주)진흥녹화센터,JH Green Center CO.Ltd,최윤호,0544519446,경상북도 안동시 일직면 안평일직길433-60,87.998,150248380
4,UMM0162,1,02576,***,24-D-의류대 수송용역,용역,UMM,국군재정관리단,202404051100,2374F,주식회사 한진,"Hanjin Transportation Co., Ltd.",노삼석,027285114,서울특별시 중구 남대문로63-0 (남대문로2가)),97.903,497622400
155,MDG0107,2,07340,***,24년 의무장비(경피전기침전자극기) 구매,물품,MDG,국군의무사령부,202404051100,I6F66,주식회사조은기업,"JOEUN CO., LTD.",석귀수,010-9939-0113,"경상남도 창원시 성산구 원이대로774-0 (상남동, 성원아파트)",88.009,16302500
3,MCF0012,1,11132,***,'24년 국립서울현충원 홍보물 2종 제작 용역,용역,MCF,국립서울현충원,202404051100,I87E1,노다지스튜디오,NODAZI DESIGN,노신실,07088071668,서울특별시 강남구 선릉로578-0 (삼성동) 7층 15호,,46130700
1093,HDM0023,1,12180,***,24년 일반구역 제초용역,용역,HDM,공군제17전투비행단,202404051030,IBF74,주식회사 황금조경,,김희진,0613536001,"전라남도 영광군 영광읍 장궁길211, 2층",87.995,217703361
112,LFR0007,1,12906,***,화재 진압장비 및 개인 보호물자 구매,물품,LFR,육군기계화학교,202404051030,GB539,그린컴퍼니,Green Company,김경미,0622290524,광주광역시 동구 필문대로192번길28-2 (산수동),88.012,72151800
4,SCI0038,1,12895,***,24-000사 음향분석체계(SAAS) 유지보수 용역,용역,SCI,제9121부대,202404051030,IF172,주식회사 코테스,,고기종,0432357292,충청북도 청주시 흥덕구 비하로59-2 (비하동),88.224,16825000
406,LKH0008,1,12871,***,'24년 2분기 전산운영용품 구매,물품,LKH,제6128부대,202404051030,L41E8,유나네,,송동석,01085596896,경상남도 사천시 정동면 반룡1로52-0 (사천 KCC 스위첸),88.005,30195773
14,LGD0004,2,11179,***,24년 영외숙소 기계설비성능점검 용역,용역,LGD,육군종합행정학교,202404051030,C10FA,주식회사 동광,"Dae Yeol Co.,Ltd.",김완수,0432164700,충청북도 청주시 청원구 팔결로 23(주중동),88.183,27634940
5399,MHD0040,1,12666,***,'24년 1분기 전산(프린터) 소모품 구매,물품,MHD,방위사업청(운영지원과),202404051030,L16DB,이채이이,,이동권,07076927240,"광주광역시 서구 동천로18번길19-0 (동천동, 동천마을3단지휴먼시아)310-104",87.995,188101650
47,LKM0021,1,12100,***,(예비전력예산) 과학화훈련장 교전장비 유지보수,용역,LKM,제2632부대,202404051030,DF9F3,주식회사 세븐전자코리아,SEVEN ELECTRONICS KOREA,김규근,0327776958,"인천광역시 중구 참외전로110-6, 1층 (인현동)",87.803,81740390
3,EBB0031,1,8280,***,실린더조립체(궤도용),물품,EBB,지상공통전력운영계약팀,202404041400,3715F,디씨에이치(주),"Daichang Marine Tech CO., LTD",김효성,0518326078,부산광역시 사상구 모덕로27번길 126(),83.75,426577500
202,LDH0376,1,10414,***,(정수) 액상황산알루미늄 등 8품목 구매,물품,LDH,육군종합정비창,202404041330,5219F,삼일이화학상사,samillee,최종열,0552324011,경상남도 창원시 마산회원구 내서읍 중리공단로 183(),87.999,33582276
5,LDH0380,1,10720,***,24년 정비피복(하계셔츠) 제조,물품,LDH,육군종합정비창,202404041330,L9772,타미나,,홍나은,01082794224,경상남도 창원시 성산구 용지로117번길33 (중앙동) B1층,88.614,25720155
3,LDH0379,1,10460,***,(정수) 중아황산소다 구매,물품,LDH,육군종합정비창,202404041330,FE04D,주식회사 에이에스씨,"ASC Co.,Ltd",임승수,0316770131,"경기도 안성시 공단1로99 (신건지동, 안성제1산업단지)",90.43,1098900
46,LDH0378,1,10456,***,(정수) 액상가성소다 등 2품목 구매,물품,LDH,육군종합정비창,202404041330,FAEB7,휴먼텍,humantech,배순엽,0613935342,전라남도 장성군 황룡면 강변로431-19,88.038,23254300
165,LPK0006,1,12512,***,24년 폭염대비 장비 및 물자 구매,물품,LPK,제8기동사단,202404041130,M816B,고스테이션,,한희영,01053434194,"경기도 양주시 옥정로10라길20-20, 401호(옥정동)",88.004,24668700
2,EBB0028,1,0750A,***,유수분리기,물품,EBB,지상공통전력운영계약팀,202404041100,2267F,거림엔지니어링(주),"GEORIM ENGINEERING CO.,LTD.",정재주,0512417556,부산광역시 강서구 녹산산단261로16-0 (송정동),86.207,64900000
53,MCS0046,1,12615,***,청소용품(수지왁스 등 34종) 구매,물품,MCS,국방부계룡대근무지원단,202404041100,LFAFB,엠제이인터내셔널,,이명수,01056872051,충청남도 계룡시 엄사면 엄사중앙로66 (계룡엄사 성원아파트) 11동 1207호,88.027,30564375
140,MCS0048,1,12652,***,(군수-장비-07) 차량용 리프트(4주식) 구매 설치,물품,MCS,국방부계룡대근무지원단,202404041100,DB422,주식회사 서산그린,,박미숙,0416681818,"충청남도 서산시 안견로312, 3층 301호(읍내동, 서원빌딩)",88.001,17938470
863,MCS0047,1,12626,***,(지구병원-010) 장비운영소모품 7차 29종 구매,물품,MCS,국방부계룡대근무지원단,202404041100,G9D24,삼영상사,SAMYOUNGSANGSA,오명환,010-8215-8339,경기도 용인시 수지구 정평로89-0 (206-1505) (풍덕천동 현대프라임),88,10999340
2,UMM0348,1,11381,***,(24F059-I) 24~25년 보급부대 근무분야 민간위탁,용역,UMM,국군재정관리단,202404041100,F52B9,공우이엔씨 주식회사,KONGWOO ENC Corporation,이한기,0262760252,"서울특별시 영등포구 여의대방로43라길6-0 (신길동, 신길프라자3층)",97.11,1946000000
1281,UMM0326,1,09339,***,24-F-활주로 제초용역,용역,UMM,국군재정관리단,202404041100,F039D,주식회사 다현조경건설,"DaHyun Construction Co.,Ltd.",김다현,0319700791,"경기도 고양시 덕양구 무원로6,305-1호 (행신동, 무원빌딩)",87.995,162341000
54,MCN0013,1,12565,***,국방부 기계설비 성능점검 용역,용역,MCN,국방부근무지원단,202404041100,B2EB5,주식회사 대윤기술공영,daeyun,정광일,023221558,서울특별시 중랑구 동일로138길9-0 (중화동) 3층,87.749,120343600
2,MCD0012,2,08927,***,2024년 국방정책토론회,용역,MCD,국방부(운영지원과),202404041100,GF8AD,사단법인 한국국가전략연구원,KRINS,한민구,027989555,"서울특별시 용산구 한강대로62길41, 3층 (한강로1가)",,29000000
213,LFC0026,1,12555,***,24년 부대조달 생수 구매,물품,LFC,육군훈련소,202404041100,J1935,파머스 미트,,조성겸,01075973832,"부산광역시 강서구 맥도강변길912-43, 별관 1층(대저2동)",83.027,419728900
2,LCG0022,1,08228,***,[24-육-51] 육군 역사자료 한글화 용역,용역,LCG,육군본부,202404041100,F3522,국방대학교산학협력단,KNDU R and DB Foundation,문호석,0418316361,충청남도 논산시 양촌면 황산벌로1040,87.285,29300000
380,LCF0037,1,12340,***,초음파세척기 등 13항목 구매(의무),물품,LCF,육군군수사령부,202404041100,L9D1B,주식회사 에스엠플래닛,,조현선,05056887272,"경기도 성남시 수정구 창업로43-0 (시흥동)1층, 글로벌비즈니스센터",96.601,44800000
176,LCF0039,1,05881,***,광경화 시스템 등 11항목 구매(의무),물품,LCF,육군군수사령부,202404041100,I57B7,모아상사,moa,최중강,07087982774,인천광역시 미추홀구 인하로129(용현동),87.997,30102201
354,LCF0043,1,05721,***,"캐비닛, 치과용 1항목 구매(의무)",물품,LCF,육군군수사령부,202404041100,L7366,에스엘,,한지선,01025445672,"경기도 하남시 덕산로39-0 (덕풍동, 한솔리치빌아파트1단지) 108-1803",88.006,30524333
487,LCF0040,1,04871,***,전원 공급기 등 2항목 구매(항공),물품,LCF,육군군수사령부,202404041100,E6A75,시온테크,ziontechnology,박혜성,0415221408,충청남도 천안시 서북구 백석공단1로10-0 (백석동),99.514,15100000
1566,LCF0038,1,04687,***,특수보온덮개(응급담요) 1품목 구매(의무),물품,LCF,육군군수사령부,202404041100,LEFFE,거베라,,윤아영,01025748198,경기도 시흥시 호현로9번길6-0 (신천동) 1212호,87.995,41022000
2,HDG0006,1,12675,***,<24-41>전시용 항공기 분해이전 및 정글무늬 도색용역,용역,HDG,공군제10전투비행단,202404041100,B4B8D,한길씨앤씨 주식회사,"hangilcnc co.,ltd",신용인,0231432486,"서울특별시 금천구 서부샛길632-0 (가산동, 대륭테크노타운5)",87.807,101386000
2,EBB0030,1,7510,***,"암,조립체",물품,EBB,지상공통전력운영계약팀,202404041100,3715F,디씨에이치(주),"Daichang Marine Tech CO., LTD",김효성,0518326078,부산광역시 사상구 모덕로27번길 126(),84.86,906450500
36,HCF0073,1,11002,***,정복 토시형 견장 제조,물품,HCF,공군군수사령부,202404041030,KB26D,주식회사 코아,,이양임,01044106152,서울특별시 동대문구 사가정로238-4 (장안동),88.404,39770000
56,SDQ0038,1,12613,***,회로카드 조립체 등 2종 구매,물품,SDQ,해군제2수리창,202404041030,L4BDB,창진종합상사,,서진수,010-6417-8010,"경기도 평택시 중앙2로13, 4층층 401-C10호(평택동, 센텀스카이빌딩)",88.015,15668900
103,SEE0013,1,12584,***,축전지 구매 설치,물품,SEE,제9해병여단,202404041030,CABBF,하나C&C,HANA C&C,현정숙,0647230127,제주특별자치도 제주시 이도이동1078-11,88.013,17350680
142,SCF0315,1,12498,***,검정포제 등 13종 구매,물품,SCF,해군군수사령부,202404041030,HF48E,예광,yeagwang,이예진,0552537889,"경상남도 창원시 마산회원구 팔용로89, 104동 11층 1103호(합성동, 창원두산위브더센트럴 1단지)",88,12701974
57,SDQ0039,1,12631,***,"도가니, 용광로용 등 9종 구매",물품,SDQ,해군제2수리창,202404041030,K8469,다온상사,,최은정,01057849957,경기도 평택시 안중읍 안현로서6길10 4층 405-비12호,88.024,37452030
63,SCN0064,1,12527,***,광HDMI 케이블 등 108종 구매,물품,SCN,제7001부대,202404041030,H4339,주식회사보승글로벌,bosungglobal,위나영,07087065666,"경상남도 창원시 진해구 웅동로162-0, 105동 501호(두동, 청안해오름아파트)",88.035,14049500
30,LHD0010,1,11978,***,전후반기 물탱크 청소용역(X018),용역,LHD,제21보병사단,202404041030,G72CE,(주)제이엠엔지니어링,jm engineering,곽준수,0336559290,"강원특별자치도 강릉시 관솔길22-9, 103호 (회산동)",88.009,39095000
16,LHD0009,1,11974,***,24년 소방안전점검 용역(X019),용역,LHD,제21보병사단,202404041030,CF404,조은엔지니어링 주식회사,joeuneng,주현철,0337356119,강원특별자치도 원주시 가치래미길39 (가현동) 2층,88.017,39843913
43,LQS0004,1,12034,***,00부대 공기청정기 필터 제조 / 구매,물품,LQS,제3739부대,202404041030,H03A4,(주) 한새,Hansae,김진석,0325658713,인천광역시 서구 보듬5로6-0 (오류동),88.049,33619300
21,SCF0317,1,07164,***,베터리 등 2품목 구매,물품,SCF,해군군수사령부,202404041030,HC427,제일테크,JEILTECH,김문길,0512656997,부산광역시 사하구 다대로613-0 (다대동) 자유마트 220호,88.891,2053150
786,SCF0200,3,04098,***,모래주머니 1종,물품,SCF,해군군수사령부,202404041030,C6E12,용주산업사,YONGJU,전학진,0315335547,"경기도 포천시 영중면 호국로2616번길95, 1동",88.689,7343900
20,SCF0197,3,04096,***,전기로 부동액 구매,물품,SCF,해군군수사령부,202404041030,FE04D,주식회사 에이에스씨,"ASC Co.,Ltd",임승수,0316770131,"경기도 안성시 공단1로99 (신건지동, 안성제1산업단지)",97.123,1950300
162,MDJ0022,1,11420,***,의료기재(기공재료) 연간계약,물품,MDJ,국군대전병원,202404041030,M8BE0,올어버트먼트 주식회사,,백태운,07041022803,"서울특별시 금천구 가산디지털1로204, 303,304,305,306,307호(가산동, 가산역아이비밸리)",88.012,10532470
9,MDF0006,1,11880,***,24년 MW통신소 전원공급장치 제조설치,물품,MDF,국군지휘통신사령부,202404041030,2441F,대한전력전자주식회사,"DAEHAN POWER ELECTRONIC CO., LTD",이종근,0314454900,경기도 안양시 동안구 전파로104번길70(호계동),88.066,46771830
140,LIK0022,1,10780,001,'24년 부대조달 후식(가공품 27품목),물품,LIK,제2군수지원여단,202404041030,1463F,동해식품(주),"Dong Hae Foods Co.,LTD",김진은,0336434393,강원특별자치도 강릉시 모산로169번길30 (담산동),83.006,26812.72
23,LDG0025,1,11830,***,24년 폐목재 위탁처리 용역,용역,LDG,육군 탄약지원사령부,202404041030,HA3D7,주식회사 엘에스에너지,lsenergy,김학민,0316744885,경기도 안성시 삼죽면 상삼로119,84.396,137114856
21,LBA0035,1,12569,***,'24년 전반기 일반폐기물 위탁처리 용역,용역,LBA,제 2167부대,202404041030,J9225,주식회사 조은환경개발,,김애경,0318576160,경기도 양주시 칠봉산로314번길101-0 (봉양동),84.269,187756248
1005,HCM0028,1,12458,***,24-03-084 태양망원경 등 4품목 구매,물품,HCM,공군교육사령부,202404041030,K9231,동화나라,,박동하,01072116764,경상북도 문경시 문경읍 주흘1길41-16  2층,87.995,42671370
6,EBBE005,1,8515A,***,"날개, 트림, 장갑차용",물품,EBB,지상공통전력운영계약팀,202404031400,J80BB,주식회사 신창엠텍,,김홍규,0535826961,대구광역시 달서구 성서공단북로4길8-0 (파호동),88.03,33668150
2,EBB0025,1,3016,***,수입솔류,물품,EBB,지상공통전력운영계약팀,202404031100,BD48F,테크노와이시스템주식회사,"TECHNO Y. SYSTEM CO,. LTD.",백철,0438777200,충청북도 음성군 대소면 대금로 165-8(),83.609,614000000
4,LPT0003,1,12562,***,`24년 쌍룡훈련 병력수송용 버스 임차용역,용역,LPT,제75보병사단,202404031100,BFBF4,(주)한남관광개발,Hannam travel service INC,이자영,027344141,"서울특별시 강서구 마곡중앙2로35, 722호 (마곡동, 이너매스마곡2)",88.511,86284000
57,LKG0024,1,12076,***,'24년 5~6월 부대계약(영내자증식)구매,물품,LKG,육군제53보병사단,202404031100,J84F0,아주상사,,정선희,0313764700,"경기도 화성시 동탄광역환승로63, 106동 301호(오산동)",88.033,40867230
6,LHP0013,1,12142,***,24-1차 전산운영용품 구매,물품,LHP,제22보병사단,202404031100,E06A3,(주)콜사인테크놀러지,CallSignTechnologies,강나영,0336354766,강원특별자치도 고성군 토성면 용암길60-0  1층,88.048,32871352
19,HDQ0030,1,12078,***,24-군 주거시설 정기안전점검 용역,용역,HDQ,제20전투비행단,202404031100,I03B2,주식회사 에스제이이엔씨,,현정숙,07046165532,"충청남도 천안시 동남구 터미널3길37, 224호(신부동, 은본빌딩)",88.107,39371990
106,HCL0023,1,12611,***,24-069 광컨버터 SFC200-SCS 등 48종,물품,HCL,공군사관학교,202404031100,LA18E,희망안전기업,,김영호,043-236-9111,"충청북도 청주시 서원구 신율로13-0 407동 904호 (개신동, 청주 개신 푸르지오)",88.105,27744020
17,UAC0012,1,12232,***,2024년 1차 전산운영용품 구매,물품,UAC,국방출판지원단,202404031100,M0B65,알파계룡대점,,박지선,010-4411-2344,충청남도 계룡시 신도안면 계룡대로663-0,88.086,4100000
32,LGM0014,1,12196,***,(24-용역-14) '24년 제초용역(경기),용역,LGM,제11기동사단,202404031100,K2CB6,주식회사 마당조경,,백전기,0317730202,경기도 양평군 양평읍 경강로1649-14,88.046,66397980
12,LGM0013,1,12185,***,(24-용역-13) ‘24년 제초용역(강원),용역,LGM,제11기동사단,202404031100,I37F4,(주)에이스조경,KAWHA,전응미,0334327072,"강원특별자치도 홍천군 홍천읍 홍천로633, 106호 107호",88.053,91257951
20,EBBE007,1,8515B,***,장갑차 부품(터빈부속),물품,EBB,지상공통전력운영계약팀,202404031100,CD9C9,창진ENG(주),CHANG JIN ENG,김경익,0553649963,경상남도 양산시 상북면 석계산단3길59-0,88.009,22636950
1452,UMM0329,1,11294,***,(237105-B) 의료기재(병리재료 113종) 구매,물품,UMM,국군재정관리단,202404031100,K4E8A,제일통상,,김창훈,01090314420,경기도 용인시 기흥구 죽현로29-0 (보정동) 현대휴먼프라자 104호,87.996,119905251
35,UMM0310,1,11046,***,(24F008-G) 24년 자주포 시뮬레이터 유지보수용역,용역,UMM,국군재정관리단,202404031100,2400F,(주)심네트,"SIMNET Co., Ltd.",차진섭,07078206555,대전광역시 유성구 죽동로157-0 (죽동),85.536,350430000
817,UMM0324,1,09732,***,"24-D-태릉, 동여주체력단련장 코스관리 용역",용역,UMM,국군재정관리단,202404031100,GEFFD,그린프리즘 주식회사,greenprism,홍석진,07046037079,경기도 화성시 남양읍 주석로213-15,88.004,398437000
589,UMM0331,1,09184,***,(247141-C) SDR 수신기 구매,물품,UMM,국군재정관리단,202404031100,KB89D,다담시스 주식회사,,장근수,07041933232,서울특별시 금천구 가산디지털1로1 (가산동) 1208호,98.679,56999000
474,UMM0328,1,08837,***,(247115-B) 연구활동재료 구매,물품,UMM,국군재정관리단,202404031100,FF89A,우영상사,wooyoung,장우영,01098000898,경상북도 상주시 화서면 봉촌1길75-0,98.275,180189400
24,UMM0278,1,07586,***,24-N-윤활유 이송펌프 제조,물품,UMM,국군재정관리단,202404031100,E104F,주식회사지텍,"GTECH.Co., Ltd.",김금옥,07071267255,경기도 김포시 양촌읍 황금3로7번길36 (학운리),83.301,253628280
26,UMM0280,1,07561,***,24-N-연료유 이송펌프 제조,물품,UMM,국군재정관리단,202404031100,E104F,주식회사지텍,"GTECH.Co., Ltd.",김금옥,07071267255,경기도 김포시 양촌읍 황금3로7번길36 (학운리),83.594,251848870
7,UMM0319,1,07117,***,24-N-모범장병 및 군무원 국내시찰 용역,용역,UMM,국군재정관리단,202404031100,BB945,지엔코리아 주식회사,GN korea,천영혜,0422528088,대전광역시 유성구 대학로99 (궁동) 제1학생회관 2층,88.581,99000000
620,UMM0289,1,07096,***,24-F-장례용품 구매,물품,UMM,국군재정관리단,202404031100,ICB3C,성진에스앤에프 주식회사,,이성훈,07049424556,경기도 용인시 처인구 모현읍 백옥대로2101번길63-48,88.206,76472121
273,UMM0332,1,05659,***,(247022-C) 24년 외과장비운영소모품(1) 29품목 구매,물품,UMM,국군재정관리단,202404031100,G7C4B,라이언테크,LION tech,차선아,01085871899,대구광역시 남구 성당로60길97-2 (대명동) 강남빌라 4-401,87.997,200791193
5605,UMM0311,1,05619,***,24-M-산불진화 기계화시스템 구매,물품,UMM,국군재정관리단,202404031100,M2829,앤트,,조은하,01050213874,"대전광역시 서구 구봉산북로165-0 (관저동, 다온숲3단지) 3.6-1103",87.995,87525546
3165,UMM0323,1,05368,***,(24F069-A) 렌탈프린터 임차용역,용역,UMM,국군재정관리단,202404031100,M6E17,브리에briier,,장세연,01047616716,"경기도 용인시 수지구 대지로15번길60, 509동 204호(죽전동, 대지마을현대홈타운3차2단지)",87.745,66116816
2537,UMM0290,1,04669,***,"24- F-압축기유니트, 왕복식 구매",물품,UMM,국군재정관리단,202404031100,I4C53,다은컴퍼니,Daeun Company,정은주,07089596457,"경기도 남양주시 오남읍 진건오남로615번길17, 302동 201호(삼왕하이츠)",87.996,55446801
11,UMM0291,1,04456,***,24-F-피해복구 자재보관 트레일러 제조,물품,UMM,국군재정관리단,202404031100,JC5F9,주식회사 인천특장차,,이산호,0325678301,인천광역시 서구 사월로31-14 (왕길동),89.733,207500000
207,UMM0308,1,04439,***,24-M-IP교환기 교체사업(리스물건),물품,UMM,국군재정관리단,202404031100,H138B,주식회사 하이패스텔,hipasstel,이기관,0319761010,경기도 고양시 일산서구 대산로213-0 (대화동) 302호,83.026,652336534
84,UMM0115,2,03706,***,(246053-D)체력단련장 코스관리용 비료 구매,물품,UMM,국군재정관리단,202404031100,B7EC4,주식회사 청후,chonghoo,김은아,0635330572,전북특별자치도 정읍시 태인면 태인공단2길69-0,84.308,627015000
402,UAC0010,1,10499,***,자담 인쇄용지(뉴플러스(미색) 100gA) 구매,물품,UAC,국방출판지원단,202404031100,IE57E,엘디앤에스(LD&S),,신은영,01037391004,경기도 남양주시 다산중앙로146번길7-0 (다산동)2204-2001,88.014,42266520
11,LNS0030,1,12299,***,24년 과학화훈련대 교전장비 유지ㆍ보수 용역,용역,LNS,제55보병사단,202404031100,J0300,주식회사 한국방재기술단,,정민규,025043824,"경기도 과천시 별양상가로7, 502호(별양동)",87.758,211684662
14,LMU0020,1,12187,001,(24-급-011) `24년 부대조달 후식(핫바),물품,LMU,제7군수지원단,202404031100,G2265,주식회사 야미푸드,yamifood,손희영,0317048980,경기도 이천시 덕평로691번길46-0 (마장면),83.185,571.67
177,LCF0034,1,04805,***,방열소방장화 등 8항목 구매(피복),물품,LCF,육군군수사령부,202404031100,FD1AF,주식회사 메디시온,MEDICION,김경호,03180761190,경기도 고양시 덕양구 삼막1길3(오금동),87.998,6866600
1970,LCF0033,1,02090,***,"전지,재충전불가식(BA-30S)2항목 구매(물자)",물품,LCF,육군군수사령부,202404031100,L9AA1,엔플러스,,손정희,0336513017,강원특별자치도 강릉시 하평3길44-1 (포남동),87.995,17318600
1470,LCF0032,1,01852,***,꼬리표 1품목 구매(물자),물품,LCF,육군군수사령부,202404031100,M6434,주식회사 공감과공유의제작소,,이선정,01045141396,"경기도 부천시 원미구 성곡로63번길104,3층(도당동)",87.995,12620520
5,EBB0026,1,6038,***,24년 개인화기 주야조준경(II형)(제조),물품,EBB,지상공통전력운영계약팀,202404031100,F925B,주식회사 에이지광학,"A. G. OPTICS CO., LTD",이수경,0414101356,"경기도 화성시 동탄역로156, 에이동 1012호(오산동, 동탄역 롯데캐슬)",85.041,1860765552
2,EBB0023,1,5337K,***,신형 항공 연막통,물품,EBB,지상공통전력운영계약팀,202404031100,0261F,고려화공 주식회사,"Koryo Pyrotechnics Co., Ltd",조영준,0512561771,"부산광역시 서구 충무대로264, 8층 (충무동1가, 우양빌딩)",85.218,2059941000
709,HCF0072,1,12175,***,가스튀김기 등 7종 구매,물품,HCF,공군군수사령부,202404031030,L54DF,한톨유통,,김선휘,01025578799,"서울특별시 구로구 중앙로5길62, 상가106호(고척동, 서울가든아파트)",87.995,42519000
7,SDG0013,1,12331,***,24-인-식기세척기임차용역계약,용역,SDG,제2002부대,202404031030,E515B,필립시스템,philipsystem,김재롱,01037345656,경기도 김포시 대곶면 대곶북로158번길1-0 204호(창고동),88.125,66024720
58,LKM0020,1,12070,***,"24년 정비,취사피복 제조구매",물품,LKM,제2632부대,202404031030,L9772,타미나,,홍나은,01082794224,경상남도 창원시 성산구 용지로117번길33 (중앙동) B1층,88.027,55306127
2,MDW0008,1,12068,***,24-1차 버스 임차용역(전반기 수도권 임상실습),용역,MDW,국군간호사관학교,202404031030,A8479,(주)세일여행사,SEIL TOUR,김중수,027391261,"서울특별시 종로구 삼일대로 4698층 (경운동, 서원빌딩)",91.687,42430400
23,LCM0025,1,12245,***,'24년 실내공기질 측정 용역,용역,LCM,육군교육사령부,202404031030,HE2D9,(주)케이에스디성대환경시험연구원,(wn)ksd,이현주,03115774446,"경기도 의왕시 갈미2로30 (내손동) 미광프라자 701,702,703호",88.102,29769130
660,HFK0006,1,12242,***,'24년 1여단 방역 용역,용역,HFK,제1방공유도탄여단,202404031030,B704F,(주)성일 빌딩매니지먼트,sungil bildingmenagement,김옥순,029384602,"서울특별시 노원구 중계로160 (중계동, 화인상가아파트) 214호",88.006,45352570
14,LDF0007,1,12214,***,24년 AI 전문교육장 교육훈련장비 유지보수,용역,LDF,육군정보통신학교,202404031030,C3A87,주식회사 케이티엔티,KTNT,오성근,0425240030,대전광역시 유성구 장대로95 (장대동) KT유성빌딩 3층,88.051,5986088
37,LKM0019,1,12004,***,(예비전력예산) 예비군훈련장 방제 용역,용역,LKM,제2632부대,202404031030,K2492,(유)아성개발,,최영식,0632454872,"전북특별자치도 전주시 덕진구 동부대로568-0, 1층(산정동)",88.073,20340000
22,LCM0020,2,11350,***,'24년 과학화예산 유지보수사업 정산용역,용역,LCM,육군교육사령부,202404031030,ICAEA,사단법인 지방자치정책연구원,,김동오,0632210117,"전북특별자치도 전주시 완산구 홍산북로17-5 (효자동2가) 401호, 402호",88.111,14441400
22,LCH0024,1,11949,***,실내공기질 측정 용역(특-24-용-10),용역,LCH,특수전사령부,202404031030,JCCB8,주식회사 대한환경,,이용수,0419029119,충청남도 천안시 서북구 두정역서5길4-0 (두정동) 201호,88.409,30847928
12,NIT0004,1,12103,***,모바일 패스워드 해독시스템 구매,물품,NIT,국방부조사본부,202404031030,F21E1,주식회사  인섹시큐리티,INSEC-SECURITY,김종광,028635687,"서울특별시 금천구 가산디지털1로19, 406호, 407호, 408호, 409호(가산동,대륭테크노타운18차)",89.042,276244200
377,SCF0306,1,10708,***,(긴급) 구리양극봉 등 9종,물품,SCF,해군군수사령부,202404031030,K7273,에그코리아,,한소정,01028655971,"울산광역시 남구 신복로72번길29 (무거동, 신복현대아파트 103동) 103동 1705호",87.997,8139470
635,SCF0305,1,10703,***,"(긴급) 와셔, 잠금식 등 57종",물품,SCF,해군군수사령부,202404031030,M3346,좋은자원,,전대용,0546081610,경상북도 구미시 금오시장로13-0 (원평동)  2층 230호,87.998,31468930
214,SCF0311,1,10182,***,"윤활유,엔진용 등 3종 구매",물품,SCF,해군군수사령부,202404031030,HAC5F,에코플루이드,ECOFLUID Co.,정은,0557232326,경상남도 김해시 주촌면 서부로1409번길83-6,84.701,195000000
616,SCF0307,1,08835,***,은 브러쉬 등 7종 구매,물품,SCF,해군군수사령부,202404031030,ID2CE,주식회사 월성,,이희석,07044539559,충청남도 계룡시 엄사면 번영3길91-0 (대동황토방아파트)제상가동 205호,87.996,72707800
360,SCF0313,1,06137,***,콘센트릭 밸브 조립체 등 2종 구매,물품,SCF,해군군수사령부,202404031030,FE043,주식회사 에코비투,ecob2co.ltd,하영임,023532356,"경기도 고양시 덕양구 삼원로73, 721호(원흥동, 원흥한일윈스타)",83.174,234944000
689,SCF0312,1,06028,***,밸브조립체 등 30종 구매,물품,SCF,해군군수사령부,202404031030,HD46C,대현테크,DAEHYEON TECH,전현규,0518319720,부산광역시 강서구 평강로171번길259-0 (대저1동),88.19,151121500
12,NIT0004,2,12103,***,모바일 패스워드 해독시스템 구매,물품,NIT,국방부조사본부,202404031030,F21E1,주식회사  인섹시큐리티,INSEC-SECURITY,김종광,028635687,"서울특별시 금천구 가산디지털1로19, 406호, 407호, 408호, 409호(가산동,대륭테크노타운18차)",89.042,276244200
146,LQG0032,1,11377,***,00부대 전반기 물탱크 청소 용역,용역,LQG,육군 52보병사단,202404031030,FBDA9,주식회사 에코클린케어 (ECO.CC),DAEHAN TCP,이창엽,053-764-2623,대구광역시 수성구 지산로67 (지산동),88.005,4271675
51,LHN0015,1,12188,***,24년 취사장 청소(후드/덕트/환풍기) 용역,용역,LHN,제7보병사단,202404031030,AD6BC,흥리종합건설 주식회사,heunglee,정교진,0339019881,강원특별자치도 정선군 사북읍 사북2길38-0,88.022,82042000
88,LDA0009,1,12035,***,00부대 탄약관리지원사업 등 8건 설계용역,용역,LDA,지상작전사령부,202404031030,BCEF7,주식회사 에이콘 건축사사무소,acon architects,박정균,0312876300,"경기도 용인시 기흥구 구갈로60번길 19, 금강프라자 301호(구갈동)",87.752,104453000
3,LBA0034,1,12315,***,'24년 전반기 지정폐기물 위탁처리 용역,용역,LBA,제 2167부대,202404031030,A6120,성림유화 주식회사,sunglim oiland chemical co ltd,김영중,0314993711,"경기도 안산시 단원구 첨단로 215(성곡동, 성림유화(주))",87.101,60267800
2,MHD0027,1,08615,***,의무후송전용헬기 시설사업기본계획 연구용역,용역,MHD,방위사업청(운영지원과),202404021500,G48D0,(주)에프오알엠도시건축공간연구소,FORMs Architects,권시형,07077164315,"서울특별시 송파구 법원로11길25-0, A동 1310호(문정동, 에이치비즈니스파크)",,38000000
2,EBB0018,1,5002B,***,제동장치 부품류,물품,EBB,지상공통전력운영계약팀,202404021400,2346F,건웅테크 주식회사,"Keon Woong tech co,.ltd",박영혜,0513053300,부산광역시 강서구 가리새2로58-0 (범방동),84.933,74917000
10,LDH0373,1,09662,***,통신 캐패시터(012768070) 구매,물품,LDH,육군종합정비창,202404021300,JFE6F,윌프리,,허성욱,010-8768-1337,"경기도 화성시 동탄기흥로570-6 (영천동)  골든아이타워, 201호",88.817,29413332
6,LDH0367,1,09865,***,(자재) 늄합금파이프 등 29종 구매,물품,LDH,육군종합정비창,202404021300,DFDAF,(주)종로인더스트리,"JONG RO INDUSTRY Co.,Ltd.",노종헌,0513271811,부산광역시 사상구 새벽로 130(),88.664,18844860
13,LDH0366,1,09719,***,(자재) 렌치볼트 등 14종 구매,물품,LDH,육군종합정비창,202404021300,DFDAF,(주)종로인더스트리,"JONG RO INDUSTRY Co.,Ltd.",노종헌,0513271811,부산광역시 사상구 새벽로 130(),88.009,16371615
17,LDH0363,1,09715,***,"(자재) SSD 회로용, 케이스 부품키트 구매",물품,LDH,육군종합정비창,202404021300,E04DE,디엔테크,DN TECH,김해천,0313751790,"경기도 화성시 동탄대로677-5, 8층 812호(영천동, 비전IT타워)",88.076,8351710
15,LDH0362,1,09714,***,(자재) 하우징 전자구성품용 부품키트 구매,물품,LDH,육군종합정비창,202404021300,D66E5,일우디지컴(주),ILWOO Digicom,고영남,02-3667-9726,"서울특별시 영등포구 경인로80길 3-11, 영우빌딩3층(문래동1가)",88.013,18753436
14,LDH0368,1,09713,***,(자재) 표시부 인쇄회로기판 조립체 구매,물품,LDH,육군종합정비창,202404021300,D66E5,일우디지컴(주),ILWOO Digicom,고영남,02-3667-9726,"서울특별시 영등포구 경인로80길 3-11, 영우빌딩3층(문래동1가)",88.037,2592406
4,LDH0359,1,09710,***,(자재) 마봉 특수강 등 18종 구매,물품,LDH,육군종합정비창,202404021300,DFDAF,(주)종로인더스트리,"JONG RO INDUSTRY Co.,Ltd.",노종헌,0513271811,부산광역시 사상구 새벽로 130(),89.66,14963400
7,LDH0360,1,09709,***,(자재) 철판 등 5종 구매,물품,LDH,육군종합정비창,202404021300,J4F91,다인,,전영례,07042550057,경상남도 창원시 진해구 충장로130번길25 (제황산동),88.238,10340260
4,LDH0358,1,09708,***,(자재) 스프링강선 등 61종 구매,물품,LDH,육군종합정비창,202404021300,J4F9C,상일상사,,조용경,07077666240,경상남도 창원시 마산회원구 합포로274 (양덕동) 401호,96.787,43692100
11,LDH0372,1,09675,***,통신 축전기(013696376) 구매,물품,LDH,육군종합정비창,202404021300,K6E2E,캐시드림,,이상미,010-2214-3997,"서울특별시 관악구 남부순환로256라길12-0 (남현동, 한백리츠빌) 203호",95.396,13500000
36,LCP0028,1,11749,***,응급군의관 및 구조사 구조작전복 구매,물품,LCP,육군항공사령부,202404021130,M5813,(주)오니,,유재화,01072781532,충청남도 천안시 동남구 신방통정로34-21 (신방동),88.002,17170681
50,LPK0005,1,11818,***,24년 1분기 3차 정보통신체계 운영용품 구매,물품,LPK,제8기동사단,202404021130,K66EA,주식회사 아온,,안명수,07088333730,경기도 포천시 송선로151번길82-0 (설운동),88.024,5037492
109,LPK0004,1,11812,***,24년 ATCIS운영용품 구매,물품,LPK,제8기동사단,202404021130,KF84A,검프코리아,,송세화,01053242980,"경기도 동두천시 강변로664번길45 (동두천동, 동두천 신창비바패밀리-1단지)101동601호",88.014,9385853
404,LCP0029,1,11763,***,'24년 조경관리 용역,용역,LCP,육군항공사령부,202404021130,I441D,주식회사 창조디벨로먼트,dnolus,이재웅,0315720035,경기도 남양주시 진접읍 진벌로73-5,88,18614790
2,HDF0033,1,11920,***,‘24년 병사식당 자율운영급식,물품,HDF,공군 제8전투비행단,202404021100,H1B82,주식회사 아이원,ione,최광순,0337468966,강원특별자치도 원주시 흥업면 사제로203-0,88.653,92418274
7,LMP0012,2,11009,***,24년 교육훈련물품(칼라각관 구매),물품,LMP,제3보병사단,202404021100,C1ACD,진영기업,,김태헌,0334529853,강원특별자치도 철원군 갈말읍 삼부연로8번길 17-14(),95.656,16500000
38,HCC0023,1,11529,***,"벨브, 솔레노이드용 등 3품목(053)",물품,HCC,해군제1수리창,202404021100,GB2A7,천곡철물상사,cjsrhrcjfanf,안문영,033-535-2546,"강원특별자치도 동해시 천곡로47-1 (천곡동, 천곡철물상사)",88.038,13665300
35,HCC0022,1,10925,***,가바나 조립체 등 7품목,물품,HCC,해군제1수리창,202404021100,IA3AC,수주종합상사,suju jonghab sangsa,서미경,010-6417-8010,강원특별자치도 동해시 향로1길2-3 (발한동),88.056,4344900
37,HCC0021,1,11513,***,"센서, 압력측정용 등 3품목(041)",물품,HCC,해군제1수리창,202404021100,IA6F6,월천테크,wallchuntech,반효선,070-8851-3656,강원특별자치도 동해시 발한로267 (발한동) 105호,88,9148200
7,UMM0309,1,11053,***,(24G002-H)24~25년 위성장비 유지보수 용역,용역,UMM,국군재정관리단,202404021100,C7D0F,주식회사 제노코,"Genohco, Inc.",유태삼,0314286000,"경기도 군포시 농심로72번길1-0 (당정동, 제노코빌딩)",78.836,2275000000
180,UMM0318,1,10842,***,(246071-E) 탄통 봉인스티커 제조,물품,UMM,국군재정관리단,202404021100,C1DFB,삼일문화,samilmunwha,한미경,0222673866,"서울특별시 중구 마른내로4가길16, 1층(인현동1가)",88,80691700
167,UMM0298,1,10681,***,(24G010-H)24~25년 과학화경계시스템 유지보수 용역,용역,UMM,국군재정관리단,202404021100,C6788,(주)이서,Yseo Co. Ltd.,이희순,0448645301,"세종특별자치시  한누리대로312-0, 714호 (나성동, 노블비지니스타운)",87.767,154086626
1246,UMM0339,1,09288,***,"(246072-F) 분석기,스펙트럼용 구매",물품,UMM,국군재정관리단,202404021100,D4D15,주식회사 삼현,SAM HYEU,김희주,0334523545,강원특별자치도 철원군 동송읍 금학로31-98,88,141901140
1795,UMM0315,1,08633,***,(246138-E) 이동식 자동영상속도측정기기 2종 구매,물품,UMM,국군재정관리단,202404021100,I8F66,다판다 주주마켓,Jiyun Tech,오주희,01089469372,"경기도 시흥시 역전로50, 1층 스포츠용품점(정왕동)",87.995,180908630
1281,UMM0316,1,07903,***,(247054-E)  병리장비소모품(7) 8품목 구매,물품,UMM,국군재정관리단,202404021100,K9C88,비드 맥스,,이치형,01056699634,경상북도 청도군 매전면 관하실길30,88,54992360
967,UMM0292,1,07509,***,24-N-용수철제작기 B형 구매(248072-F),물품,UMM,국군재정관리단,202404021100,F9D3B,주식회사 유니메인,Unimain,박진우,0314359246,경기도 시흥시 서울대학로59-20 701호 (배곧동),83.016,292391300
5025,UMM0337,1,07113,***,(247094-F) 전장관리체계 운용품 구매,물품,UMM,국군재정관리단,202404021100,JF0FB,태건,,최진영,01086529394,"경기도 남양주시 오남읍 진건오남로759번길70, 104동1202호(남양주 오남 푸르지오)",87.995,134764108
17,UMM0317,1,07106,***,(246084-F) 레펠장갑 등 5종 제조,물품,UMM,국군재정관리단,202404021100,IC6F9,동선,,김현태,0315910618,경기도 남양주시 화도읍 비룡로379번길19-11,88.149,100561300
1835,UMM0320,1,07100,***,(246080-F) 반조봉 등 11종 구매,물품,UMM,국군재정관리단,202404021100,M06C7,지니어스케이,,김혜인,07046473089,"경기도 양주시 독바위로287번길51 (옥정동, 양주옥정 더원 파크빌리지) 2301동 601호",87.996,130676210
101,UMM0095,2,05163,***,(24G003-H)24~25년 지휘통신신속대응장비유지보수용역,용역,UMM,국군재정관리단,202404021100,D9CC4,주식회사 명품시스템,Myoung Poom System,이명아,0425240164,대전광역시 서구 계룡로408-0 (갈마동),87.75,114837746
42,UMM0322,1,05146,***,(247013-F) 보장구 56종 구매,물품,UMM,국군재정관리단,202404021100,BE0D8,성림교역,SUNGLIM TRADING,임성태,0220688191,서울특별시 영등포구 양산로43-0 (양평동3가)912호,83.288,545672000
134,MDG0095,1,07776,***,24년 의무장비(한냉요법장치) 구매,물품,MDG,국군의무사령부,202404021100,LC3BD,에스클래스주식회사,,서정미,07088484021,"경기도 고양시 일산동구 무궁화로20-18, 5층 47 (장항동, 하임빌로데오빌딩)",88.022,5350580
189,MDG0094,1,07775,***,24년 의무장비(수욕기 일반용) 구매,물품,MDG,국군의무사령부,202404021100,JA4A1,주식회사 바인디자인,,전인섭,07086387515,"경기도 김포시 양촌읍 황금로117, 테크노존동 117호(이젠 아파트형 공장)",87.995,17348000
85,MDG0093,1,07774,***,24년 의무장비(손세척대) 구매,물품,MDG,국군의무사령부,202404021100,H5C3C,유진시스템,YUJIN TRADING COMPANY,김인호,01089506267,"경기도 화성시 융건로182, 1층(배양동)",99.258,5390000
93,MDG0092,1,07773,***,24년 의무장비(속력걸음대 전기식) 구매,물품,MDG,국군의무사령부,202404021100,I77E8,엘케이에스(LKS),LKS,이경수,0319089603,"경기도 고양시 일산동구 호수로646-24,  209-4호(장항동, 위너스21-II)",88.006,4801510
737,MDG0091,1,07772,***,24년 의무장비(환자체온보온기 자동식(공기식)) 구매,물품,MDG,국군의무사령부,202404021100,LEA18,호덕,,김범석,01099830917,경기도 시흥시 측백나무길5-0 (장곡동) 302호,87.996,38043462
46,MDG0090,1,07771,***,24년 의무장비(무균작업대) 구매,물품,MDG,국군의무사령부,202404021100,HE871,주식회사 복은,BOKEUN,김령은,01044011789,"경상남도 창원시 진해구 용원북로17번길15-0 (용원동, 가온빌 101호)",87.996,3799050
161,MDG0089,1,07770,***,24년 의무장비(초음파수술기) 구매,물품,MDG,국군의무사령부,202404021100,L6DBA,유원케이,,김명선,01047694638,"서울특별시 영등포구 국제금융로8길19, 208호(여의도동, 중앙빌딩)",88.007,16024560
1389,HCF0063,1,02609,***,"24-H-16 시험기, 인화점용",물품,HCF,공군군수사령부,202404021030,C972F,대광그래픽스,DAE KWANG GRAPHICS,모종근,0222667020,"서울특별시 중구 충무로 29, B동 106호(초동, 아시아미디어타워)",87.996,38486800
25,SCP0040,1,11907,***,중량봉 등 13종 구매,물품,SCP,제8385부대,202404021030,L22F3,유북서점,,유정근,387785778541,"경상북도 경주시 안강읍 안강시장길4-3, 103호",88.042,2022120
56,SDQ0035,1,11138,***,"바, 금속제 등 33종 구매",물품,SDQ,해군제2수리창,202404021030,K2496,파코상사,,조현영,070-8836-8810,"경기도 평택시 고덕국제8로100, 1325동 802호(고덕동, 고덕국제신도시제일풍경채2차에듀)",88,48837840
56,SDQ0034,1,11136,***,베어링 볼형 환상형 등 8종 구매,물품,SDQ,해군제2수리창,202404021030,K7E87,휴이,,이명교,07043231705,경기도 평택시 중앙2로13 (평택동) 602-1-310,88.032,22231510
40,LKM0017,1,11881,***,24년 공기청정기 필터 제조·구매,물품,LKM,제2632부대,202404021030,L8270,(주)케이필터,,박주영,07086483566,부산광역시 강서구 미음국제5로103-0 (미음동),88.097,66499334
167,HDP0016,1,11813,***,"공기압축기 유니트, 회전식 1종(24-036)",물품,HDP,공군제19전투비행단,202404021030,J7CCA,씨앤엘,,조명희,01092098853,"인천광역시 남동구 장아산로158 (서창동, 임광 그대가),112-604",88.029,78484690
270,HDQ0028,1,11801,***,20비 24-87 초극저온장갑 등 27품목,물품,HDQ,제20전투비행단,202404021030,M53E7,새빛,,김가현,01089742988,"충청남도 천안시 서북구 봉서산샛길65-0 (쌍용동, 주공아파트)414동902호",88.001,17072188
509,SCQ0034,1,11810,***,24-평 00숙소 등 예초관리 용역,용역,SCQ,제9911부대,202404021030,C8197,유한회사 옐림,Dream Construction. Co.LTD,방무경,0313813480,"경기도 안양시 동안구 갈산로76, 301호 (호계동)",88.002,34916150
55,SDQ0037,1,11816,***,"조명등, 전기식 구매",물품,SDQ,해군제2수리창,202404021030,L4BBF,주식회사 참좋은,,배지희,01055785900,"경기도 평택시 중앙2로13, 602-1-655호(평택동, 센텀스카이)",88.194,38490370
16,HDP0015,1,11811,***,메프로닐 수화제 등 16종(24-032),물품,HDP,공군제19전투비행단,202404021030,I1F30,포시즌,fourseason,장철,031-374-4404,강원특별자치도 강릉시 주문진읍 작은다리길32-0 지1층,88.02,34924000
4666,SCH0043,1,11771,***,24-13호 HDMI 분배기 등 167종 구매,물품,SCH,해군작전사령부,202404021030,H44A8,나노정보통신,NANO & BOOK,고덕수,0328758553,인천광역시 남동구 남동대로733번길8-0 (구월동) 국일빌딩 406호,88,41377055
156,SCH0042,1,11765,***,24-17호 엔진오일 등 42종 구매,물품,SCH,해군작전사령부,202404021030,KF538,이에스솔루션,,이은심,01071535252,"인천광역시 미추홀구 남주길150, 113동 704호(주안동, 힐스테이트 푸르지오 주안)",88.003,15646324
136,LBA0032,1,11618,***,'24년 비데 임차 용역,용역,LBA,제 2167부대,202404021030,K3EBE,샬롬통상,,이미옥,01053384564,"경기도 시흥시 월곶중앙로11-0 (월곶동, 월곶3차풍림아이원아파트)",88.015,27012200
50,MCT0023,1,11887,***,아마종목 운동용품(수영복 등 22종) 구매,물품,MCT,국군체육부대,202404021030,LB425,주식회사 화민,,원다빈,01021181368,충청북도 괴산군 청천면 송문로지촌3길91,88.007,19193529
15,MCT0022,1,11888,***,24년 소방시설 종합 정밀점검 용역,용역,MCT,국군체육부대,202404021030,HCBB2,주식회사 탑이엔씨,TOPENC,이말숙,0544621190,경상북도 구미시 1공단로6길204(공단동),88.181,22954500
34,MCT0021,1,11889,***,근대5종 운동용품(수영복 등 6종) 구매,물품,MCT,국군체육부대,202404021030,H15D0,주식회사 이음,EEUM,전병욱,0222784433,서울특별시 서대문구 포방터2길24 (홍은동),95.098,6520000
42,MCT0020,1,11890,***,복싱부 운동용품(시합복 등 9종)구매,물품,MCT,국군체육부대,202404021030,CB354,명지사,MAUNGJISA,최용호,0222749181,서울특별시 마포구 성산로2길55-0 (성산동),88.229,8510000
56,SCR0041,1,11750,***,홍보의 신 등 도서 31종 434권 구매,물품,SCR,해군제3함대사령부,202404021030,L4A54,주식회사 제이에스엠,,조소현,01046173334,전라남도 목포시 영산로93-1 (명륜동),90.042,9249130
530,SFH0036,1,11338,***,"24-B-환경보수자재(톤백, 마대) 구매",물품,SFH,제9196부대,202404021030,C6E35,제일산업,jae il,한영규,0316511573,경기도 안성시 공도읍 웅교3길38-0,88.021,64580000
39,SCI0037,1,11541,***,"펌프, 공수식 1점 구매",물품,SCI,제9121부대,202404021030,LB7EB,미래유통,,김가영,010-6417-8010,"경상남도 창원시 진해구 진해대로727 (석동, 진해 석동 푸르지오) 106-105",88.001,9248700
10,LMU0019,1,11417,***,24-005 '24년 음식물류 폐기물 위탁처리,용역,LMU,제7군수지원단,202404021030,EAC3B,보국,BOGUK,하정민,031-409-3166,"경기도 안산시 상록구 중보로27,401-1213호(이동,월드프라자)",88.125,19131004
56,SDQ0036,1,11376,***,"임펠러, 펌프용, 원심식 등 8종 구매",물품,SDQ,해군제2수리창,202404021030,JD62E,하나솔텍,,전영례,070-4255-0057,경기도 평택시 현신3길75 (용이동),88.076,19431017
5396,LCJ0021,1,09699,***,(24육군-해파18)한빛부대 타이어류 구매,물품,LCJ,종합보급창,202404021030,M1935,앤즈,,김정학,01083964860,경상남도 창원시 의창구 창이대로321번길18-1 (봉곡동),88,26068158
300,SCF0304,1,11698,***,(긴급)엑츄에이터 1.19 1종,물품,SCF,해군군수사령부,202404021030,F0F22,(주)비아이엔씨,"BINC.,CO.LTD.",김여기,07074573900,서울특별시 서초구 양재동언남 18길3 (양재동  2층),99.341,33985000
493,SCF0302,1,10779,***,"(긴급)송신기,유량용 등 14종",물품,SCF,해군군수사령부,202404021030,K8BB4,주식회사 대경코리아,,조민구,07078581122,경상남도 창원시 의창구 원이대로271 (봉곡동) 3층 314-C호,87.995,49447300
36,SCF0303,1,10772,***,(긴급)배기가스 온도기 1종,물품,SCF,해군군수사령부,202404021030,B6383,국제전기,kook je electrical industry,김승민,0518184449,부산광역시 강서구 유통단지1로41-0 (대저2동)126동120호,92.537,3250000
28,SCF0300,1,08918,001,살치살(냉동/덩어리) 구매,물품,SCF,해군군수사령부,202404021030,L5982,강성,,김강희,01033939805,"경상남도 창원시 마산합포구 해안대로11, 4층(해운동, 월드프라자)",88.134,30132
32,SCF0301,1,00753,001,핫도그 구매,물품,SCF,해군군수사령부,202404021030,FB41E,주식회사 류홀마트,new consulting,양미숙,055-546-0841,"경상남도 창원시 진해구 충무로23-0 (신흥동, 블루빌)",99.436,6274
3,MDJ0014,1,11108,***,기타의약품 연간계약,물품,MDJ,국군대전병원,202404021030,K0FFA,베스트팜,,이금상,042-584-5010,"충청남도 논산시 중앙로398번길4-8 (취암동), 1층",89.65,35109960
163,MDJ0015,1,11107,***,장비운영소모품(중공장비) 연간계약,물품,MDJ,국군대전병원,202404021030,JEE53,제이비글로벌주식회사,,박대희,01088766052,경기도 남양주시 송산로339번길28-11 (별내동) 101호,93.997,28394600
1187,MDJ0017,1,11105,***,장비운영소모품(영상장비) 연간계약,물품,MDJ,국군대전병원,202404021030,L5A90,에스앤피 인터내셔널,,박효은,0432327933,"세종특별자치시  시청대로500,418동 404호 (반곡동, 수루배마을 4단지)",88.002,37972368
260,MDJ0018,1,11104,***,장비운영소모품(기공장비) 연간계약,물품,MDJ,국군대전병원,202404021030,M70B9,주식회사 석동개발,,한향순,07088306410,"서울특별시 구로구 디지털로288, 2층 208-A261호(구로동, 대륭포스트타워1차)",87.999,19468850
1160,MDJ0019,1,11103,***,의료기재(처치재료) 연간계약,물품,MDJ,국군대전병원,202404021030,IA871,시논인터네셔널,sinon3636,류영숙,01048450325,경기도 평택시 안중읍 송담7길12-0,87.995,31504203
1267,MDJ0020,1,11102,***,의료기재(병리재료) 연간계약,물품,MDJ,국군대전병원,202404021030,K5EF0,(LS)컴퍼니,,이상운,01087235918,"경기도 남양주시 다산중앙로145번길15, 8층 802-04호(다산동, 신해센트럴타워Ⅱ)",87.999,42644850
16,LMH0024,1,10992,***,24년 오수처리시설 수질검사용역(C026),용역,LMH,제7군단,202404021030,BC777,주식회사 혜성환경,"HEYSOUNG ENVIRONMENT CO., LTD.",장공례,0314733413,경기도 안양시 동안구 귀인로79번길35 (호계동),87.786,21150300
7,LMB0007,1,11058,***,24+3년 얼음정수기 등 임차(59대),용역,LMB,제8278부대,202404021030,I9E68,한국렌탈판매협동조합,KRSCOOP,정영이,07077772418,"인천광역시 미추홀구 아암대로45번길77-8, 1층(용현동)",88.276,80179426
4,HDM0016,2,09633,***,2024년 에이스가든 김치구매,물품,HDM,공군제17전투비행단,202404021030,EA478,농업회사법인 주식회사 에스비딤채,,이재홍,0415234834,충청남도 천안시 동남구 화계1길33-0 (동면),83.266,18844516
336,HCF0071,1,11820,***,"[KC-10 부품]제어장치,공기조화기용 구매",물품,HCF,공군군수사령부,202404021030,J6660,주식회사 엠제이엠,,김무진,0535628476,대구광역시 서구 새방로29길6-17 (상리동),98.689,125835600
4533,HCF0066,1,11694,***,청력보호헤드셋 구매,물품,HCF,공군군수사령부,202404021030,L976E,와이에스컴퍼니,,나윤상,01082531942,전라남도 강진군 옴천면 옴천중앙로107-5,87.995,39008620
6,HCF0065,1,11669,***,"[(K)F-16 ADVR 부품]기억장치,비행기록기용 등 5종",물품,HCF,공군군수사령부,202404021030,J6660,주식회사 엠제이엠,,김무진,0535628476,대구광역시 서구 새방로29길6-17 (상리동),98.801,84315000
18,HCF0061,1,11512,***,공군 군장품류 제조,물품,HCF,공군군수사령부,202404021030,L6FF9,주식회사 유노인더스트리,,정민영,07087112611,경기도 남양주시 화도읍 비룡로292번길11,88.166,40717000
381,HCF0064,1,11374,***,"24-A-32 시험기, 조정용",물품,HCF,공군군수사령부,202404021030,H0FB2,헤럴드,herald,최은일,07047700655,"경기도 부천시 원미구 조마루로385번길92, 18층 1801호(원미동, 부천테크노밸리 U1 center)",87.996,23262280
2803,HCF0062,1,06104,***,24-H-06 폭파기,물품,HCF,공군군수사령부,202404021030,K01AF,에스에이치 컴퍼니,,신승훈,01053875432,"경기도 광명시 광명역로26, 107동 2602호 (일직동,광명역파크자이)",87.996,44828898
6,HCF0068,1,06005,***,[T(A)FA-50 부품]APU보호 덮개 등 4종 제조,물품,HCF,공군군수사령부,202404021030,LDFE4,제이에이치텍,,강종현,0513238011,부산광역시 사상구 가야대로196번길63,88.517,61962000
3,LDH0344,1,09797,***,(정비) 크롬 크릿트 구매,물품,LDH,육군종합정비창,202404011300,HB4C2,주식회사 성우,"SUNGWOO CO., LTD.",김은화,0519873828,부산광역시 강서구 신호산단3로88번길68 (신호동),90.149,28730320
3,LDH0351,1,10291,***,(기동) 에어튜부표시기 등 16종 구매,물품,LDH,육군종합정비창,202404011300,BDFC7,현대정밀가스켓,,이의정,051-802-7662,부산광역시 사상구 가야대로175번길29-0 (감전동),88.006,7408000
5,EHF0009,1,0208E,***,"전지, 축전식(BB-7184K)",물품,EHF,미래전력사업전력운영계약팀,202404011100,D4BA5,주식회사 탈로스,,채재호,0313376500,"경기도 안양시 동안구 학의로282(관양동,금강펜테리움IT타워 A-1704호)",85.519,198287000
181,HDF0032,1,11477,***,[00대대] 유류저장지역 제초용역,용역,HDF,공군 제8전투비행단,202404011100,G8986,주식회사 다원,,여병진,0334819140,강원특별자치도 양구군 양구읍 농공단지길35-0,88.005,36441100
146,HFK0005,1,11360,***,[무등] 런닝머신 등 8종 구매,물품,HFK,제1방공유도탄여단,202404011100,LEED1,파워해피,,정춘기,01044319857,"광주광역시 서구 화개1로24번길9, 106동1305호(금호동, 대주파크빌)",88.014,11873491
515,HFK0004,1,11362,***,[계룡] 런닝머신 등 12종 구매,물품,HFK,제1방공유도탄여단,202404011100,ACAB9,(주)일보람,illboram,이정희,0426315168,대전광역시 대덕구 대화로37 (대화동),88,13424800
127,HFK0003,1,11363,***,[대천] 런닝머신 등 8종 구매,물품,HFK,제1방공유도탄여단,202404011100,IEA63,(주)우리디자인,,조정선,0428416668,충청남도 계룡시 금암로26-0 (금암동) 105호,88.059,8486900
184,HFK0002,1,11364,***,[군산] 런닝머신 등 12종 구매,물품,HFK,제1방공유도탄여단,202404011100,L214E,정우쇼핑,,이종호,01045129849,전북특별자치도 정읍시 정우면 초강4길24-6,88.005,12806238
13,UMM0277,1,10122,***,24-N-휴대용 주파수 교란장비 제조,물품,UMM,국군재정관리단,202404011100,08070,주식회사 신안정보통신,"SHINAN Co., Ltd",주을목,0314581800,경기도 군포시 당산로152 (금정동),83.456,196785990
1926,UMM0273,1,09186,***,24-N-배터리충전기 구매(248089-F),물품,UMM,국군재정관리단,202404011100,G02AD,주식회사 제타플러스,ZETTAPLUS,이정준,0339100106,강원특별자치도 춘천시 만천로215번길6 (후평동),87.996,59312153
5,UMM0274,1,07078,***,24-D-이동마트차량 제조,물품,UMM,국군재정관리단,202404011100,G6EA2,주식회사 와풀,woowful,송봉주,0226783080,경기도 김포시 월곶면 김포대로2708-37,85.508,697295130
2,UMM0303,1,07042,***,24-N-승용 사열차 제조,물품,UMM,국군재정관리단,202404011100,G6EA2,주식회사 와풀,woowful,송봉주,0226783080,경기도 김포시 월곶면 김포대로2708-37,88.574,210089600
562,UMM0272,1,05962,***,24-F-플랫폼  트랙터등 3종 구매(249052-F),물품,UMM,국군재정관리단,202404011100,I2D31,기장유통,gijang company,김경화,01034555942,경상북도 포항시 북구 양덕로44번길16-0 (양덕동),87.998,138575852
5,MCF0010,1,10048,***,'24년 국립서울현충원 영상 콘텐츠 제작 용역,용역,MCF,국립서울현충원,202404011100,K5AAC,수상한협동조합,,김명환,07088122020,"서울특별시 금천구 금하로24길7-0 (시흥동), B1",,50050000
5,LMH0013,1,07639,***,역사관 홍보전시물 설계 및 리모델링(B006),용역,LMH,제7군단,202404011100,EBBDE,주식회사 팀헬퍼스이앤지,teamhelpersENG,정수형,025557750,서울특별시 금천구 범안로1130-0 (가산동) 13층1306-1호,0,242500000
90,LDA0007,1,11426,***,24년 중요시설경계시스템 외주용역정비,용역,LDA,지상작전사령부,202404011030,F0CAA,주식회사 펌프킨,"PUMPKIN Co., Ltd.",최도용,0318147000,경기도 남양주시 화도읍 경춘로1955,87.895,98169000
59,LGC0010,1,11406,***,24-1차 전산운영용품 구매,물품,LGC,육군학생군사학교,202404011030,I9E6E,다올,DAOL,이시우,07048374570,"충청북도 청주시 흥덕구 2순환로1222, 1동 17층 15호(강서동, 신해블루지움)",88.439,16164130
646,HDL0009,1,11404,***,24-03-043 냉장고 구매,물품,HDL,공군제16전투비행단,202404011030,BB6D1,다이음(주),daium,박종란,025250662,서울특별시 영등포구 당산로51길13-0 (당산동6가),88.018,42208830
190,HDM0022,1,11403,***,24년 POL 제초용역,용역,HDM,공군제17전투비행단,202404011030,E4094,새청 주식회사,,김현석,0438736101,충청북도 음성군 음성읍 음성로134-14,88.159,32292390
177,HDM0021,1,11398,***,24년 주거지역 제초용역,용역,HDM,공군제17전투비행단,202404011030,AD334,연흥조경,yeonheungjokeung,연호철,0432150466,충청북도 청주시 청원구 1순환로225번길3 (내덕동),88.006,18912000
16,SCQ0033,1,11401,***,열화상카메라 구매,물품,SCQ,제9911부대,202404011030,M72B7,우주상사,,김형민,01052181431,"경기도 평택시 중앙2로13, 6층 602-1-1063호(평택동, 센텀스카이)",88.161,1772410
123,SDF0041,1,11395,***,헬기 구조용 이송장치 들것 등 4종 구매,물품,SDF,제5738부대,202404011030,M786A,지비코퍼레이션,,이혜지,010-7434-4861,"서울특별시 중랑구 겸재로10길49-3, B동 302호(면목동, 다온씨티빌)",88.009,27684347
93,LMR0018,1,11292,***,주거시설 소규모보수(24-22차) 설치 납품 (비디오폰),물품,LMR,제5군단사령부,202404011030,KD2FE,주식회사 신영통신,,장세옥,0314680172,"경기도 안양시 만안구 안양로80, 702호(안양동, 국토빌딩)",88.034,16397700
118,SDF0040,1,11380,***,Coalescer Element 등 4종,물품,SDF,제5738부대,202404011030,K6AFB,케이위너스 주식회사,,김주연,07088098710,"경기도 고양시 일산동구 백석로86번길6-11, 101호(백석동)",88.005,28086890
200,SDF0039,1,11369,***,도서(위대한 유산 등 75종),물품,SDF,제5738부대,202404011030,IA1EE,한성유통,hansung,이욱한,0262859808,"서울특별시 송파구 송파대로345, 207동 2503호(가락동, 헬리오시티)",90,1182125
112,LHR0015,1,11308,***,24년 운반(이동)형 화재진압장비 구매,물품,LHR,육군 제37보병사단,202404011030,M74BA,현정,,박현정,07088040077,"충청북도 청주시 상당구 용정로35-0, 201-1501 (용정동, 청주용정 한라비발디)",88.362,14456661
5,SCR0040,1,11324,***,24-3수리창-소방시설 작동 및 종합점검용역,용역,SCR,해군제3함대사령부,202404011030,F6792,한국소방,korea fire fighting,임순석,0617433830,전라남도 순천시 이수1길24-0 (덕암동),88.181,2129900
299,SCN0063,1,11160,***,디지털 도어락 등 145종 구매,물품,SCN,제7001부대,202404011030,JE88D,애플민트,,이주연,01023347671,경상남도 창원시 성산구 원이대로580번길3-0 (중앙동) 3층349호,88.001,37795985
302,SCK0038,1,11271,***,전선릴 등 31종 구매,물품,SCK,해군교육사령부,202404011030,M8522,베이비에스테틱연구소,,김선호,01021846579,"경상남도 창원시 마산합포구 가포순환로33, 134동 28층 4호(월영동, 마린애시앙부영)",88.016,29376870
11,SCR0035,2,08141,***,니플 파이프용 등 12종 구매,물품,SCR,해군제3함대사령부,202404011030,I9EC3,대진이엔지,deajineng,김전명,01098942930,전라남도 영암군 미암면 배드리길50-0,91.615,2247000
11,SCR0036,2,08143,***,"전지, 축전식 등 4종 구매",물품,SCR,해군제3함대사령부,202404011030,I9EC3,대진이엔지,deajineng,김전명,01098942930,전라남도 영암군 미암면 배드리길50-0,92.303,1731000
53,LMK0015,1,11191,***,[24-C15] 24-1차 전산운영용품및 기타운영지원 구매,물품,LMK,제6보병사단,202404011030,K62E1,주희솔루션,,문제원,070-4772-1096,경기도 포천시 소흘읍 이동교리374-82 15동 205호 가03호,88.001,17119097
4,LMZ0002,1,11263,***,24년 음식물쓰레기 위탁처리 용역,용역,LMZ,제2236부대,202404011030,I5E1A,강원이엔티 주식회사,kangwonent,이상봉,0332618784,강원특별자치도 춘천시 신동면 김유정로1609-0,88.066,66686200
5,SFC0025,1,08060,***,24-해병-리더십 컨텐츠 영상제작 용역,용역,SFC,제9691부대,202404011030,D8D03,주식회사 단군픽쳐스,,조상환,027146320,"서울특별시 강서구 금낭화로51, 3층(방화동)",61.487,18000000
191,MDJ0013,1,10345,***,24-4차 의무비품 (진료용 의자 등 6품목),물품,MDJ,국군대전병원,202404011030,IC429,케어원,,이경열,0221576331,서울특별시 송파구 충민로66 (문정동)가든파이브라이프 테크노관 T7135호,88.003,11024200
63,MDG0098,1,07870,***,24년 의무장비(수액조절기 주사용 미세주입기) 구매,물품,MDG,국군의무사령부,202403291100,I8FF2,주식회사 한스메디칼,HANS MEDICAL co.,한재희,0313463093,경기도 군포시 고산로148번길17-0 (당정동) 318호,97.805,21494000
5,LNR0012,1,11134,***,'24년 실내공기질 측정용역,용역,LNR,수도기계화보병사단,202403291100,K8934,주식회사 신화환경연구원,,이지혜,00015447712,"경기도 안양시 동안구 엘에스로142(호계동, 금정역 SKV1센터) 716호,717호,718호,719호,720호,721호",88.088,6979400
3,LKQ0008,1,09668,***,'24년 전기안전관리 대행 용역,용역,LKQ,육군항공학교,202403291100,EEF9D,(주)대륜이에스티,,양정규,0417369947,충청남도 논산시 계백로1146번길6-29 (지산동),88.683,1080920
318,LHP0012,1,11018,***,"24-1차 프린터용품, 기타운영지원/ATICIS용품 구매",물품,LHP,제22보병사단,202403291100,L8CFA,엔제이 주식회사,,정남정,01071441951,"강원특별자치도 동해시 동해대로5464, 2층 203-42호(평릉동)",88,20399500
1290,UMM0306,1,10778,***,(24F095-A) 제초관리 용역,용역,UMM,국군재정관리단,202403291100,IF360,주식회사 청원조경,,전민식,0438517676,충청북도 충주시 연원1길27 (연수동),87.995,129735113
4,UMM0302,1,10709,***,(24F067-I) 24년 음식물폐기물 위탁처리 용역(경기),용역,UMM,국군재정관리단,202403291100,L8982,사계절환경,,최원희,010-3299-6480,"경기도 안산시 단원구 광덕2로50-3, 316호 (초지동)",84.763,67363000
2,UMM0300,1,10705,***,(24F051-I) 지정폐기물 처리용역,용역,UMM,국군재정관리단,202403291100,EE5C4,(주)케이에스에너지,KSENERGY,김광수,0313171674,경기도 화성시 정남면 내향로240-55 (주)케이에스에너지,83.859,276660000
16,UMM0299,1,10700,***,(24F042-I) 24년 음식물류 폐기물 위탁처리 용역,용역,UMM,국군재정관리단,202403291100,L8AA7,오션환경,,김진태,010-9439-9299,경기도 광명시 범안로1035-0 (하안동),80.967,310730000
1206,UMM0296,1,10608,***,(24F084-A) 제초관리 용역,용역,UMM,국군재정관리단,202403291100,CF7BD,007조경(주),,채종길,0337340070,강원특별자치도 원주시 원문로 1764(문막읍),87.998,66014150
71,UMM0295,1,10606,***,(24F078-A) 조경관리용역,용역,UMM,국군재정관리단,202403291100,C8262,아슬라조경(주),ASLA,강선수,0313564452,경기도 화성시 마도면 두곡서길37 (2층),88.017,74487281
1115,UMM0294,1,10605,***,(24-F099-A)00사단 관리 제초 용역,용역,UMM,국군재정관리단,202403291100,IB6A8,(주)삼원조경건설,co.ltd.SAMWONlendscapeconstruction,신상문,0314291359,경기도 군포시 군포로516 (당동) 지층 (주) 삼원조경건설,87.995,67134130
1246,UMM0293,1,10604,***,(24F076-A) 제초관리용역,용역,UMM,국군재정관리단,202403291100,BCCBB,주식회사 에버그린,av,이순조,0548218007,경상북도 안동시 노하길61-7 (노하동),87.995,118583070
393,UMM0287,1,10373,***,24-F-마이크로폰 헤드셋 구매,물품,UMM,국군재정관리단,202403291100,E2037,해용정보통신주식회사,Hai Yung Communication,백다리아,0319714969,"경기도 고양시 일산동구 중산로 247306,307호 (중산동, 중산프라자)",82.996,209529678
4,UMM0285,1,10361,***,(247057-D)특수수술재료(1) 8종 구매,물품,UMM,국군재정관리단,202403291100,FCC88,수메디칼,SU Medical,김현미,01050833648,대전광역시 중구 목척1길21-0 (은행동),85.361,285231000
562,UMM0276,1,09298,***,24-D-인쇄재료 88종 구매,물품,UMM,국군재정관리단,202403291100,E6743,대전인재사,DAEJEONINJAESA,고인곤,0422228538,대전광역시 동구 선화로 212(),91.8,956032900
863,UMM0260,1,08770,***,"24-F-전동카트, 다목적용 구매",물품,UMM,국군재정관리단,202403291100,J3629,다감,,이주리,01057961325,"경기도 안산시 단원구 원선1로37, 103-201(원곡동)",87.997,43220890
1395,UMM0275,1,04982,***,24-F-자동 증류장치 구매,물품,UMM,국군재정관리단,202403291100,M7DF8,호서컴퍼니,,김하영,01092639570,"인천광역시 서구 서곶로45, 102동 1103호(가정동, 루원 린스트라우스 더 린시티)",87.995,123713020
15,UMM0270,1,04718,***,24-N-작업환경 측정 용역,용역,UMM,국군재정관리단,202403291100,I1A19,주식회사 이엔직업환경연구소,EN occupational environment lab,이신우,0518070201,부산광역시 부산진구 서면문화로47 (부전동) 6층,87.851,101120667
3266,UMM0263,1,03618,***,24-F-군견사료 2품목 구매,물품,UMM,국군재정관리단,202403291100,A47D9,주식회사 금석건설,Steel & Stone Incorporated,김경희,0332616716,강원특별자치도 춘천시 삭주로80번길25-13 (후평동),87.995,86654360
185,UMM0279,1,03189,***,24-N-00창 숲 정비용역(24H016-H),용역,UMM,국군재정관리단,202403291100,K6F7E,더숲조경 주식회사,,정진경,07077873215,"전라남도 순천시 별량면 덕정길66, 나동",88.009,300588220
1582,UMM0261,1,01908,***,24-F-철판 전단기 구매,물품,UMM,국군재정관리단,202403291100,L1531,주식회사 에프엔프레시,,김성열,07044973826,전북특별자치도 김제시 순동산단길216-0 (순동),82.996,260267380
1473,UMM0131,1,01889,***,24-N-환자관찰장치 이동형 1종 구매,물품,UMM,국군재정관리단,202403291100,F1280,주식회사 모든통상,modentrade,최광용,07073531610,"서울특별시 구로구 가마산로232 (구로동, 스페스큐브)",87.995,47813590
1104,UMM0254,1,01272,***,"24-F-청소기, 보도용, 트랙터탑재식 구매",물품,UMM,국군재정관리단,202403291100,J5ABD,이앤더블유글로벌,,남궁영,01047461563,경기도 의정부시 경의로70 (의정부동) 5층 5305호,82.995,564189800
536,MDG0097,1,10050,***,24년 의무장비(약품포장기 자동식) 구매,물품,MDG,국군의무사령부,202403291100,HD32D,신화상사,shinhwasangsa,모은희,01054318226,경기도 남양주시 별내면 청학로114번길34-0 (청학주공아파트) 706동 301호,94.695,34505700
1276,SFC0026,1,06827,***,의무장비(심전도계) 구매,물품,SFC,제9691부대,202403291030,I603B,에코아이엔티(ECHO INT),ECHO INT,이효정,01031169292,"인천광역시 중구 두미포로112, 117동 1층 103호(중산동, e편한세상 영종국제도시 오션하임)",87.995,37103020
1174,SCQ0032,1,11158,***,쇄석자갈 등 2종 구매,물품,SCQ,제9911부대,202403291030,M965B,카라반 토탈케어,,송인호,01026937498,경기도 용인시 처인구 이동읍 경기동로751번길129,88.005,29440039
11,SCN0060,2,09612,***,방제약품 스미치온 등 14종 구매,물품,SCN,제7001부대,202403291030,K99EE,주식회사 한성종합관리,,장재영,0555519905,경상남도 창원시 성산구 용지로77 (중앙동),88.058,22148787
433,HCM0027,1,11123,***,24-03-083 방우형 콘센트 등 22품목 구매,물품,HCM,공군교육사령부,202403291030,KF8E0,울산종합상사,,조주훈,01085574269,"경상남도 창원시 마산합포구 문화북1길13, 4층(중앙동1가)",88.002,16773540
7,MCC0002,1,11139,***,'24년 음식물쓰레기 처리용역,용역,MCC,제6293부대,202403291030,J9557,두미르환경,,김나경,01053897169,강원특별자치도 춘천시 동면 소양강로398-0,88.225,81856650
378,SFL0017,1,11116,***,공마대 등 41품목 구매,물품,SFL,제3283부대,202403291030,I3946,대박상사,daebak company,이미경,01099249903,"경상북도 포항시 북구 아치로87-2, 101동 605호 (우현동, 우현청구타운)",88.001,30692011
25,LNT0006,2,09846,***,'24년 입소신병 군장품 제조,물품,LNT,제28보병사단,202403291030,FAA2E,대성,,이수경,01022220291,경기도 포천시 호국로1354번길11 (어룡동),88.405,11340270
3,SFG0044,1,11036,***,24-K-유해환경근무자 건강검진 용역,용역,SFG,제9181부대,202403291030,IFDE4,다인병원,,황장회,03180141319,경기도 수원시 장안구 창룡대로159-0 (연무동),88.042,12877800
1971,LPF0038,1,11030,***,24년 1분기 전산운영용품 구매,물품,LPF,제51보병사단,202403291030,JFD5F,텐즈코리아,,노안숙,01091004969,경기도 의정부시 경의로70 (의정부동) 5층 5330호,88.004,24349661
19,SFD0026,2,09671,***,24-P-세탁기(통돌이 및 드럼)분해 세척 용역,용역,SFD,제9227부대,202403291030,B7401,선인크린텍,SUNINCLEANTEC,김성진,0547763400,"경상북도 경주시 알천북로353,1층",88.531,41432630
124,HDE0002,1,11147,***,24년 에어스포렉스 미화(청소)용역,용역,HDE,공군항공안전단,202403291030,LC156,클린제로,,김나영,010-8787-0941,"서울특별시 영등포구 양평로61, 444호(당산동5가, 유경빌딩)",88.965,16732455
4864,MCT0018,1,11165,***,배구부 훈련용품(유니폼 등 2종)구매,물품,MCT,국군체육부대,202403291030,HEDF1,성우약국,SUNGWOOPARMACHY,박명희,01071371454,서울특별시 영등포구 여의대로24 (여의도동) 전경련신축회관 지하 114-2호,88,17580360
1497,MCT0017,1,11166,***,야구부 훈련용품(로진 등 3종)구매,물품,MCT,국군체육부대,202403291030,H15D0,주식회사 이음,EEUM,전병욱,0222784433,서울특별시 서대문구 포방터2길24 (홍은동),93.913,5770000
257,MCT0016,1,11167,***,공기청정 필터 구매,물품,MCT,국군체육부대,202403291030,GE8BC,주식회사 건웅시스템(kunwoong Inc.),kunwoong Inc.,오덕수,070-5165-7800,강원특별자치도 원주시 장전길66 (태장동),88,6835990
59,HDR0001,1,06797,***,24-방공관제사-11(헤드셋 2종),물품,HDR,공군방공관제사령부,202403291030,B149C,주식회사 예스코(yesco),yesco electric co ltd,노연화,0325445544,"인천광역시 연수구 송도미래로30,이동1711호(송도스마트밸리지식산업센터)",88.006,90545330
79,HCM0026,1,11091,***,24-02-063 항온항습기 1품목 구매,물품,HCM,공군교육사령부,202403291030,M1EE5,스리컴퍼니,,홍예슬,07047112466,경상남도 양산시 상북면 양주마을1길20-6  2층,88.008,18867413
3,MCR0013,1,11065,***,안보과정 국내현장학습 버스임차 용역,용역,MCR,국방대학교,202403291030,CE1B5,주식회사 명성관광,MYEONGSUNGTOUR,김종국,0422527111,"대전광역시 서구 도안남로145, 201호 (관저동, 성광빌딩)",93.297,10800000
201,SFL0015,1,10872,***,포제명찰 제조납품,물품,SFL,제3283부대,202403291030,M36B6,금성,,김희정,01039176359,경상북도 칠곡군 왜관읍 3산업단지1길99-46,88.011,16185730
126,SFC0027,1,06828,***,의무장비(전치아동시촬영기) 구매,물품,SFC,제9691부대,202403291030,KD450,에이엔컴퍼니,,조아나,01052263164,"경기도 김포시 김포한강8로15 (마산동, 한강센트럴블루힐) 508-504",88.001,33012500
213,MDD0051,1,10186,***,"2024 의무장비(청력검사실 대형, 소형) 구매",물품,MDD,국군수도병원,202403281700,GEEAF,이스트트레이딩,EAST TRADING,이은혜,07077505818,"서울특별시 강서구 마곡중앙6로45, A동 6층 602-B10호(마곡동, 리더스퀘어마곡)",87.997,35453634
235,MDD0054,1,10202,***,2024 의무장비(약품포장기 자동식) 구매,물품,MDD,국군수도병원,202403281700,E3F34,주영메딕스,JUYOUNG  Medics,김정임,07089688070,"서울특별시 광진구 뚝섬로31길20-0 (자양동, 대동아파트)상가106호",95.421,10500000
348,MDD0053,1,10197,***,2024 의무장비(냉장고 혈액은행용 대형) 구매,물품,MDD,국군수도병원,202403281700,HE89F,주식회사 바른프린테크,myungboc&p,김연수,0264940791,"서울특별시 중구 퇴계로27길25, 305호(충무로3가, 청림빌딩)",87.996,15929040
194,MDD0052,1,10194,***,2024 의무장비(견인치료기 경요추용) 구매,물품,MDD,국군수도병원,202403281700,J1CDC,백제기업,,백진영,01074493999,"충청남도 천안시 동남구 청수로99-0 102동 1203호 (청수동,극동아파트)",88.017,15754000
3,MDD0055,1,10686,***,"2024 의무장비(병리조직환등기, 전침치료기) 구매",물품,MDD,국군수도병원,202403281400,L02B4,제이앤제이 이엔지,,노선영,0512911220,부산광역시 강서구 명지국제8로30-0 (명지동),95.088,2586317
2,LCM0014,1,07336,***,'24년 전투실험발전 세미나 수행 용역,용역,LCM,육군교육사령부,202403281300,C693D,(사)21세기군사연구소,Korea Research Institute of Military Affairs,김진욱,028423105,"서울특별시 금천구 가산디지털2로184, 10층 1017호(가산동, 벽산디지털밸리2차)",73.986,15500000
298,SCF0297,1,09594,***,(긴급)프리휠터 메디어 1종),물품,SCF,해군군수사령부,202403281300,ECF32,세종상사,,노정래,010-9384-8831,경상남도 창원시 진해구 여명로52 (여좌동),91.393,9768100
3,LDH0336,2,09092,***,통신 동력공급기 1종 구매,물품,LDH,육군종합정비창,202403281300,I5028,모아컴,MORECOM,이상주,031-8039-6060,서울특별시 송파구 양산로12 (거여동) 세신거여훼미리타운 303호,98.589,5047020
11,LDH0317,2,07641,***,K77지휘차 호스조립체 등 32품목 구매,물품,LDH,육군종합정비창,202403281300,I8C3F,원일종합상사,WONIL,김종화,051-802-7880,부산광역시 사상구 사상로51-0 (주례동),88.609,27622700
1,HDM0014,1,08686,***,24년 군 주거시설 개선방안 수립 연구용역 등 2건,용역,HDM,공군제17전투비행단,202403281100,G48D0,(주)에프오알엠도시건축공간연구소,FORMs Architects,권시형,07077164315,"서울특별시 송파구 법원로11길25-0, A동 1310호(문정동, 에이치비즈니스파크)",80.56,89100000
2472,LFK0023,1,10628,***,24년 취사피복 구매(수정),물품,LFK,육군종합군수학교,202403281100,J6CA5,원앤탑,,박부열,01022444618,"경기도 오산시 세마역로19번길13-1 , 3층(세교동)",88,27382129
47,UMM0250,1,07426,***,24-D-자운대 주거시설 싱크대 제조설치,물품,UMM,국군재정관리단,202403281100,EFEBF,주식회사 한성넥스,"Hansungnex Co., Ltd.",오세헌,0417344970,충청남도 논산시 광석면 사계로 196(한성넥스),88.022,256755400
4,LMU0017,1,10761,001,(24-급-010) `24년 부대조달 후식(마카롱 등 2종),물품,LMU,제7군수지원단,202403281100,FB947,동광푸드,DONG KWANG FOOD,이민숙,0334589972,강원특별자치도 철원군 김화읍 외골길33-41(가동),97.622,2995.86
258,LCF0028,1,10464,***,"볼트, 내부렌치형 등 50항목 구매(항공)",물품,LCF,육군군수사령부,202403281100,K6150,석산전자 주식회사,,진희영,031-458-1525,"경기도 의왕시 오전공업길22, 201호(오전동, 동영벤처스텔)",86.714,911782820
24,HCF0057,1,10395,***,군사경찰 행사복 2종 제조,물품,HCF,공군군수사령부,202403281030,ICB3C,성진에스앤에프 주식회사,,이성훈,07049424556,경기도 용인시 처인구 모현읍 백옥대로2101번길63-48,88.062,31104119
11,SCP0038,1,10849,***,24-동 일반폐기물 처리 용역,용역,SCP,제8385부대,202403281030,I6EEC,주식회사 이한산업,"leehan Co.,Ltd.",김원홍,0415412140,충청남도 아산시 선장면 삽교천로2-35,88.469,56019600
32,LNG0010,1,10477,***,전기안전관리 용역,용역,LNG,육군 제1군단,202403281030,I3EF6,경기전력주식회사,KGELEC,배용한,0316321973,경기도 이천시 부발읍 부흥로228번길197-0,88.141,26828758
1705,LNG0011,1,10737,***,안전물자세트 구매,물품,LNG,육군 제1군단,202403281030,I4278,인스미디어,INSMEDIA,윤인상,0315725718,"경기도 남양주시 덕송2로10번길3-90, 104호 (별내동)",88,26980110
16,LHN0014,1,10817,***,"(대보수-2,4,6) 재해예방 기술지도",용역,LHN,제7보병사단,202403281030,I579C,365건설안전 주식회사,,정정순,031-321-9685,경기도 용인시 처인구 성산로128-14 (역북동) 지하1층,88.029,2675900
67,SCK0037,1,10756,***,알루미늄 LED랜턴 등 42종 구매,물품,SCK,해군교육사령부,202403281030,I7559,주식회사도영디와이,doyoungdy,김미영,01062566970,경상남도 창원시 성산구 대암로32-7 (남양동),88.017,3390000
59,SFM0029,1,10719,***,취사방한조끼 등 5품목 제조,물품,SFM,제3170부대,202403281030,G17E4,주식회사 예감,YEGAM Inc.,강중원,07046171937,경기도 하남시 청뜰로5(풍산동),88.066,62117055
165,SFM0028,1,10306,***,에어샌더용 패드 등 359품목 구매,물품,SFM,제3170부대,202403281030,F0921,광장서점문구,Gwangjung bookstore,유원란,0542923877,경상북도 포항시 남구 오천읍 해병로301번길11-0,88.003,70012380
20,SFM0027,1,10293,***,24-S-02 폐목재 처리 용역,용역,SFM,제3170부대,202403281030,FB6F6,지씨테크(주),sungchang,우인석,0537190500,경상북도 경산시 남산면 서원천로40길8-21,88.062,29797330
38,SCN0062,1,10695,***,24-진-11 00전대 시설건설대 건설폐기물처리용역,용역,SCN,제7001부대,202403281030,B8B4A,주식회사 삼우리콘산업,samwoo recon co. Ltd,양진수,0552943330,"경상남도 창원시 의창구 창원대로397번길 34, 정우파티마빌딩 7층(팔용동)",88.042,8844000
353,SFG0043,1,10513,***,인화지 등 98품목 구매,물품,SFG,제9181부대,202403281030,F6122,프라임테크,prime tech,전진국,0313653006,"경기도 시흥시 마유로226, C동 503호 (정왕동, 파인힐 오피스텔)",97.521,24888000
32,SCK0036,1,10626,***,24-00사 품질개선 명찰(클립형) 제조,물품,SCK,해군교육사령부,202403281030,EB03E,레망유니폼,lemang unirorm,고봉수,0647572828,제주특별자치도 제주시 중앙로178-0 (이도일동),88.267,81014450
392,SCF0292,1,10666,***,"등,연장형[LED 만함등] 1종 구매",물품,SCF,해군군수사령부,202403281030,E316F,(주)보성중공업,"Bosung Heavy Industry Co., Ltd.",이현진,0438383355,충청북도 진천군 초평면 구정로365-0,83.029,212142560
383,SCF0290,1,10643,***,"패킹,성형식 등 16종 구매",물품,SCF,해군군수사령부,202403281030,D5F9F,에스와이테크,sytech,정미경,055-296-0229,경상남도 창원시 의창구 팔용로 355(),88.112,106144990
3,SCF0282,1,10260,003,공업용가스 5종 구매,물품,SCF,해군군수사령부,202403281030,BB99F,주식회사그린산업가스,Green Industrial Gas,전지석,0556487576,경상남도 통영시 도산면 도산일주로 138(),99.83,109000
8,SCF0282,1,10260,002,공업용가스 5종 구매,물품,SCF,해군군수사령부,202403281030,G48E9,주식회사 가스원,"GAS ONE Co.,Ltd.",정명수,0547777812,경상북도 경주시 내외로390-21 (외동읍),92.797,15519
7,SCF0282,1,10260,001,공업용가스 5종 구매,물품,SCF,해군군수사령부,202403281030,KF166,코스코 종합가스,,신일규,0553361262,경상남도 김해시 생림면 마사로50-0,88.158,110.33
545,SCF0289,1,09822,***,"(긴급)판,금속제 등 27종",물품,SCF,해군군수사령부,202403281030,F3F28,동진기업,DONG JIN,정성용,0513100938,부산광역시 사상구 낙동대로910 (감전동) C-301호,88.077,29628850
801,SCF0288,1,09758,***,"(긴급) 냉각기 유니트, 공기식 등 132종",물품,SCF,해군군수사령부,202403281030,GC2CC,이엔에스(E&S),e,이상서,01053663576,"강원특별자치도 춘천시 춘천로220-0 (효자동)3층, 1소",87.995,155010530
5095,SCF0286,1,09755,***,"(긴급) 작동기, 유압식-공기식, 회전형 등 3종",물품,SCF,해군군수사령부,202403281030,L11F8,카앤피플 창원진해구 믿음점,,허경식,01035767621,경상남도 창원시 진해구 돌리로1-5 (석동) 503호,87.995,32271527
439,SCF0285,1,09746,***,"(긴급) 미케니칼 씰, 고정식 등 72종",물품,SCF,해군군수사령부,202403281030,JE49D,동이유통,,차민정,01080030942,"경기도 수원시 권선구 세권로36번길17 (세류동, 수원 권선 데시앙) 102동 6층 2호",87.996,61939450
602,SCF0299,1,08126,***,단일 실린더 등 3종 구매,물품,SCF,해군군수사령부,202403281030,M93A8,제니와상점,,한윤진,01036099189,"경기도 오산시 수청로142, 1001동 1101호(금암동, 죽미마을 휴먼시아아파트)",87.995,37826111
620,SCF0294,1,07819,***,실리카 섬유포직 등 4품목 / 구매,물품,SCF,해군군수사령부,202403281030,J77DF,이동유통,,최민지,01085486442,"경상남도 창원시 의창구 남산로20 (팔용동, 벽산블루밍아파트C단지) 302-105",87.995,62223630
392,SCF0296,1,07806,***,"기억장치, 데이터 저장용 1품목 구매",물품,SCF,해군군수사령부,202403281030,J6660,주식회사 엠제이엠,,김무진,0535628476,대구광역시 서구 새방로29길6-17 (상리동),88.025,13214300
916,SCF0298,1,07366,***,상용헤드셋변환기 등 3종 구매,물품,SCF,해군군수사령부,202403281030,K7E85,수호유통,,은종현,01033354686,인천광역시 서구 매밭로130-0 (당하동) 1004동 301호,87.995,44951140
876,SCF0287,1,06152,***,디스플레이 유닛 등 9EA 구매,물품,SCF,해군군수사령부,202403281030,K4571,수종합상사,,김유진,01090684696,"서울특별시 도봉구 도봉로642-30, 102동 701호",87.995,92018710
637,SCF0283,1,05362,***,"송신기군,습도-온도 측정용 6EA 구매",물품,SCF,해군군수사령부,202403281030,KF212,제이엠프로덕션,,최정민,010-3233-7037,"경기도 부천시 도약로81, 2125동 903호(상동)",87.999,12309380
9,SCF0291,1,04980,***,'24년 잠수함 위생 및 오수탱크 청소/도장 용역,용역,SCF,해군군수사령부,202403281030,H18F0,주식회사 에스마린,"S Marine Co., Ltd.",김석대,0512929697,부산광역시 사하구 감천항로454-0 (다대동),88.212,44100000
42,SCF0142,2,02664,***,전원공급기 무정전식 2EA 구매,물품,SCF,해군군수사령부,202403281030,M0B96,주식회사 위리더스,,최연진,01020564264,경기도 평택시 고덕면 도시지원1길16 고덕비즈타워 608 609 627호,92.238,1858200
333,MDS0005,1,10825,***,707체계 수리부속 구매,물품,MDS,제3707부대,202403281030,M0C2D,행운여신,,박은영,01089318329,"서울특별시 강서구 양천로94-0 (방화동) 202동, C-125호",88.018,22496190
833,LQG0031,1,10855,***,00훈련대 제초용역,용역,LQG,육군 52보병사단,202403281030,M7FD4,주식회사 호민조경,,최혜민,0312821405,"경기도 용인시 기흥구 갈곡로12번길18, 103호(구갈동)",87.746,26147607
413,LQG0030,1,10851,***,"00부대 동원, 예비군훈련장 방제용역",용역,LQG,육군 52보병사단,202403281030,D6AFB,한신개발공사,hanshin,유명화,032-864-6407,인천광역시 미추홀구 인하로119번길38-0 (용현동),87.748,14440800
26,LMH0023,1,10651,***,24년 토양오염도 검사용역(C025),용역,LMH,제7군단,202403281030,EF1A8,(재) 국토환경연구소,TEI,주병한,0632771770,"전북특별자치도 전주시 덕진구 만성북로47-0, 만성유타워2층 206호(만성동)",87.781,33805000
954,LKF0012,1,10640,***,24년 제초용역,용역,LKF,제6755부대,202403281030,05205,대아이앤씨 주식회사,DAEA Engineering & Construction Inc.,김연숙,0517215203,"부산광역시 해운대구 센텀중앙로97, 에이동 3202호(재송동, 센텀스카이비즈)",88.001,224561290
41,LDC0006,1,09815,***,교전훈련장비 수리부속 구매(24-9차),물품,LDC,육군과학화전투훈련단,202403281030,K2119,주식회사제이케이컴퍼니,,오재국,01075986715,강원특별자치도 동해시 동해대로5464-0 (평릉동)2층 203-35호,88.076,86750250
3,UAB0021,1,10065,***,'24년 서귀포호텔 물탱크청소 위탁관리 용역,용역,UAB,국군복지단,202403271700,K45B6,주식회사 청아,,정민호,0647117924,"제주특별자치도 제주시 제원1길5-0 (연동), 지하1층",89.826,1937940
3,UAB0022,1,10073,***,'24년 대천콘도 물탱크청소 위탁관리 용역,용역,UAB,국군복지단,202403271700,ECAB5,보령위생방역,,양창용,0419349317,충청남도 보령시 봉산4길 38-17(),88.724,2797600
2,MHD0016,1,03250,***,2024년 방위사업청 외국어교실 위탁교육,용역,MHD,방위사업청(운영지원과),202403271500,G8BEF,브랜트옥스폰 주식회사,Brent Oxphone,이세일,028712152,서울특별시 서초구 서초중앙로22길113 (서초동1638-8) 성주빌딩,,159167250
15,HDN0015,2,09395,***,24-내진성능평가 용역,용역,HDN,공군제18전투비행단,202403271300,A4835,주식회사 동서엔지니어링,DONGSEO Engineering,이익상,024091230,강원특별자치도 춘천시 후석로44 (석사동) 3층,87.792,85636000
225,HCS0006,1,10339,***,'24년 활주로와 라인 내 일반지역 및 남지 제초용역,용역,HCS,제3훈련비행단,202403271100,C35FF,주식회사 금산조경,kumsan,고재성,0552627390,"경상남도 창원시 성산구 용지로96, 1123호(중앙동, 하이페르오피스텔)",87.755,175965290
9,LHM0030,1,10038,***,24년 위험물취급자 안전장구 물품구매,물품,LHM,제15보병사단,202403271100,HDAEB,영진,youngjin,김이숙,033-442-9205,강원특별자치도 화천군 사내면 포화로1051-0,96.279,4700000
119,HCL0022,1,10830,***,24-073 패러글라이더(초급기) 6대,물품,HCL,공군사관학교,202403271100,HC7F1,씨에스시스템,"CSSYSTEM.CO.,",최상철,07078350178,"부산광역시 북구 함박봉로140번길16-0 (만덕동, 상록한신휴플러스아파트), 208동 1204호",88.004,29566450
121,LCH0023,1,10551,***,00부대 UPS배터리 교체(특-24-대-3),물품,LCH,특수전사령부,202403271100,HC998,대성전력 주식회사,"DaeSung Electric Power Co.,Ltd",김대희,0312962238,경기도 화성시 안녕길21-8 (안녕동),88,87469700
12,HDQ0027,1,10509,***,24-보드테스터 유지보수 용역,용역,HDQ,제20전투비행단,202403271100,IF172,주식회사 코테스,,고기종,0432357292,충청북도 청주시 흥덕구 비하로59-2 (비하동),88.24,37270000
14,LMP0011,2,10169,***,24년 실내공기질 측정 용역,용역,LMP,제3보병사단,202403271100,E5A6A,(주) 에코엔비텍,Eco Environmental Technology,연정탁,0337655011,강원특별자치도 원주시 흥업면 북원로 1389 연세대학교 원주환경친화기술센터 302호(),88.165,10546500
5698,LGP0079,1,10273,***,24년 식자재 재포장 재료 구매,물품,LGP,제1군수지원사령부,202403271100,M4B12,바디닥터 평택지제점,,임보라,01025759774,"경기도 평택시 경기대로1200, 506동 103호(이충동, 우미이노스빌(아))",88,44235178
21,UMM0264,1,06399,***,24-D-00부대 조경관리 용역,용역,UMM,국군재정관리단,202403271100,H8346,주식회사 위더스엠엔씨,"withus management and consulting co.,ltd.",강은지,024691585,"서울특별시 동대문구 황물로103, 312호 (답십리동, 킹스타빌딩)",88.002,107254940
1170,UMM0251,1,06321,***,24-F-자동소화장치 4종 구매,물품,UMM,국군재정관리단,202403271100,M3E26,이서산업,,박서이,01075727570,"인천광역시 미추홀구 아암대로29번길13, 103동 1804호(용현동, 용현대우아파트)",87.995,68934250
23,UMM0268,1,06303,***,(246083-E) 하계 행사복 등 11종 제조,물품,UMM,국군재정관리단,202403271100,K6B8E,섬진실업,,조용만,07047000072,"경기도 부천시 원미구 옥산로162번길56, 지층(도당동)",97.286,182180000
482,UMM0265,1,06278,***,(247028-E) 극초단파시료전처리기 구매,물품,UMM,국군재정관리단,202403271100,KC537,레오,,최민희,01033526622,"대구광역시 달서구 서당로7길8, 1층 1층 동북편(신당동)",88.002,72166377
518,UMM0267,1,06116,***,(247075-E) 정밀측정장비(고주파신호발생기) 구매,물품,UMM,국군재정관리단,202403271100,3385F,대길상사,Dae Kil Co,김지영,029040595,"서울특별시 동대문구 고미술로 100, 송화빌딩 303호(답십리동)",91.948,110990000
361,UAC0009,1,09268,***,맞춤용지 연간 구매(재경지원반),물품,UAC,국방출판지원단,202403271100,FFA16,주식회사굿페이퍼,good paper corporation,박미화,0426278335,대전광역시 동구 태전로56-14 (삼성동),89.271,38800000
142,LKG0022,1,09860,***,24년 5~6월 부대계약(일반품목),물품,LKG,육군제53보병사단,202403271100,KEE47,주식회사 삼마기업,,이가은,01025192334,"서울특별시 마포구 월드컵로34길6, 1동 14층 1406호(성산동,태림센트윈2차)",83.012,2061139244
613,LCF0026,1,02707,***,모기향 등 4항목 구매(의무),물품,LCF,육군군수사령부,202403271100,M4197,주식회사 넥스트젠,,이창규,01024266065,"경기도 안산시 단원구 원선로50, 101동 12층 5호 101-1205(원곡동, 벽산블루밍아파트)",88.093,29219040
219,HCF0053,1,02990,***,(의무장비) 간섭파치료기등 3종,물품,HCF,공군군수사령부,202403271030,GD2FE,영진글로벌,youngjin global,윤근영,01089941150,"경기도 광명시 하안로284, 1209동 13층 04호(하안동, 하안12단지고층주공아파트)",87.996,41502258
78,SCN0061,1,10457,***,24-진-29 00아파트 및 00숙소 저수조 청소용역,용역,SCN,제7001부대,202403271030,G6654,마스터크린시스템 창원지사,마스터크린시스템 창원지사,김상열,055-288-2588,"경상남도 창원시 진해구 용원동로259, 104호(용원동, 연지빌)",88.06,23567100
13,LNF0006,1,10437,***,24년 실내공기질 측정 용역,용역,LNF,제1보병사단,202403271030,F4249,주식회사엔플러스이,"NPLUSE Co.,  Ltd.",윤수정,16615451,"경기도 남양주시 경춘로1995, 2층(화도읍)",88,16419200
10,LHN0012,1,08968,***,00부대 00철거 후 신축 소각폐기물 처리용역(1007-1),용역,LHN,제7보병사단,202403271030,I6EEC,주식회사 이한산업,"leehan Co.,Ltd.",김원홍,0415412140,충청남도 아산시 선장면 삽교천로2-35,88.072,39969646
32,LHN0011,1,10355,***,23-신영-14 00부대 옹벽신축(건설폐기물),용역,LHN,제7보병사단,202403271030,B7044,(주)양지산업,YANGGIIndustrial,김두기,0336711592,강원특별자치도 양양군 현남면 지경길9-39,88.161,61847980
40,SFD0029,1,10521,***,24-P-육성지원사업 조경관리 용역,용역,SFD,제9227부대,202403271030,J1D10,주식회사 청암조경,,권중호,0542518820,경상북도 포항시 북구 법원로116번길42-0 (장성동) 110호,88.013,30285680
15,SFD0028,1,10516,***,24-P-저수조 청소용역,용역,SFD,제9227부대,202403271030,E79A8,주현개발,juhyun development,김주현,070-8981-9002,"경상북도 포항시 북구 흥해읍 남미질로21,103호",88.192,12460090
2,SFD0027,1,10511,***,24-P-LPG 재검사 용역,용역,SFD,제9227부대,202403271030,BF6F9,중원엔지니어링(주),"JOONGWON ENGINEERING CO. LTD.,",김종순,0438557556,충청북도 충주시 금가면 충원대로 1465(),93.237,2750000
5,LHN0013,1,10510,***,"(대보수-2,5) 재해예방 기술지도(전기)",용역,LHN,제7보병사단,202403271030,LC5C9,(주)베스트산업안전,,송승락,0323308859,인천광역시 부평구 길주로505-0 (청천동) 2층,88.845,1516090
2,MCS0044,1,10492,***,24-27 공사감독 업무수행용 차량 임차용역,용역,MCS,국방부계룡대근무지원단,202403271030,LD1F4,고릴라렌트카주식회사,,송경훈,031-925-8841,경기도 고양시 일산서구 중앙로1406-0 (주엽동) 한솔코아 507호,98.016,32832000
4,MCS0045,1,10505,***,24-27 3병영식당 식기세척기 임차용역,용역,MCS,국방부계룡대근무지원단,202403271030,K926B,에이포하우스 주식회사,"A4 House Co., Ltd.",김홍민,07048015533,서울특별시 성동구 성수일로77-0 (성수동1가) 서울숲IT밸리 15층 1509호,88.604,17082350
20,LQP0026,1,10448,***,24년 수질검사(오수처리시설/비점오염저감시설) 용역,용역,LQP,제1891부대,202403271030,I6156,동명생명과학원 주식회사,Dongmyeong Life Sciences Inc,민석진,0623511005,"전라남도 담양군 담양읍 삼거리길11,2층",88.053,12902000
94,SCI0036,1,08129,***,연결상자 1종 구매,물품,SCI,제9121부대,202403271030,JCFB8,이트렌드,,이정배,07047890055,"경상남도 창원시 성산구 원이대로580번길3, 3층 346호(중앙동, GS25 용지점)",88.006,34369837
1961,LBA0031,1,10366,***,'24년 1분기 전산운영용품 구매,물품,LBA,제 2167부대,202403271030,G763A,주식회사 유니온산업개발,tae kwang,황태영,07050145430,"경기도 김포시 봉화로13, 5층 (사우동) 0",88,21128280
46,LDA0006,1,10382,***,24년 전반기 디지털 인쇄재료 구매,물품,LDA,지상작전사령부,202403271030,GC899,서현상사,seohyun sangsa,여재희,01089859964,"경기도 용인시 수지구 광교마을로11, 4507동 801호(상현동, 광교마을 45단지)",88.003,87825700
84,MDE0002,1,10377,***,00부대 기계설비 성능점검 용역,용역,MDE,제3공수특전여단,202403271030,M1A57,(주)에이원건설,,박현숙,0312666601,경기도 용인시 수지구 이종무로8-0 (고기동),88.002,29289980
424,LGT0024,1,10360,***,'24-1차 안전보호물자 세트 구매(24-GP-10),물품,LGT,제2307부대,202403271030,C5486,주식회사삼광전기,samgwang electric,성광용,0334828555,강원특별자치도 양구군 국토정중앙면 정중앙로548,88.013,29937938
19,SCF0279,1,10283,***,24-보-구서구충 방제 용역,용역,SCF,해군군수사령부,202403271030,I6F3F,주식회사 크린코리아,clean korea,장대기,0552940035,경상남도 창원시 마산회원구 양덕천길78-0 (양덕동),88.518,1185920
82,SCI0034,1,10272,***,"벨트, V형 등 4종 구매",물품,SCI,제9121부대,202403271030,M1E67,일용상사,,권윤주,010-4611-6464,경상남도 창원시 의창구 북면 동곡로35-0 (창원무동휴먼빌아파트(2단지)) 205-804,88,6152947
101,SCI0033,1,10246,***,브러시 등 14종 구매,물품,SCI,제9121부대,202403271030,C1500,세현종합상사,,황정욱,055-543-3391,경상남도 창원시 진해구 여명로 6(),88.001,11120000
15,LQG0029,1,10565,***,00부대 개발제한구역 관리계획 수립 용역,용역,LQG,육군 52보병사단,202403271030,J6F63,주식회사 이림이엔씨,,박지아,0339100667,"강원특별자치도 춘천시 시청길24 (조양동) 6-164번지 외2필지(6-6,6-103)",88.04,61722500
4,LPF0036,1,09897,***,24년 지역예비군부대 사무기기 유지보수,용역,LPF,제51보병사단,202403271030,E1147,다올정보,Daol information,최주훈,031-296-3668,경기도 수원시 권선구 매곡로108-0 (금곡동) 다올정보,88.454,28845000
119,SCI0035,1,10301,***,"양극, 부식방지용 등 8종 구매",물품,SCI,제9121부대,202403271030,LD02B,대연상사,,맹인재,07070047722,경상남도 창원시 진해구 용재로29번길5-15 (용원동) 301호,88.047,18692400
27,LGP0078,1,10195,***,'24년 정기 토양오염도 검사 용역,용역,LGP,제1군수지원사령부,202403271030,H69B0,재단법인 경기환경과학연구원,gyeonggi research institute of environmental sciences,여인홍,0316990131,"경기도 하남시 하남대로947, 씨동 1410호(풍산동, 하남테크노밸리유1센터)",88.18,10728000
181,LKT0030,1,10238,***,"24-2차 정보통신운영(전산, 기타용품) 구매",물품,LKT,제1989부대,202403271030,LD811,라임,,강정구,01082038844,광주광역시 광산구 여대길290-0 (산정동)116동 202호,88.002,20066282
414,SFN0030,1,10527,***,복사용지 등 255종 구매 납품,물품,SFN,연평부대,202403271030,F4193,(주)아성넷,A Sung Net,조학수,0324224200,"인천광역시 남동구 구월로159-0 (간석동, 원빌딩) 501호",87.996,122211500
3,SCF0281,1,10191,***,'24년 함정 상가대 외주정비(2개소),물품,SCF,해군군수사령부,202403271030,B63EB,주식회사종합해사,JONGHAP MARITIME INC.,정규화,0514137701,부산광역시 영도구 남항남로22-0 (남항동3가),84.079,499510000
2,LMH0022,1,10239,***,군 주거시설 관리용역(C020),용역,LMH,제7군단,202403271030,F52B9,공우이엔씨 주식회사,KONGWOO ENC Corporation,이한기,0262760252,"서울특별시 영등포구 여의대방로43라길6-0 (신길동, 신길프라자3층)",95.816,7734970000
28,LDG0022,1,10354,***,24년도 벌목 설계 용역,용역,LDG,육군 탄약지원사령부,202403271030,I567C,산림기술사사무소 바우,,김재헌,0317716829,"경기도 여주시 현암로13, 2층 233호(현암동, 하우비즈)",87.774,15897420
27,HCF0060,1,10467,***,군사경찰 완장 등 4종 제조,물품,HCF,공군군수사령부,202403271030,LDE68,주식회사 세윤,,김영숙,0314951302,"경기도 안산시 단원구 산단로107, 6층 622호(원시동, 서흥테크노밸리)",88.021,22807200
38,HCF0049,1,10241,***,공군 휘장 제조,물품,HCF,공군군수사령부,202403271030,GF281,사단법인 대한민국공무원 공상유공자회,Korea Disabled Official Organization,김순재,027610600,"서울특별시 영등포구 국회대로750, 11층 1106호 (여의도동, 금산빌딩)",88.094,42803000
189,HCF0056,1,02995,***,(의무장비) 청력검사실,물품,HCF,공군군수사령부,202403271030,GD9F7,한경,han kyong,한경진,02-575-5040,서울특별시 영등포구 양산로7길3-0 (양평동3가)우림보보카운티오피스텔902호,88.005,44140930
1355,HCF0055,1,02993,***,(의무장비) 안압계 비접촉식,물품,HCF,공군군수사령부,202403271030,JB276,아아컴퍼니,,송지헌,01053542689,"경기도 광주시 문화로101번길9 (경안동, 경안대우아파트) 104-102",87.996,35186800
225,HCF0054,1,02991,***,(의무장비) 냉장고 의약용품 중형,물품,HCF,공군군수사령부,202403271030,IF0BE,차이,,홍지유,01073643530,"대구광역시 중구 공평로59, 1충(공평동, 우원빌딩)",88.011,40341872
2,EBB0013,1,6704,***,연료펌프류,물품,EBB,지상공통전력운영계약팀,202403261400,4001F,덕인산업,,장남인,055-385-1151,경상남도 양산시 유산공단3길33-0 (교동),84.864,1866740000
49,HCG0004,1,09158,***,발간재료(디지털인쇄기 부품 및 소모품 등 6종) 구매,물품,HCG,공군본부,202403261400,ID2CE,주식회사 월성,,이희석,07044539559,충청남도 계룡시 엄사면 번영3길91-0 (대동황토방아파트)제상가동 205호,88.017,17233700
4,LDH0279,2,06207,***,발칸 신속분리식 핀 등 22종 구매,물품,LDH,육군종합정비창,202403261300,M0932,다연테크,,홍다연,010-7207-3737,"부산광역시 부산진구 동평로218, 104동 8층 802호(부암동, 일동미라주 아파트)",88.55,7171019
2,LDH0340,1,09329,***,24년 전반기 정비장비 예비부품 구매(전산소모품),물품,LDH,육군종합정비창,202403261300,F7B26,클린톤전자,clean-tone electronics,김미화,027196779,서울특별시 용산구 원효로41가길17-0 (원효로3가),99.084,7028000
6,LDH0339,1,09323,***,24년 전반기 정비장비 예비부품 구매(통신장비류),물품,LDH,육군종합정비창,202403261300,LB8BE,승현물산,,유승현,010-8181-3657,"경상남도 창원시 진해구 냉천로88, 106동 103호(자은동, 대동빌라트)",88.197,43011200
4,LDH0307,2,07260,***,K21오링 등 26종 구매,물품,LDH,육군종합정비창,202403261300,G989D,금성특수산업,GoldStar Special Lnd,김진봉,051-313-8822,부산광역시 사상구 광장로34 금성특수산업,88.746,3739900
9,LDH0271,2,06758,***,K1전차 호스 등 3종 구매,물품,LDH,육군종합정비창,202403261300,I8C3F,원일종합상사,WONIL,김종화,051-802-7880,부산광역시 사상구 사상로51-0 (주례동),88.558,2528900
5,LDH0268,2,06748,***,K1전차 증폭기 구매,물품,LDH,육군종합정비창,202403261300,4759F,서광전자,seokwang electronic co.ltd,오복룡,055-541-0071,경상남도 창원시 진해구 이동로69번길 12(),88.625,32518200
4,LDH0285,2,06251,***,발칸 차폐장치 등 22종 구매,물품,LDH,육군종합정비창,202403261300,M0932,다연테크,,홍다연,010-7207-3737,"부산광역시 부산진구 동평로218, 104동 8층 802호(부암동, 일동미라주 아파트)",88.097,7864899
27,LCP0024,1,10171,***,'24년 육군제8971부대 외주정비 원가검증 용역,용역,LCP,육군항공사령부,202403261130,GE4E4,사단법인 한국경제혁신연구원,Korea Institute of Economic Innovation,박기동,0517820751,"부산광역시 해운대구 센텀동로99-0  701호(재송동, 벽산 e-센텀 클래스원)",88.068,12833836
46,LCP0023,1,10135,***,'24년 소방시설 종합점검 용역,용역,LCP,육군항공사령부,202403261130,IEAAF,한국원펙 주식회사,,류진환,0316186119,"경기도 평택시 조개터로6번길4, 2층(합정동)",88.062,19706400
1333,LCP0026,1,10176,***,산불진화 개인보호물자 구매,물품,LCP,육군항공사령부,202403261130,KDE5E,은앤수 주식회사,,박은영,01090840521,"충청남도 천안시 서북구 두정로117 (두정동), 205-27호(퓨전리더스주차빌딩)",88.002,9976220
20,LCP0025,1,10175,***,'24년 병영문화 예술체험 교육용역(사진),용역,LCP,육군항공사령부,202403261130,DEF7D,매홀,NAMEKOREA,윤대진,031-296-0137,"경기도 수원시 권선구 호매실로90번길24, 605,606호(호매실동, 프리마비즈타워)",96.713,11000000
1349,LCF0024,1,02236,***,"비닐봉투, 지퍼형(소) 등 12항목 구매(물자)",물품,LCF,육군군수사령부,202403261100,L42D9,엠케이라벨,,손철용,01071693975,"경기도 파주시 가람로116번길107, 지하층 비101호(와동동, 운정한강듀클래스)",87.997,27416560
3,MBB0001,1,10124,***,전지단 교육생생활관 증축 및 개수 선행연구용역 계약,용역,MBB,육군전투지휘훈련단,202403261100,DDCBC,(유)현대산업정보연구원,hiir,김명자,07078051913,"대전광역시 유성구 계룡로132번길10, 406호(봉명동, 도안센트럴프라자)",89.148,39467000
13,LFK0021,1,10003,***,24년 2분기 조리병 실습재료 구매,물품,LFK,육군종합군수학교,202403261100,LCF43,선진유통,,오승임,0426226897,대전광역시 대덕구 동춘당로52번길14-0 (송촌동) 1층,90.076,25378620
11,EBBE002,1,1411M,***,윈치조립체 수리부속,물품,EBB,지상공통전력운영계약팀,202403261100,JBCA9,시앤에스테크,,최재식,0513130420,부산광역시 사상구 학감대로252번길68-0 (주례동),88.011,46691260
114,MCN0011,1,10110,***,국방부 등 8개소 유리창 청소 용역,용역,MCN,국방부근무지원단,202403261100,K1760,주식회사 정윤이앤지,,이민정,01038125073,경기도 고양시 덕양구 향동로128 (향동동) DMC스타비즈 511호,88.007,31045436
1410,LPM0004,1,09997,***,24-1차 전산운영용품 외 2건,물품,LPM,제9보병사단사령부,202403261100,JCA82,태형상사주식회사,,원동민,07088880132,"경기도 김포시 김포한강3로237번길16, (장기동, 314호)",88,33568890
291,UMM0252,1,09581,***,24-M-브리핑체계 교체사업(리스물건),물품,UMM,국군재정관리단,202403261100,08057,주식회사 성보,SungBo,김길원,0319112300,"경기도 고양시 일산동구 고봉로 26-14, 양우로데오랜드 A동 304호(장항동)",83.002,401034000
4,UMM0238,1,05574,***,24-N-유해환경근무자 특수검진 용역,용역,UMM,국군재정관리단,202403261100,E27B2,(사)대한산업보건협회 부산지역본부,Korea Industrial Health Association,백헌기,0515086088,부산광역시 금정구 중앙대로 2139(),83.164,510250000
6,UMM0255,1,04110,***,(24F065-A) 유류중대 급유시설민간위탁기술검사용역,용역,UMM,국군재정관리단,202403261100,A3833,(주)대진방재,daejin,임영묵,0415718119,충청남도 천안시 동남구 봉서6길8 (봉명동),85.713,266409000
3612,UMM0249,1,02943,***,(246029-F) 나프탈렌 구매,물품,UMM,국군재정관리단,202403261100,K5170,단풍리테일,,이정민,01045859379,"경기도 화성시 동탄순환대로20길45, 2135동 401호(목동, 동탄 금강펜테리움 센트럴파크Ⅳ)",87.995,103506914
17,LNS0029,1,10105,***,24년 과학화훈련대 영상모의사격장비 유지ㆍ보수 용역,용역,LNS,제55보병사단,202403261100,J0300,주식회사 한국방재기술단,,정민규,025043824,"경기도 과천시 별양상가로7, 502호(별양동)",88.635,204744620
2,LCG0019,1,07265,***,[24-육-42] 군종영상 교재 제작,용역,LCG,육군본부,202403261100,D8D03,주식회사 단군픽쳐스,,조상환,027146320,"서울특별시 강서구 금낭화로51, 3층(방화동)",60.265,16500000
5872,LCF0025,1,07506,***,무릎보호대 등 3항목 구매(물자),물품,LCF,육군군수사령부,202403261100,J6B27,정일컴퍼니,,서현일,0325151036,"인천광역시 남동구 용천로105번길8, 101동 1102호(구월동, 한화포레나 인천구월)",87.995,43876000
3,HCF0048,1,10208,***,[시동용 발전기 부품]제어장치 판넬 등 7종 제조,물품,HCF,공군군수사령부,202403261030,CD9C9,창진ENG(주),CHANG JIN ENG,김경익,0553649963,경상남도 양산시 상북면 석계산단3길59-0,90.974,1133156000
89,SDF0038,1,10203,***,나혼자만 레벨업 등 119종,물품,SDF,제5738부대,202403261030,H7072,그린서점·문구,greenbook.mungu,이재혁,0542476151,"경상북도 포항시 북구 삼호로472, 101호(환호동, 환호해맞이그린빌단지내1층상가)",90,2706160
21,SCP0037,1,10198,***,24-0함대 소방시설 종합점검 용역,용역,SCP,제8385부대,202403261030,K0A27,우리방재 주식회사,,성명진,0333744119,강원특별자치도 영월군 영월읍 단종로28,88.367,21772000
17,LNS0026,1,10089,***,24년 과학화훈련대 관제장비 유지ㆍ보수 용역,용역,LNS,제55보병사단,202403261030,IAC8B,주식회사 다경테크,dakyung tech,박현승,0319890507,"경기도 김포시 태장로795번길23, 608호(장기동)",90.084,29657000
12,SCL0021,1,10095,***,'24년 폐합성(폐목재)처리용역,용역,SCL,해군사관학교,202403261030,K8A33,주식회사 아시아그린,,장정현,0559929814,경상남도 함안군 군북면 현포로152-0,88.246,6956494
19,LNS0027,1,10093,***,24년 과학화훈련대 과학화체계 유지ㆍ보수 용역,용역,LNS,제55보병사단,202403261030,IAC8B,주식회사 다경테크,dakyung tech,박현승,0319890507,"경기도 김포시 태장로795번길23, 608호(장기동)",88.057,61874740
40,SCL0020,1,10075,***,'24-00학교 물탱크 청소용역,용역,SCL,해군사관학교,202403261030,EF2DF,주식회사 우영환경,"woo young environment Co.,Ltd.",김계월,0555431946,경상남도 창원시 마산합포구 진동면 교동1길13-13,88.01,15196390
41,SCK0035,1,10006,***,24-00사 물탱크 청소 용역,용역,SCK,해군교육사령부,202403261030,JEBDC,그린필드 주식회사,,노영오,0552765819,경상남도 창원시 성산구 외동반림로282번길21(용호동),88.043,33454203
469,LNT0007,1,10027,***,상병 건강검진시약 구매,물품,LNT,제28보병사단,202403261030,L9D1B,주식회사 에스엠플래닛,,조현선,05056887272,"경기도 성남시 수정구 창업로43-0 (시흥동)1층, 글로벌비즈니스센터",88.004,14757562
500,LMH0021,1,10033,***,‘24년 시설유지관리(제초관리) 용역,용역,LMH,제7군단,202403261030,AFA97,태림농원,taelimplantation,최계림,025027855,경기도 과천시 관문로166 (중앙동) 10단지복합상가B-2,88.001,36678720
2,SCH0041,1,10134,***,24-퇴역함정(고속정) 1척 오물소제용역,용역,SCH,해군작전사령부,202403261030,I4624,(주)청해환경,cheong hae,허준도,0514182272,부산광역시 영도구 태종로50번길35-0 (대교동1가),88.33,5900000
370,LCK0010,1,10234,***,[일반-24-31] '24년 렌탈프린터 임차용역,용역,LCK,수도방위사령부,202403261030,K956E,금성스쿨,,송주희,01028508124,서울특별시 강서구 양천로57길9-8 (가양동) 태민빌딩 5층 505호,88.015,50513140
3,SFG0041,1,09942,***,24년 2차 액화석유가스 구매(소형벌크),물품,SFG,제9181부대,202403261030,ED81D,(주)서경에너지,skec,김영숙,0317662300,경기도 광주시 회안대로881(송정동),91.919,49223580
24,SCI0032,1,10046,***,24-00함 실시간 상황공유체계 구축 사업,용역,SCI,제9121부대,202403261030,E2037,해용정보통신주식회사,Hai Yung Communication,백다리아,0319714969,"경기도 고양시 일산동구 중산로 247306,307호 (중산동, 중산프라자)",88.361,30073744
558,SCF0275,1,09468,***,"(긴급)잠금장치,전자기식 등 28종",물품,SCF,해군군수사령부,202403261030,M1E67,일용상사,,권윤주,010-4611-6464,경상남도 창원시 의창구 북면 동곡로35-0 (창원무동휴먼빌아파트(2단지)) 205-804,93.558,76685000
5708,SCF0276,1,09466,***,"(긴급)밸브,체크형 등 50종",물품,SCF,해군군수사령부,202403261030,LC7CC,다운테크,,전다운,07041155258,"전라남도 순천시 서면 선평동선길36, 303동 1202호(선평빛찬들아파트)",87.995,133924440
5680,SCF0273,1,07592,***,"(긴급) 밸브, 나비형 등 6종",물품,SCF,해군군수사령부,202403261030,JD664,정진,,최정진,010-6268-4510,"인천광역시 서구 보듬6로32, 4층 410호(오류동)",87.996,45185313
785,SCF0274,1,06372,***,"밸브, 솔레노이드용 등 30종",물품,SCF,해군군수사령부,202403261030,CAAB4,강원상사,KWANG WON,김동국,0332422612,강원특별자치도 춘천시 남춘로17-0 (퇴계동),88.012,50707000
12,LDC0005,2,09278,001,24년 음식물류 폐기물 처리용역(단가제),용역,LDC,육군과학화전투훈련단,202403261030,G51F9,아라환경,ara naturao recycie,이석재,0334354471,강원특별자치도 홍천군 홍천읍 영서로1981-0,84.499,161.63
95,LCM0019,1,10165,***,'24년 1분기 부대계약 영내자증식 구매,물품,LCM,육군교육사령부,202403261030,KEE47,주식회사 삼마기업,,이가은,01025192334,"서울특별시 마포구 월드컵로34길6, 1동 14층 1406호(성산동,태림센트윈2차)",88.007,97847595
296,LCH0022,1,10112,***,네트워크통제실 전시체계 교체(특-24-물-8),물품,LCH,특수전사령부,202403261030,GBABF,(주)천하정보기술,chonhatech,심복희,07043501233,"광주광역시 북구 하남대로577, 2층 201호(동림동)",88.053,67646055
4,HCM0024,1,09770,***,"24-02-050 공구세트, X-선 기재용 1품목 구매",물품,HCM,공군교육사령부,202403261030,L727B,(주)아이디오스,,박찬일,01046998099,경기도 성남시 중원구 사기막골로62번길33-0 (상대원동) F207,88.05,159498000
89,MDS0004,1,09921,***,전반기 작전장비 정비용 부품(자재) 구매,물품,MDS,제3707부대,202403251130,FE043,주식회사 에코비투,ecob2co.ltd,하영임,023532356,"경기도 고양시 덕양구 삼원로73, 721호(원흥동, 원흥한일윈스타)",88.119,26151100
4,EHF0002,1,0206E,***,"니켈-수소전지, 충전용(BB-96K)",물품,EHF,미래전력사업전력운영계약팀,202403251100,KA6FB,주식회사 엘사이드,,김용철,01038149365,"경기도 성남시 분당구 판교로700, 제디동 206호(야탑동, 분당테크노파크)",88.041,188180000
2231,LKG0023,1,09875,***,운반형 산불진화장비 구매 계약,물품,LKG,육군제53보병사단,202403251100,LB259,제이와이솔루션,,강재영,01087736648,"전라남도 여수시 율촌면 여순로1038,103동 1204호 (동양 엔파트)",88,14649340
3054,LFK0020,1,09811,***,24년 정비피복(하계정비용티셔츠 등 5종) 구매-수정,물품,LFK,육군종합군수학교,202403251100,L3223,에이티,,양철호,07046516051,경상남도 김해시 대동면 대동로974-3,88,31587400
72,UMM0244,1,07389,***,24-N-기기급수공급펌프  제조(248068-F),물품,UMM,국군재정관리단,202403251100,H4A15,주식회사 주호산업,"JOOHO INDUSTRIAL CO., LTD.",이남,0226363919,경기도 김포시 대곶면 대곶북로305번길42-56,87.996,152888000
4488,UMM0245,1,03776,***,24-N-청력보호헤드셋 구매,물품,UMM,국군재정관리단,202403251100,J6625,제이엔비,,서정록,01097400924,광주광역시 광산구 풍영로330번길15-0 (장덕동) 803동 306호,87.995,64840441
15,MDD0049,1,08525,***,2024년 수도병원 에너지 진단 용역 계약,용역,MDD,국군수도병원,202403251100,EB642,(주)엔자인,ensign,류정일,0314269450,"경기도 안양시 동안구 엘에스로116번길118 (호계동) 안양2차 SK V1 center 601,602호",87.753,29946000
3,LKP0065,1,06315,001,24년 액화석유가스(LPG) 구매(전북),물품,LKP,5군수지원사령부,202403251100,D5166,유한회사 전주에너지,private company jenju energy,임성훈,0632463308,전북특별자치도 전주시 덕진구 신복로96-0 (팔복동1가),84.301,1361
2,LKP0064,1,06305,001,24년 액화석유가스(LPG) 구매(전남),물품,LKP,5군수지원사령부,202403251100,D90E1,(주)금성가스,KUMSUNG GAS,김태훈,0612440962,전라남도 목포시 삼학로162(산정동),84.121,1413.5
17,HDQ0025,1,09952,***,20비 24-통합간부식당 식자재(축산품),물품,HDQ,제20전투비행단,202403251100,H3C83,주식회사 프라임푸드시스템,primefood,허두임,0555523375,경상남도 창원시 진해구 안골로285번길12-1 (안골동),83.127,159966000
1058,HDQ0024,1,09940,***,24-공동외곽지역 제초용역,용역,HDQ,제20전투비행단,202403251100,H8BB4,주식회사태우조경,Tawoo,황연숙,0332567717,"강원특별자치도 춘천시 소양강로10, 비엔아이 지식산업센터 523호(후평동)",87.998,297890030
60,HDQ0023,1,09689,***,20비 24-62 싱크대 세트,물품,HDQ,제20전투비행단,202403251030,KC771,협진,,서소영,0319888510,경기도 김포시 대곶면 학의동로34번길97-41,87.996,192760000
43,SDQ0030,1,09690,***,히터 엘레먼트 등 18종 구매,물품,SDQ,해군제2수리창,202403251030,IF51E,씨티원 경기지점,,김은아,07087953338,"경기도 평택시 중앙로29, 537호 (통복동, 은호빌딩)",88.003,24756852
50,SDQ0029,1,09688,***,"박판, 금속제 등 6종 구매",물품,SDQ,해군제2수리창,202403251030,K0E3B,파파테크,,김능식,0322077943,경기도 평택시 청북읍 안청로4길17,88.018,2307360
51,HFG0002,1,09984,***,18-[군수과]'24년 얼음정수기 임차계약,용역,HFG,공군제7항공통신전대,202403251030,K63DE,라라유통,,이정숙,01038857961,경기도 이천시 부발읍 경충대로2037-0 (이천현대3차아파트),88.039,20318800
16,MCS0043,1,09956,***,에어컨 1종 구매,물품,MCS,국방부계룡대근무지원단,202403251030,M3BD6,봄앤현,,이희주,01064184479,"충청남도 계룡시 엄사면 번영로113-32 (계룡파라디아), 106동 2303호",88.46,2897450
36,LIK0021,1,09799,***,'24년 1분기 전산운영용품 구매,물품,LIK,제2군수지원여단,202403251030,H59DC,유명상사,YooMyung Trading Corp.,신훈수,0334557720,"강원특별자치도 철원군 동송읍 금학로116번길13, 1층 1호(유명상가)",88.129,7698943
58,SDQ0032,1,09935,***,립 실 등 12종 구매,물품,SDQ,해군제2수리창,202403251030,IB8B8,대지종합상사,Daeji,김상지,010-2744-5703,"경기도 평택시 중앙2로13-0 (평택동, 센텀스카이빌딩)",88.004,33073900
8,SDQ0031,1,09932,***,'24-정수기(13대) 임차 용역,용역,SDQ,해군제2수리창,202403251030,M6837,주식회사 리움렌탈케어,,김미자,0263265020,경기도 광주시 봉골길171번길19-0 (문형동) 2층,88.005,8602550
58,SDQ0028,1,09684,***,"접촉기, 자석식 등 5종 구매",물품,SDQ,해군제2수리창,202403251030,L4BDB,창진종합상사,,서진수,010-6417-8010,"경기도 평택시 중앙2로13, 4층층 401-C10호(평택동, 센텀스카이빌딩)",88.058,4432900
16,SDQ0027,1,09682,***,"땜납제거기, 전기식 등 3종 구매",물품,SDQ,해군제2수리창,202403251030,JD62E,하나솔텍,,전영례,070-4255-0057,경기도 평택시 현신3길75 (용이동),88.297,5091814
84,MCR0012,1,09634,***,학위과정 교육 재료 구매,물품,MCR,국방대학교,202403251030,H5E79,주식회사 엘케이테크,LK,김정숙,07044510580,충청남도 계룡시 엄사면 번영3길91-0 (대동황토방아파트)제상가동205호,88.001,23633500
36,LIK0021,2,09799,***,'24년 1분기 전산운영용품 구매,물품,LIK,제2군수지원여단,202403251030,H59DC,유명상사,YooMyung Trading Corp.,신훈수,0334557720,"강원특별자치도 철원군 동송읍 금학로116번길13, 1층 1호(유명상가)",88.129,7698943
19,MCF0008,1,09870,***,'24년 방호요원 피복 제조 구매,물품,MCF,국립서울현충원,202403251030,M6DBB,주식회사 국화,,고효경,0325780452,인천광역시 서구 원적로7번길21-0 (가좌동) 5층,88.031,17682767
37,LFC0025,1,09857,***,24년 7차 의약품(메디락 장용캡슐 등 78품목) 구매,물품,LFC,육군훈련소,202403251030,I88DE,에스앤제이팜 주식회사,s&j pharm,조성진,023566298,"서울특별시 은평구 갈현로141, 2층 (구산동)",88.076,38943590
66,LFC0024,1,09853,***,24년 취사장 관리 용역,용역,LFC,육군훈련소,202403251030,M3FFE,주식회사 한화로지스,,이현,01031141032,"충청남도 천안시 서북구 봉정로116, 362호(성정동, 성정빌딩)",88.004,39252350
47,LFC0023,1,09813,***,강의실 공기청정기 필터 구매,물품,LFC,육군훈련소,202403251030,A5F12,고려정공 주식회사,"korea clean air co.,ltd",김순자,0313218500,경기도 용인시 처인구 모현읍 독점로268,88.008,10445200
120,LNT0005,1,09829,***,1분기 전산운영용품 구매,물품,LNT,제28보병사단,202403251030,M73D6,주식회사 프리젠,,백정기,0319285496,"경기도 양주시 백석읍 월암로17, 가동, 나동",88.021,24638700
1575,LPC0009,1,09788,***,24-1차 장비운영소모품 구매,물품,LPC,제25보병사단,202403251030,JC8D6,전고스토어,,오인자,050207005016,전북특별자치도 전주시 완산구 견훤왕궁로59-1 (중노송동),88,36963690
13,LMH0019,1,09837,001,24년 음식물류 폐기물 위탁처리용역,용역,LMH,제7군단,202403251030,J3C56,농업회사법인 주식회사 골드바이오텍,,김영학,01052670719,경기도 포천시 창수면 창동로161번길62,88.241,150.61
35,LBA0030,1,09562,***,'24년 천일염 구매,물품,LBA,제 2167부대,202403251030,K4C4F,이엠이컴퍼니,,성원민,01023624072,서울특별시 금천구 가산디지털1로171 (가산동) 3층 306-19,88.315,26552936
1315,LCJ0025,1,09757,***,(24육군-해파20)한빛부대 24-1차 2종물자 구매,물품,LCJ,종합보급창,202403251030,L3B8B,태양,,김희양,050-2329-2000,전라남도 순천시 팔마2길82(연향동),88.001,14950940
289,LHZ0003,1,09631,***,24-1차 전산운영용품 구매,물품,LHZ,제5767부대,202403251030,M761B,송아,,홍광표,01042421000,"강원특별자치도 춘천시 지석로64-0 (퇴계동, 퇴계(6)주공아파트)602동704호",88.002,13863896
2,SFC0023,1,06438,***,24-해병-AI면접체계 사업,용역,SFC,제9691부대,202403251030,F2F99,(주)무하유,MUHAYU Inc.,신동호,0262338400,"서울특별시 성동구 성수일로8길5, 에이동 201호, 202호, 203호(성수동2가, 에스케이브이1타워)",91.216,33782400
52,MHD0018,2,03704,***,2024년 국제표준 및 규격(DoD 등 4개) 구독,물품,MHD,방위사업청(운영지원과),202403251030,BEEAE,주식회사 코이스,KOIIS CORP.,주찬홍,0313835800,"경기도 안양시 동안구 흥안대로415-0 (평촌동, 두산벤처다임) 605호",90.887,129000000
21,LDH0335,1,08043,***,(정비) 방한장갑 등 10종구매,물품,LDH,육군종합정비창,202403221300,D417C,주식회사 구정,"GUjeong  co.,ltd",최정혜,0336444877,강원특별자치도 강릉시 구정면 모산로169번길 141(),88.325,12027000
4,LDH0337,1,09111,***,통신 트랜지스터 등 3종 구매,물품,LDH,육군종합정비창,202403221300,I5028,모아컴,MORECOM,이상주,031-8039-6060,서울특별시 송파구 양산로12 (거여동) 세신거여훼미리타운 303호,96.19,6810000
137,LPK0003,1,09647,***,24년 1분기 전산운영 용품 구매,물품,LPK,제8기동사단,202403221130,LD795,한국전기기술,,김경열,01046802297,경기도 의정부시 시민로29(의정부동) 821호,88.001,30464500
18,EBB0008,1,5051A,***,호스류,물품,EBB,지상공통전력운영계약팀,202403221100,I8C3F,원일종합상사,WONIL,김종화,051-802-7880,부산광역시 사상구 사상로51-0 (주례동),88.08,92635300
19,LFK0018,1,09670,***,24-2차 교육재료비(개인주비) 구매,물품,LFK,육군종합군수학교,202403221100,M4128,케이에스씨바이오,,이기현,01089447642,대전광역시 대덕구 계족산로9번길37-0 (중리동) 301호,88.155,17798100
303,LHP0009,1,09200,***,재난 및 안전관리(화재 진압장비(운반형))구매,물품,LHP,제22보병사단,202403221100,J726F,주식회사 원주컴퓨터,,장시림,07077331109,"강원특별자치도 원주시 남산로218번길34 (학성동, 영진로얄타운아파트) 201동 409호",88.001,84540340
1160,UMM0220,1,07387,***,24-F-동정압 교정장치 구매,물품,UMM,국군재정관리단,202403221100,K6691,도담,,김은숙,01089683868,"경기도 남양주시 다산지금로146번길67, 7405동 804호 (다산동, 다산 반도유보라 메이플타운 2.0)",88,62367623
1037,UMM0235,1,06614,***,24-F-왕복식 압축기 유니트 구매,물품,UMM,국군재정관리단,202403221100,B0A5B,주식회사 경기방재,"GYEONG GI BANG JAE CO., LTD.",최대현,0318711119,경기도 의정부시 의정로110번길 15(),83.011,227638271
202,UMM0230,1,06256,***,24-F-5갱모어 등 6종 구매(249054-F),물품,UMM,국군재정관리단,202403221100,A75B7,보라통상 주식회사,,박유용,031-263-0147,"경기도 용인시 기흥구 흥덕중앙로 120, 유-타워 3013호(영덕동)",85.351,550000000
110,UMM0224,1,05935,***,24-D-인쇄용지 5종 연간 구매,물품,UMM,국군재정관리단,202403221100,F8F2B,매쉬미디어(주),"Mash Media Co., Ltd",김문선,07088316061,서울특별시 마포구 양화로183-0 (동교동) 효성홍익인간오피스텔 14층 1412호,83.038,1097073918
28,UMM0241,1,03690,***,24-F-오폐수처리시설 관리용역,용역,UMM,국군재정관리단,202403221100,A5F41,주흥환경 주식회사,"JUHEUNG ENVIROTECH Co.,Ltd.",이길재,0312577676,"경기도 수원시 영통구 신원로304 (원천동) 3동 5층 5-505, 506호",85.645,252699700
149,MDG0087,1,07865,***,24년 의무장비(파라핀수욕조) 구매,물품,MDG,국군의무사령부,202403221100,DDDC8,킴스헬스케어,kimshealthcare,박향미,07077879011,"경기도 군포시 번영로497-0 (산본동, 금화프라자) 502호",88.296,30048930
171,MDG0086,1,07333,***,24년 의무장비(소독물품 포장기) 구매,물품,MDG,국군의무사령부,202403221100,HE871,주식회사 복은,BOKEUN,김령은,01044011789,"경상남도 창원시 진해구 용원북로17번길15-0 (용원동, 가온빌 101호)",87.995,10572490
5,MDG0085,1,06611,***,24년 의무장비(냉찜질기) 구매,물품,MDG,국군의무사령부,202403221100,K50BB,주식회사 칼라투,,김동국,07070792933,"경기도 고양시 덕양구 중앙로558번길16-16, 308-A호(행신동, 능곡종합프라자)",99.195,679000
78,MDG0084,1,06610,***,24년 의무장비(미생물검사기 자동식) 구매,물품,MDG,국군의무사령부,202403221100,HADFF,씨에이치에이,CHA,오재숙,01090726862,"경기도 김포시 고촌읍 장차로13, 3층 303호",88.048,2828314
21,MDG0083,1,06609,***,24년 의무장비(세균배양기 일반용) 구매,물품,MDG,국군의무사령부,202403221100,E5067,동명상사,Dongmyung Trading Co.,김명희,0314533907,"경기도 군포시 금산로13, 4층 오피스밸리 485호",99.741,4040000
207,MDG0079,1,06605,***,24년 의무장비(청력계 자동식 병원용) 구매,물품,MDG,국군의무사령부,202403221100,KFA5E,피엔케이메디칼 주식회사,,김민균,07075669896,"경기도 군포시 산본로323번길7-0, 401호 (산본동, 금성프라자빌딩)",98.44,39778200
19,EBB0009,1,8271,***,"탐지기, 감지기류",물품,EBB,지상공통전력운영계약팀,202403221100,M8F94,진해공업,,김재원,0553436724,경상남도 김해시 한림면 김해대로1099번안길42-18,88.014,60952700
154,MDJ0011,1,09249,***,의무장비(청력검사실/이비인후과),물품,MDJ,국군대전병원,202403221030,JC9EC,서연컴퍼니주식회사,,김세연,07080644790,"경기도 김포시 봉화로13,  530호 (사우동)",88.004,12594680
4865,LCJ0017,1,09692,***,(24육군-해파13)한빛부대 앰프 등 14품목 구매,물품,LCJ,종합보급창,202403221030,K4652,푸름,,임준혁,070-5165-2446,서울특별시 영등포구 선유서로15-0 (문래동5가) 210호,88.002,14841961
2794,LCJ0016,1,09691,***,(24육군-해파12)한빛부대 24-1차 일장수리부속 구매,물품,LCJ,종합보급창,202403221030,IFDE5,환희 컴,,김양희,07089666312,"서울특별시 서대문구 홍은중앙로1길65-0 (홍은동, 홍은동 동원 베네스트) 101동 502호",88.001,49020550
122,HDF0029,1,09686,***,"24-069, 전운대대, 오실로스코프",물품,HDF,공군 제8전투비행단,202403221030,L73C8,에이치산업,,민동혁,01092628918,"강원특별자치도 춘천시 가연길5번길55-0, 101호(근화동)",88.088,22385992
2709,LCJ0024,1,09706,***,(24육군-해파22)한빛부대 이앙기 등 3품목 구매,물품,LCJ,종합보급창,202403221030,J5EB1,디에쓰산업,,김인동,01041211866,경상북도 고령군 개진면 가암길16-3,88,27148750
44,LCJ0023,1,09705,***,(24육군-해파21)한빛부대 공기청정기 필터 제조 구매,물품,LCJ,종합보급창,202403221030,L20DC,에이에프주식회사,,김새미나,0549729113,경상북도 칠곡군 지천면 신동로9길54,88.019,12602700
2576,LCJ0020,1,09698,***,(24육군-해파17)한빛부대 요소수 등 8품목 구매,물품,LCJ,종합보급창,202403221030,IED43,주식회사 휴콤,,최성숙,0556055874,경상남도 창원시 성산구 가음로101번길22-6,88,11867000
5696,LCJ0018,1,09694,***,(24육군-해파16)한빛부대 락카 등 85품목 구매,물품,LCJ,종합보급창,202403221030,LDDA9,우리 코퍼레이션,,김승겸,01023012884,서울특별시 관악구 봉천로23다길25-18 (봉천동) 101호,88,18223484
42,LGT0021,1,09609,***,24년 렌탈프린터 임차용역(24.5~25.4),용역,LGT,제2307부대,202403221030,I6DE9,이투유통,ETWO Company,유순한,07042561477,"강원특별자치도 원주시 송림길40-29, 102호 (개운동)",88.116,27994970
22,SFD0025,1,09595,***,24-P-사격장 소음측정 용역,용역,SFD,제9227부대,202403221030,D9AD0,한국환경설계(주),Korea Environment Design,김하근,024013825,"서울특별시 송파구 석촌호수로138, 202호 (삼전동)",88.042,33830000
142,MDJ0010,1,09250,***,의무장비(청력검사실/검진센터),물품,MDJ,국군대전병원,202403221030,M7A90,창성,,박은미,07078347000,"강원특별자치도 원주시 세계로5, YD프라자 {203-02호}(반곡동)",88.009,6731558
11,LCN0009,1,06214,***,생도식당 민간위탁급식 용역,용역,LCN,육군사관학교,202403221000,G1811,삼성웰스토리 주식회사,SAMSUNG WELSTORY INCORPORATED,정해린,03151714408,경기도 성남시 분당구 구미로8-0 (구미동),,12720000000
77,LQG0028,1,09318,***,00부대 전장관리체계 구매 납품,물품,LQG,육군 52보병사단,202403211600,M0875,플러스전자 주식회사,,추동호,0260803454,서울특별시 구로구 구로중앙로237-0 (구로동) 라이프종합공구상가 345호,88.092,10319850
1,LKS0029,1,08745,***,무공훈장 찾아주기 사업 홍보영상 및 음원제작 용역,용역,LKS,육군인사사령부,202403211500,L6849,주식회사 명인터미디어,,명순석,01098778758,서울특별시 마포구 모래내로3길11-0 (성산동) 상암미르웰한올림 211호,84.136,32900000
3,LDH0328,1,07956,***,(항공) UH-60 오링 등 4종 구매,물품,LDH,육군종합정비창,202403211300,KC798,오큐솔루션,OQ Solution,박혜준,028663001,"서울특별시 금천구 가산디지털2로98, 1동 11층 1102,1103호(가산동, IT캐슬)",95.741,22081950
6,EBB0006,1,5021A,***,시동기,물품,EBB,지상공통전력운영계약팀,202403211100,0776F,주식회사 동성전기,"DongSung Electric Machine Co., LTD",김상완,0553424403,경상남도 김해시 진영읍 서부로123번길 18(),88.21,183000000
8,LHM0029,1,09297,***,24년 동력버너 구매,물품,LHM,제15보병사단,202403211100,HDAEB,영진,youngjin,김이숙,033-442-9205,강원특별자치도 화천군 사내면 포화로1051-0,88.225,17690550
2099,LNR0011,1,09427,***,'24년 안전물자세트 구매,물품,LNR,수도기계화보병사단,202403211100,H3387,유정인베스트,YUJEONGINVEST,한기춘,0318866608,경기도 여주시 세종로58번길15-0 (창동),88,41066500
269,MDR0008,1,09431,***,24년 지형정보제작 장비(모니터) 노후 교체 사업,물품,MDR,제9965부대,202403211100,L95AB,누리물산,,길윤서,07051530413,대전광역시 서구 정림서로114-0 (정림동) 106동 302호,88.001,23353043
67,MCN0010,1,09437,***,하계 특정복 제조 구매,물품,MCN,국방부근무지원단,202403211100,J0558,주식회사 태승물산,,이상호,0638318890,전북특별자치도 익산시 낭산면 산단구평길126-12,88.024,39220930
3,LCN0019,1,09336,***,24-2차(추가) 학습프로그램(Google) 구매,물품,LCN,육군사관학교,202403211100,CBB3F,주식회사 지에스티,"GST Co., LTd.",백정현,0326240511,"경기도 부천시 오정구 석천로397, 103동 1107호,1108호, 1109호 (삼정동, 부천테크노파크쌍용3차)(삼정동)",88.334,8748121
294,HCQ0015,1,05630,***,[24-024] CV전선 등 64종,물품,HCQ,공군제5공중기동비행단,202403211100,KD533,은샘,,최성숙,01079267976,"부산광역시 기장군 정관읍 정관3로23, 215동 1102호(동일2차)",88,41485500
513,UMM0226,1,07355,***,"24-N-펌프, 공수식 12EA 구매(248009-F)",물품,UMM,국군재정관리단,202403211100,L68AF,삼일앨엔에스,,손용익,01024502789,"경기도 안양시 동안구 관악대로249번길11, 2층 201호 (비산동)",83.006,258229800
5371,UMM0143,1,04708,***,"24-F-리프트, 자동차용(4주식)구매",물품,UMM,국군재정관리단,202403211100,M4854,그레이브즈,,김명건,01050647280,"인천광역시 연수구 원인재로14-0 (동춘동, 무지개마을) 111동 1층 103호",87.995,110572600
6,UMM0082,2,03677,***,(24F052-A) 자동화창고 유지관리 용역,용역,UMM,국군재정관리단,202403211100,IDCD4,주식회사 이엠피,,윤종성,01058514072,경상남도 창원시 의창구 동읍 자여로115번길17-0,90.39,153363200
153,LMU0016,1,09379,001,(24-급-007) `24년 부대조달 후식(음료류),물품,LMU,제7군수지원단,202403211100,ICF8D,주식회사 다다,,강은숙,023825036,"경기도 고양시 덕양구 통일로140-0 (동산동), 삼송테크노밸리 B동 231호",82.999,2952.59
4194,LCF0023,1,01927,***,화물결박용 밴드 1항목 구매(물자),물품,LCF,육군군수사령부,202403211100,L3A18,마켓에서 (from MARKET),,김민기,01096779688,"제주특별자치도 제주시 애월읍 항몽로36, 201호(가온 2차)",87.995,17154836
7,HDQ0004,1,02818,***,공군 제20전투비행단 병사식당 민간위탁 용역,용역,HDQ,제20전투비행단,202403211100,C3AB7,(주)아워홈,"OURHOME CO.,LTD.",김태원,0802347575,서울특별시 강서구 마곡중앙10로91(마곡동),0,42705000000
6,HDP0005,1,02188,***,공군 제19전투비행단 병사식당 급식 민간위탁 운영,용역,HDP,공군제19전투비행단,202403211100,BC9A3,주식회사 동원홈푸드,DONGWON,정문목,01025015141,"서울특별시 서초구 마방로68(양재동, 동원산업빌딩)",0,43803745000
136,LBA0029,1,09384,***,‘24년 부대조달 후식(음료 10품목) 구매,물품,LBA,제 2167부대,202403211030,I4DF0,주식회사 신라명과,SHILLA MYUNGGUA,박창훈,0314440404,경기도 안양시 만안구 덕천로72번길30 (안양동),83.012,2008125200
4,SCH0040,1,09453,***,24-15호 전기레인지 등 4종 구매,물품,SCH,해군작전사령부,202403211030,L02B4,제이앤제이 이엔지,,노선영,0512911220,부산광역시 강서구 명지국제8로30-0 (명지동),94.071,1358500
174,SFD0024,1,09463,***,재난안전 물자(방재함등 13품목)구매,물품,SFD,제9227부대,202403211030,JDE42,클린큐브환경,,정광열,0542520007,경상북도 포항시 북구 장량로17번길36-11 (장성동),88,74167853
8,SDF0032,2,08557,***,24-항-25 00사 24~29 얼음 냉온정수기(1대) 임차용역,용역,SDF,제5738부대,202403211030,FE982,스탠다드정수기,standardjungsugi,우재영,033-458-2211,강원특별자치도 철원군 근남면 육단2길41-0,88.603,3180000
310,HCM0023,1,09397,***,24-03-074 플럭스 등 14품목 구매,물품,HCM,공군교육사령부,202403211030,LE866,진해를 사랑하는 행님들,,이보람,01025898502,"경상남도 창원시 진해구 천자로386, 106동 2604호(풍호동, 창원 마린 푸르지오 1단지)",88.023,11136122
3,HCR0012,1,09308,***,에트리디아졸 유제 등 17종(24-019),물품,HCR,공군제15특수임무비행단,202403211030,L56E6,경원JS,,김찬호,01054175856,경기도 포천시 신북면 호국로2096,88.811,22954000
12,LMH0016,1,09197,***,24년 실내공기질 측정용역(C024),용역,LMH,제7군단,202403211030,I167A,주식회사 나우리환경,Nauri Environment,김은정,0313489800,경기도 안양시 동안구 학의로282. 금강펜테리움IT타워 314호(관양동),88.12,10301400
14,LPG0005,1,09295,***,'24년 화재진압장비(이동식 산불진화장비) 구매,물품,LPG,제5보병사단,202403211030,IF631,정민테크,,이종노,07047721096,경기도 연천군 전곡읍 은전로86번길19-0,88.021,43835615
385,LHG0008,1,09464,***,(물-012) 재난 및 안전관리 예산(산불진화장비) 구매,물품,LHG,제1862부대,202403211030,LB522,한울,,서원식,01077702691,"강원특별자치도 삼척시 남양안길52, 104호(남양동, 진주아파트)",88.003,28738799
47,SCU0030,1,09436,***,투명홀더 등 137종 구매,물품,SCU,해군 기동함대사령부,202403211030,K182E,알덱스이엔지,,설수국,01062644720,제주특별자치도 제주시 우도면 연평리1571-3,88.022,18146000
1325,SCU0029,1,09393,***,자동식 시력측정기 1대 구매,물품,SCU,해군 기동함대사령부,202403211030,K6127,에이치엠,,장현주,0413567160,충청남도 당진시 송산면 유곡로20 (당진엠코타운) 103동1205호,88.002,16369836
5,LKD0025,1,09441,***,1A 간부숙소 신축 관급자재 가구,물품,LKD,제32보병사단,202403211030,IFC89,대진시스템,,이동배,041-881-5678,충청남도 공주시 우금티로54-0 (태봉동) 1층,88.077,68372470
153,LNG0009,1,09438,***,24년 1분기 정보통신운영지원 용품 구매,물품,LNG,육군 제1군단,202403211030,LCD52,솔바이크,,김미화,01097679116,경기도 고양시 일산서구 장자길82번길9-0 (덕이동),88.012,17167970
8,LNG0006,1,09407,***,24년 작계훈련 무기 탄약 물자 수송차량 임차 용역,용역,LNG,육군 제1군단,202403211030,F1C4B,주식회사 케이지비이엔지,KGBeng,고민희,0325422672,"인천광역시 부평구 새벌로29, 209호 (청천동, 부평테크노타워)",88.055,20195906
4,LFN0010,2,07965,***,24년 음식물 쓰레기 위탁처리,용역,LFN,육군3사관학교,202403211030,IF866,고센농장,,박윤석,010-3533-8277,경상북도 안동시 와룡면 서주길334-10,88.232,61840000
6,LGI0024,2,08942,***,'24-1차 일반폐기물 위탁처리 용역,용역,LGI,제3군수지원여단,202403211030,KCA9E,(주)강릉종합산업,,박철근,0336416661,강원특별자치도 강릉시 강동면 아래장작골길47-41,89.067,72100000
97,MBC0003,1,09363,***,"전산운영용품(토너  등),부수장비(광컨버터 등) 구매",물품,MBC,화력여단,202403211030,LDF84,주식회사 다원에듀넷,,배상인,033-745-7738,"강원특별자치도 원주시 시청로22, 2층 203호(무실동, 리젠트프라자)",88.01,14476310
3,MCR0010,1,09369,***,원문 DB 구축 용역,용역,MCR,국방대학교,202403211030,JAAD2,주식회사 제이메라크,,조경희,042-222-1027,대전광역시 중구 동서대로1321번길24 (용두동),88.225,7524768
5,HDP0013,1,09355,***,"컨테이너 부스, 정비사 대기실 1종(24-040)",물품,HDP,공군제19전투비행단,202403211030,H9935,서원컨테이너하우징,seowonkuncukhousing,박연종,0432182070,충청북도 청주시 청원구 내수읍 구성새동네길79-24,88.508,57676930
1118,SFG0037,1,08858,***,복사용지 및 제빙기 필터 세트 구매,물품,SFG,제9181부대,202403211030,I92FF,탑플러스 유통,top plus you tong,김춘미,01051000239,"경기도 의정부시 녹양로18번길19-11 , 1층1호(가능동)",87.995,24556199
604,SCF0269,1,07450,***,오-링 등 30종 구매,물품,SCF,해군군수사령부,202403211030,GE214,조강테크,CHOKANGTECH,조재만,0517833768,부산광역시 사상구 가야대로196번길63 1층 (학장동),88.046,167238000
279,SCF0267,1,05375,***,전화교환대군 등 2종 구매,물품,SCF,해군군수사령부,202403211030,E8E46,동진상사,dong jin sang sa,윤영현,07070792933,"경기도 평택시 평택5로34번길48, 402호(합정동)",98.427,14700000
419,SCF0268,1,05369,***,"합판,항공기용,평면패널용 3EA 구매",물품,SCF,해군군수사령부,202403211030,F369C,주식회사턴온전자,"TURN-ON ELECTRONICS CO.,LTD",송수복,0553463930,경상남도 김해시 진례면 테크노밸리길161-43,97.394,31925940
442,SCF0270,1,04816,***,"00함 윤활유,엔진용 구매",물품,SCF,해군군수사령부,202403211030,J98B0,센텀루브 주식회사,,오기상,0517465188,"부산광역시 해운대구 센텀동로9(우동, 트럼프월드센텀) 씨동, 1402호",88.373,138290299
172,LGI0029,1,09394,001,'24-2차 식자재(부식) 구매 (식육가공품류)(수정),물품,LGI,제3군수지원여단,202403211030,H8644,주식회사 그린아이에스,GREEN I.S,박옥경,0537466570,"대구광역시 동구 안심로16길47, 6층 609호(율하동, 율하동 타임스퀘어)",82.996,185940
167,LGI0028,1,09392,001,'24-2차 식자재(부식) 구매 (빵류)(수정),물품,LGI,제3군수지원여단,202403211030,J6361,주식회사 멀티열린세상,,주영철,01020118585,"경기도 광명시 광명로786번길4 (광명동),301호",83,658057.41
1,LCM0008,1,04316,***,'24년 전투실험발전 연구 용역(1),용역,LCM,육군교육사령부,202403201300,C6455,(사)한국전략문제연구소,Korea Research Institute for strategy,김재창,027051301,"서울특별시 용산구 청파로 40, 삼구빌딩 1815호(한강로3가)",71.93,33900000
16,SCF0251,1,09124,***,보호복 등 58종,물품,SCF,해군군수사령부,202403201300,IC21A,주식회사 더원시스템,,정혜선,07082743717,"경상남도 창원시 의창구 북면 감계로342, 216동 1902호(창원감계아내에코프리미엄2차)",88.052,27249700
9,LDH0256,2,07735,***,K1전차 봉합재 등 5종 구매,물품,LDH,육군종합정비창,202403201300,L182F,우진테크,,김우진,0553392541,경상남도 김해시 분성로557번길60-7 (어방동),88.199,19055800
2,LDH0327,1,07687,***,K9자주포 핀등20종 구매,물품,LDH,육군종합정비창,202403201300,BDFC7,현대정밀가스켓,,이의정,051-802-7662,부산광역시 사상구 가야대로175번길29-0 (감전동),88.503,6535000
9,LDH0325,1,07666,***,K9자주포 나사등17종 구매,물품,LDH,육군종합정비창,202403201300,JA89E,삼강운수,,정광필,055-311-7447,부산광역시 중구 충장대로9번길20 (중앙동4가) 701호,88.115,5860800
4,LDH0320,1,07652,***,K77지휘차 베어링 등 4품목 구매,물품,LDH,육군종합정비창,202403201300,JBE8B,동백상사,,신종민,051-853-4345,부산광역시 부산진구 진사로48번길42 (개금동) A-232호,90.008,6894000
7,LDH0319,1,07649,***,K77지휘차 회로카드조립체 구매,물품,LDH,육군종합정비창,202403201300,G2196,대아테크,DAEA ELECTRONICS,변오석,051-514-1874,부산광역시 금정구 공단동로41번길10-0 (금사동),88.328,16476500
2,LDH0318,1,07646,***,K77지휘차 표시기 등 2품목 구매,물품,LDH,육군종합정비창,202403201300,L769E,디에스테크,,김동욱,010-7207-3737,부산광역시 부산진구 성지로34번길15-0 (연지동) 1층,89.057,11362930
2,LDH0312,1,07602,***,K77지휘차 패킹너트 등 14품목 구매,물품,LDH,육군종합정비창,202403201300,L769E,디에스테크,,김동욱,010-7207-3737,부산광역시 부산진구 성지로34번길15-0 (연지동) 1층,90.169,7607469
3,LDH0313,1,06663,***,K계열 패드정비기 외주정비 용역,용역,LDH,육군종합정비창,202403201300,B8800,정현테크,jung hyun tech,이인환,051-971-0771,부산광역시 강서구 대저2동2493,88.052,47080000
10,LDH0125,2,04218,***,(정비) 드릴 등 199종구매,물품,LDH,육군종합정비창,202403201300,I5B53,이지텍,iztec,최준석,0553753164,경상남도 양산시 상북면 소토1길14-0,89.695,28563498
3,HDF0025,1,09252,***,"24-016, 전운대대, 기타식자재",물품,HDF,공군 제8전투비행단,202403201100,H1B82,주식회사 아이원,ione,최광순,0337468966,강원특별자치도 원주시 흥업면 사제로203-0,83.778,266791661
3,HCC0014,2,07521,***,"24-1함-00창 폐기물(PS볼,주물사) 위탁처리 용역",용역,HCC,해군제1수리창,202403201100,H1AA2,케이디산업 주식회사,KDsanup,이근동,0559647890,경상남도 함양군 유림면 목현옥매로306-0,89.188,12117600
5,HCC0013,2,07507,***,24-1-함 00창 도금폐수 위탁처리 용역,용역,HCC,해군제1수리창,202403201100,A5DAB,(주)에이치엔,HN,윤영민,0314333300,"경기도 안산시 단원구 진흥로38번길33, 시화공단 5바 204호 (성곡동 676-13)",93.549,17895060
10,LHP0008,1,09275,***,동력버너 구매(5861부대 등 4개 부대),물품,LHP,제22보병사단,202403201100,HA88F,한영엔터프라이즈,hanyoung enterprise,원미숙,070-4141-4140,강원특별자치도 홍천군 화촌면 성산로169번길4,88.69,17212800
15,UMM0233,1,08502,***,24-N-영구보존기록물 DB 구축,용역,UMM,국군재정관리단,202403201100,F0DE7,(주)데이터클립,DataClip Inc.,송귀섭,07044739393,"서울특별시 금천구 가산디지털1로145,12층 1207호(에이스하이엔드타워3차)",85.706,344916600
72,UMM0202,1,06418,***,24-D-체력단련장 경기도우미 피복 제조,물품,UMM,국군재정관리단,202403201100,K6B8E,섬진실업,,조용만,07047000072,"경기도 부천시 원미구 옥산로162번길56, 지층(도당동)",88.068,110865800
210,UMM0232,1,06319,***,(247062-E) 수술재료(6) 2종 구매,물품,UMM,국군재정관리단,202403201100,L95F3,지엔씨홀딩스,,김미자,01052218028,"인천광역시 미추홀구 인하로299번길14, 가동 501호(주안동, 아주아파트)",87.995,134198520
33,UMM0234,1,06252,***,(246081-C) 하계 대테러복 등 6종 제조,물품,UMM,국군재정관리단,202403201100,IC6F9,동선,,김현태,0315910618,경기도 남양주시 화도읍 비룡로379번길19-11,88.015,239487000
1292,UMM0231,1,05774,***,(247024-E) 방사선장비운영소모품 14품목 구매,물품,UMM,국군재정관리단,202403201100,KACA6,스토리,,이지연,01054398220,대전광역시 유성구 봉명로16 (원신흥동)1109동 1505호,87.996,185847740
214,UMM0212,1,05156,***,"24-F-시험세트,응답기 세트용 구매",물품,UMM,국군재정관리단,202403201100,I5E6D,주식회사 알앤엠텍,"R&M Tech, Inc.",김상식,027801691,"서울특별시 영등포구 여의대방로67길22, 602호(여의도동, 태양빌딩)",90.933,267674000
627,UMM0209,1,04739,***,24-N-해군 체력단련장 비료 구매,물품,UMM,국군재정관리단,202403201100,LEA31,엔씨솔루션,,이상석,01043211589,"경기도 광명시 오리로651번길8, 1621호(하안동)",87.998,129535450
415,UMM0203,1,04665,***,24-N-선박강습사다리용 세트 등 2종 구매,물품,UMM,국군재정관리단,202403201100,HDBA5,주식회사진도아이비에스,JINDO IBS,강상호,0332624766,강원특별자치도 춘천시 퇴계공단1길51-0 (퇴계동) 1층,82.996,468918225
13,UMM0225,1,04074,***,24-D-SALS-K 탄약 수송용역,용역,UMM,국군재정관리단,202403201100,CF4E0,대신로지스틱스 주식회사,DAISHIN LOGISTICS,양임석,0222014000,"서울특별시 송파구 오금로46길5-0 (가락동, 보성빌딩) 3층",82.61,1198539000
197,UMM0204,1,03814,***,24-N-트랙터형 제초기 구매,물품,UMM,국군재정관리단,202403201100,JEB7A,대호컴퍼니,,김예슬,01036674994,"인천광역시 계양구 작전시장로19번길6-2, 302호",83.367,214087670
18,UMM0218,1,03674,***,(24F055-A) 일반폐기물 처리 용역,용역,UMM,국군재정관리단,202403201100,EF7E6,이도에코오산 주식회사,"DS E&E Co.,Ltd",박성진,0313744859,경기도 오산시 황새로149번길55-0 (누읍동),80.775,335006000
327,UMM0210,1,03252,***,"24-N-구명구, 조끼형(MK-15W)구매",물품,UMM,국군재정관리단,202403201100,KE585,주식회사 에프엔서플라이,,박재성,0269538087,"경기도 고양시 덕양구 꽃내음1길94 (향동동), 상가1층",88.01,55557200
5,UMM0227,1,02561,***,(24F041-A) 식자재 민간위탁 배송용역,용역,UMM,국군재정관리단,202403201100,EB8A8,동원로엑스 주식회사,"DONGWON LOEX CO., Ltd.",박성순,025894575,서울특별시 서초구 마방로68-0 (양재동) 동원산업빌딩,97.076,624939520
468,UMM0207,1,02278,***,24-M-교육훈련장 예초용역,용역,UMM,국군재정관리단,202403201100,H4473,어울림 조경,awoolrim,진영권,0314154162,"경기도 화성시 비봉면 양노로74, 104호",88.002,69999880
832,UAC0008,1,07723,***,인쇄재료 80종 수시 구매,물품,UAC,국방출판지원단,202403201100,I57B7,모아상사,moa,최중강,07087982774,인천광역시 미추홀구 인하로129(용현동),88.023,39479074
553,MDG0074,1,06917,***,24년 취사장 청소 용역,용역,MDG,국군의무사령부,202403201100,G5A15,주식회사 최고의환한미소,"The best smile Co., Ltd",최환,07088682771,"인천광역시 미추홀구 수봉남로24번길74-0, 1층 (용현동)",88.01,27125900
185,MDG0075,1,05462,***,24년 의무장비(청력계 임피던스) 구매,물품,MDG,국군의무사령부,202403201100,KFA5E,피엔케이메디칼 주식회사,,김민균,07075669896,"경기도 군포시 산본로323번길7-0, 401호 (산본동, 금성프라자빌딩)",99.585,21622720
201,MDG0076,1,05178,***,24년 의무장비(시약 및 약품냉장고 대형) 구매,물품,MDG,국군의무사령부,202403201100,LCD73,케레스,,하상일,01073882535,경기도 김포시 고촌읍 고송로8-0,87.998,7461563
447,LNS0025,1,09073,***,24년 실내사격장 방호방탄 개폐장치 구매ㆍ설치,물품,LNS,제55보병사단,202403201100,LC0E9,핀토스아이엔씨,,김현택,07047700655,경기도 파주시 탄현면 헤이리마을길93-143,82.997,204534470
11,LNR0010,1,09259,***,'24년 생활폐기물 처리 용역,용역,LNR,수도기계화보병사단,202403201100,M73B3,미래종합환경,,임효원,01023757913,경기도 남양주시 별내중앙로30-0 (별내동) 305-914,84.639,120900000
12,LKP0054,2,07068,***,'24년 통신장비 외주정비 용역(부산/경남),용역,LKP,5군수지원사령부,202403201100,DE570,(주)한라씨앤씨,hanlacnc,정승웅,0513437775,"부산광역시 사상구 광장로20번길58-16 (괘법동)1동 2층 203호,205호",88.742,3050000
2,HDF0026,1,09262,***,"24-016, 전운대대, 김치류",물품,HDF,공군 제8전투비행단,202403201100,FA2E8,구전식품(손가네김치),gujeonsikpum,지용구,0337654789,강원특별자치도 원주시 가매기길17-4 (태장동),90.092,24836000
797,HDQ0016,1,08980,***,24-POL 제초용역,용역,HDQ,제20전투비행단,202403201030,EF28D,주식회사 미래파크,MIRAEPARK,하종근,0532187775,대구광역시 북구 검단동로17-15 (검단동),88.027,39227434
8,HDQ0018,1,09281,***,20비 24-56 에어 필터 어셈블리 등 40품목,물품,HDQ,제20전투비행단,202403201030,L0943,이젠진상사,,김진혁,0425513100,"충청남도 계룡시 엄사면 엄사중앙로66, 3동 104호",88.205,21704200
32,SDL0010,1,09458,***,24-00호텔 소방시설 점검용역,용역,SDL,재경근무지원대대,202403201030,I28CF,주식회사 이강소방아이앤씨,"Leekang fIre I&C Co.,Ltd.",이강준,029451919,"서울특별시 강북구 도봉로20가길40, 601호(미아동, 준타워)",88.127,6067930
34,SDL0008,1,09426,***,24-00대대소방시설 점검용역,용역,SDL,재경근무지원대대,202403201030,IEE58,(주)경원소방기술단,,임권철,029481119,"서울특별시 노원구 화랑로421, 지하1층 101호(공릉동, 한일휴니스빌)",88.336,10514000
2,HDQ0020,1,09290,***,20비 24-63FLCC CHASSIS 시험용 중간 연결기 제조구매,물품,HDQ,제20전투비행단,202403201030,H0C15,주식회사 다윈에어로테크,"DAWIN aerotech Co.,Ltd.",정중식,03180022251,경기도 수원시 영통구 신원로306 (원천동) 이노플렉스 1동 109호,88.358,75192600
18,HDQ0019,1,09287,***,"20비 24-45, 67 향균필터 등 118품목",물품,HDQ,제20전투비행단,202403201030,E9019,드림으뜸상사,Dreamtop Corp.,김범규,07077172948,"충청남도 계룡시 신도안면 신도안1길43, 1층",88.013,34592600
2,HDF0027,1,09265,***,"24-026, 체력단련장, 농약 13종",물품,HDF,공군 제8전투비행단,202403201030,I1F30,포시즌,fourseason,장철,031-374-4404,강원특별자치도 강릉시 주문진읍 작은다리길32-0 지1층,88.453,25754000
415,SFN0023,1,09260,***,통신장비용축전지 구매 설치,물품,SFN,연평부대,202403201030,M3654,유명,,이정훈,07088040077,인천광역시 미추홀구 학익로116 (학익동) 103동2902호,88.002,16341201
45,SFG0040,1,09237,***,24-K-청룡회관 소방시설 점검 용역,용역,SFG,제9181부대,202403201030,C6D6E,(주)태경소방,taekyung,강석민,0319834200,경기도 김포시 양촌읍 모산로13번길34-0,88.406,4161000
2024,LQG0027,1,09228,***,00부대 안전물자(보안경 등 10종) 구매 납품,물품,LQG,육군 52보병사단,202403201030,L3A8A,이제이산업,,김은주,07040421380,경기도 광주시 오포읍 문현로49,88,23574598
1831,SCQ0029,2,08987,***,목장갑 등 34종 구매,물품,SCQ,제9911부대,202403201030,J1B18,200바(bar),,이재광,024740250,경기도 남양주시 순화궁로249-0 (별내동) 별내파라곤스퀘어 C146,88,16325045
2,DSS0015,1,09178,***,렌탈프린터 임차용역(제주권역),용역,DSS,국군제1068부대,202403201030,KA847,주식회사 한올네트웍스,,김선학,064-711-1191,제주특별자치도 제주시 우정로16길21(외도일동),94.083,5400000
456,DSS0014,1,09177,***,렌탈프린터 임차용역(충청권역),용역,DSS,국군제1068부대,202403201030,LDD86,토마토컴퍼니,,김소이,01025340809,충청남도 서산시 인지면 모월3길131-3,88.022,24159280
160,DSS0013,1,09176,***,렌탈프린터 임차용역(강원권역),용역,DSS,국군제1068부대,202403201030,L454C,정욱,,김교욱,01053619588,"강원특별자치도 원주시 흥업면 북원로1600, 108동 303호 (남원주 두산위브)",88.002,31271140
1099,DSS0012,1,09175,***,렌탈프린터 임차용역(경기권역),용역,DSS,국군제1068부대,202403201030,I4C53,다은컴퍼니,Daeun Company,정은주,07089596457,"경기도 남양주시 오남읍 진건오남로615번길17, 302동 201호(삼왕하이츠)",88.07,42299810
126,SDF0037,1,09047,***,자동에어호스릴 등 87종,물품,SDF,제5738부대,202403201030,M8DB3,죽도상사,,이동민,0547273320,경상북도 포항시 북구 흥해읍 초곡지구로58번길52-0 (초곡 삼구트리니엔 시티) 110동 2802호,88.002,5904019
15,LCM0017,1,09046,***,'24년 전반기 도식교보재 제작재료 구매,물품,LCM,육군교육사령부,202403201030,HD4D9,MS 컴퍼니,MS컴퍼니,정미선,01034731830,"대전광역시 서구 관저북로87,  14층 104-1402 (관저동,원앙)",88.06,20440053
59,SDF0035,1,09041,***,제로이드 인텐시브 로션 등 67종,물품,SDF,제5738부대,202403201030,I50BF,주식회사 주원팜,juwonpharm,조동원,010-3358-0270,"서울특별시 관악구 신림로340, 7층 에이703호(신림동, 르네상스복합빌딩)",88.057,20116480
138,SCH0039,1,08981,***,24-욕 도서지역 제초 관리 용역,용역,SCH,해군작전사령부,202403201030,B9890,주식회사 솔빛조경,SolBit,유재현,0552763871,경상남도 창원시 의창구 도계로12번길 5 (도계동)빨마데파트2차 105호,88.008,30433683
31,SCH0038,1,08982,***,24-부-00지역 소방점검 용역,용역,SCH,해군작전사령부,202403201030,DFBB6,(주)대한소방이앤지,DAEHAN SOBANG E.N.G,김성수,0518939119,"부산광역시 부산진구 동평로39번길17-0 (당감동), 2층",88.078,31929810
38,SCP0033,1,08978,***,더블에이 복사용지 A4 등 200종 구매,물품,SCP,제8385부대,202403201030,L99E4,주식회사 글로벌엠제이,,김미정,01094360925,"강원특별자치도 동해시 동해대로5464, 2층 203-48호(평릉동)",88.183,8923240
538,SFN0026,1,09276,***,체력단련기구 구매 설치,물품,SFN,연평부대,202403201030,J6A9B,메이,,이월매,01088316799,"인천광역시 계양구 동양로100 (동양동), 305동 1501호",88.018,20148470
2033,LQH0021,1,09256,***,24년 안전물자세트 구매,물품,LQH,제3697부대,202403201030,LFD74,히바네상점,,이영란,01040735443,경기도 여주시 세종로40번길13-15 (창동) 2충,88.008,24643645
34,LPC0008,1,09181,***,24-1차 전산운영용품 구매,물품,LPC,제25보병사단,202403201030,M02C2,썬로즈2,,김소정,0318247338,"경기도 양주시 회천남로14, 1410동 1803호(옥정동, 세영리첼 레이크파크)",88.029,24844748
4,LCT0006,1,09209,***,24년 1분기 전문도서 구매,물품,LCT,육군포병학교,202403201030,GECD1,(주)한일,hanil,김동신,0612798502,전라남도 목포시 용당로225-1 (용당동),90.113,1441900
5887,LDG0021,1,09196,***,24-1차 안전물자 구매,물품,LDG,육군 탄약지원사령부,202403201030,JDCCB,경방이앤씨,,박지운,07088398230,인천광역시 서구 봉수대로1503-6 (금곡동),88,17673420
3,SCP0035,1,09183,001,취사 및 난방 연료(LPG) 구매,물품,SCP,제8385부대,202403201030,H4642,속초가스충전소주식회사,siminenergy,임평모,0336355747,강원특별자치도 속초시 미시령로3239-0 (교동),99.217,1347
96,SEE0012,1,09198,***,체스터(바지장화) 등 31품목 구매,물품,SEE,제9해병여단,202403201030,KF891,투와이솔루션,,양원열,01045174900,제주특별자치도 제주시 서사로8길8-0 (삼도일동) 3층 303호,88.001,45932300
66,MDE0001,1,09195,***,00부대 UPS 노후 부품 설치납품,물품,MDE,제3공수특전여단,202403201030,D7B91,(주)동명이엔씨,DONGMYUNGENC,이정희,0315933057,경기도 남양주시 화도읍 수레로947-32,88.013,27164493
136,SCN0058,1,09020,***,쇄석자갈 등 53종 구매,물품,SCN,제7001부대,202403201030,M3420,다한마켓,,OHSHIMA AYANO,010-5389-2724,"경상남도 창원시 마산회원구 내서읍 숲속로27, 604동 301호",88.008,41159309
2456,LDG0019,1,09150,***,24년 비파괴검사 재료 구매,물품,LDG,육군 탄약지원사령부,202403201030,L7B28,이현,,이동석,010-7337-8189,"경기도 부천시 조마루로134-0 (중동, 보람마을아주아파트) 1112동 102호",88,27259680
2,LFP0004,1,09157,***,24년 보병교 음식물류폐기물 위탁처리,용역,LFP,육군보병학교,202403201030,G9F21,케이씨네트웍스주식회사,kcnetworks,김원상,0623667272,광주광역시 광산구 상무대로507-11 (우산동),89.704,29383200
315,LCH0019,1,07584,***,물탱크 청소 용역(특-24-용-7),용역,LCH,특수전사령부,202403201030,I27D6,황금청소,hwangkeum chong seo,소옥자,01048554857,경기도 용인시 처인구 포곡읍 포곡로297번길12-0,88.004,40521800
14,SCL0019,1,09146,***,무선바코드리더기 구매,물품,SCL,해군사관학교,202403201030,F4C31,경북상사,kyongbuk,김보민,07070792933,경상남도 창원시 의창구 명서로4번길17-0 (명서동),96.087,570000
5,SCL0018,1,09137,***,DVD(교섭 등 70종) 구매,물품,SCL,해군사관학교,202403201030,F4C31,경북상사,kyongbuk,김보민,07070792933,경상남도 창원시 의창구 명서로4번길17-0 (명서동),88.064,1498000
16,SCU0028,2,09066,***,'24~'27 ㅇ전단 정수기(21대) 임차 용역,물품,SCU,해군 기동함대사령부,202403201030,JCDD7,토마토,,이지원,0322558625,경기도 부천시 성주로86-4  102-701,88.259,40635000
139,LHQ0014,1,09063,***,24-2차 전산운영용품 구매,물품,LHQ,제2작전사령부,202403201030,K57DC,성희기업,,김성기,0532466330,"대구광역시 동구 효동로16, 3층 301호(효목동, 우남로즈아파트)",88,8805830
465,LKH0007,1,09162,***,'24년 전산운영용품 구매,물품,LKH,제6128부대,202403201030,M3F8E,근영 인셀덤,,김근영,01044522389,"경상남도 창원시 성산구 중앙대로100번길14, 1225호(상남동, 스타타워즈)",88.01,29191733
111,SCF0254,1,09163,***,"호이스트,체인식 등 13종",물품,SCF,해군군수사령부,202403201030,JE890,정빈테크,,공미경,070-4772-1096,경상남도 창원시 성산구 원이대로580번길3-0 (중앙동) 3층 343호,88.01,15258833
16,SCU0028,1,09066,***,'24~'27 ㅇ전단 정수기(21대) 임차 용역,물품,SCU,해군 기동함대사령부,202403201030,JCDD7,토마토,,이지원,0322558625,경기도 부천시 성주로86-4  102-701,88.259,40635000
10,LPG0004,1,09102,***,'24-1차 전산운영용품 구매,물품,LPG,제5보병사단,202403201030,ED820,이즈컴넷,iscomnet,김창범,031-965-4380,경기도 연천군 청산면 학담로107번길12-2,88.164,30077080
15,LPC0007,1,09097,***,24년 실내 공기질 측정 용역,용역,LPC,제25보병사단,202403201030,KED1F,주식회사 지이아이분석센터,,장혜용,0313666901,경기도 화성시 향남읍 장안로764-36,88.141,13333969
33,SDL0009,1,09457,***,24-00아파트 소방시설 점검용역,용역,SDL,재경근무지원대대,202403201030,IEE58,(주)경원소방기술단,,임권철,029481119,"서울특별시 노원구 화랑로421, 지하1층 101호(공릉동, 한일휴니스빌)",88.025,6063000
5,SDF0036,1,09042,***,Eyescan Blue Lightbar 등 2종,물품,SDF,제5738부대,202403201030,E8E46,동진상사,dong jin sang sa,윤영현,07070792933,"경기도 평택시 평택5로34번길48, 402호(합정동)",93.986,3384000
30,SCF0266,1,08403,001,초콜릿(초콜릿 가공품류) 구매,물품,SCF,해군군수사령부,202403201030,K4AB9,주식회사 푸드앤하우스,,김형석,01021205255,경상남도 양산시 평산회야로9-2(평산동),88.064,553.3
180,SFN0024,1,09271,***,"24-Y-부대조달부식(면류, 빵류, 식육, 어육) 구매납품",물품,SFN,연평부대,202403201030,ED9DD,(주)해도식품,haedofood,윤현주,0616427322,전라남도 여수시 국동남8길10(국동),82.996,398386950
9,SFG0039,1,09070,***,24-K-이동식 화장실 임차 용역,용역,SFG,제9181부대,202403201030,CE308,고은상사,goeun,김진웅,0318641519,경기도 동두천시 평화로2349번길8-9 (생연동),90.03,69199990
545,SCF0257,1,08540,***,"(긴급)스위치 유닛,전력전달용 등 10종",물품,SCF,해군군수사령부,202403201030,M1E67,일용상사,,권윤주,010-4611-6464,경상남도 창원시 의창구 북면 동곡로35-0 (창원무동휴먼빌아파트(2단지)) 205-804,93.737,90313320
30,SCF0266,2,08403,001,초콜릿(초콜릿 가공품류) 구매,물품,SCF,해군군수사령부,202403201030,K4AB9,주식회사 푸드앤하우스,,김형석,01021205255,경상남도 양산시 평산회야로9-2(평산동),88.064,553.3
31,SCF0265,1,08393,001,"워터젤리(과채음료, 혼합음료, 캔디류) 구매",물품,SCF,해군군수사령부,202403201030,LB6A3,로아푸드,,강이경,07040621714,"경상남도 창원시 진해구 용원중로25번길6-19 (용원동), 101호",88.055,758.3
25,SCF0264,1,08389,001,과일푸딩(캔디류) 구매,물품,SCF,해군군수사령부,202403201030,M5110,태산,,김소영,01021205255,경상남도 양산시 덕계로80-0 (덕계동),88.049,482
32,SCF0263,1,08387,001,떠먹는 토핑형 발효유(발효유류) 구매,물품,SCF,해군군수사령부,202403201030,LB1CA,진해식자재마트,,박종열,0555527091,경상남도 창원시 진해구 조천북로76-0 (경화동),88.025,932.9
30,SCF0262,1,08378,001,짜먹는 발효유(발효유류) 구매,물품,SCF,해군군수사령부,202403201030,J1559,행복유통,,이윤영,055-546-0842,경상남도 창원시 진해구 태평로48번길2-0 (태평동)1층,88.078,303.5
30,SCF0260,1,08373,001,마시는 발효유(발효유류) 구매,물품,SCF,해군군수사령부,202403201030,DEACD,태양이엔지 주식회사,TAEYANG ENG,박준희,0553539885,경상남도 밀양시 중앙로 129(),88.035,923.72
30,SCF0258,1,08366,001,떠먹는 발효유(발효유류) 구매,물품,SCF,해군군수사령부,202403201030,L3563,지지그린 주식회사,,이석환,0313123571,경기도 시흥시 신천로79번길22 (신천동) 2층,88,480.73
29,SCF0256,1,08362,001,찹쌀떡 아이스크림 구매,물품,SCF,해군군수사령부,202403201030,K4AB9,주식회사 푸드앤하우스,,김형석,01021205255,경상남도 양산시 평산회야로9-2(평산동),88.003,916
30,SCF0255,1,08360,001,팥빙수(빙과류) 구매,물품,SCF,해군군수사령부,202403201030,M597F,거제축산물급식센터 주식회사,,이정미,0556339393,경상남도 거제시 수양로210 (양정동),88.063,1538.8
4,SCF0252,1,08340,***,24-보-일반폐기물(기타잡류 등 6종) 처리용역,용역,SCF,해군군수사령부,202403201030,B4102,주식회사 케이비아이국인산업,"kookin industry co.,Ltd",시명권,0544731116,경상북도 구미시 3공단3로 46-79(),84.474,117578760
3014,SCF0246,1,08287,***,"(긴급) 밸브, 글로브형 등 27종",물품,SCF,해군군수사령부,202403201030,L9D1A,나연,,김나연,010-3511-5524,인천광역시 서구 청라한내로72번길1307호,87.996,75450000
422,SCF0245,1,08285,***,"(긴급) 등, 선박항해용 등 4종",물품,SCF,해군군수사령부,202403201030,C9D92,주식회사 경동기공,"KYUNGDONG MACHINERY INDUSTRIAL CO., LTD.",김동조,0553434551,경상남도 김해시 진영읍 하계로232-27,87.998,14118379
479,SCF0243,1,08282,***,"(긴급) 노즐, 연료 분사용 등 84종",물품,SCF,해군군수사령부,202403201030,KE65C,다은컴퍼니,,국다은,01049143053,"인천광역시 미추홀구 낙섬동로134, 102동 2602호(용현동, 용현자이크레스트)",87.995,160852980
2,SCF0261,1,07376,***,'24년 잠수함 상가대 외주정비,물품,SCF,해군군수사령부,202403201030,B63EB,주식회사종합해사,JONGHAP MARITIME INC.,정규화,0514137701,부산광역시 영도구 남항남로22-0 (남항동3가),84.398,1449690000
471,SCF0249,1,06349,***,"호스,비금속제 등 30종 구매",물품,SCF,해군군수사령부,202403201030,M5E1B,인플러스,,김정인,01045277323,"대구광역시 달서구 상원로1길13, 302호(상인동)",88.003,68187260
342,SCF0248,1,05957,***,디스플레이 유닛 등 2종 구매,물품,SCF,해군군수사령부,202403201030,M825B,여경,,여경숙,010-7338-1106,"경상북도 포항시 북구 칠성천길40, 4층 -110(죽도동)",89.244,61220795
606,SCF0244,1,05904,***,디스플레이 유닛 27EA 구매,물품,SCF,해군군수사령부,202403201030,M1E67,일용상사,,권윤주,010-4611-6464,경상남도 창원시 의창구 북면 동곡로35-0 (창원무동휴먼빌아파트(2단지)) 205-804,90.812,158800000
4,SCF0247,1,05052,***,잠수함(SS-I) 유압모터 등 3종 정비,물품,SCF,해군군수사령부,202403201030,D7B1E,풍양중전기산업,"POONG YANG HEAVY ELECTRIC CO,.",조용운,0317657001,"경기도 성남시 중원구 광명로89, 에이557호(성남동, 성남 센트럴 푸르지오 시티)",84.893,27030529
3529,SCF0211,2,04375,***,"나사, 캡식 6각 머리형 등 13품목",물품,SCF,해군군수사령부,202403201030,LD458,해피 스마일,,장인선,01053971111,"서울특별시 중랑구 겸재로99-9, 403호(면목동, 삼성프라임)",87.995,37104807
170,LKP0078,1,09191,***,24년 2분기 부대계약부식(빵-23종) 제조/구매,물품,LKP,5군수지원사령부,202403201030,L7CDA,이엠미트,,임은미,0519732536,부산광역시 강서구 대저중앙로172번길49-0 (대저1동),83.083,673561316
26,LHQ0013,2,08092,***,24년 토양오염도검사 용역,용역,LHQ,제2작전사령부,202403201030,LFF2C,재단법인 케이라인환경기술원,,이현채,0627101191,광주광역시 광산구 평동금곡길39(연산동),87.772,26502500
23,LHQ0012,2,08089,***,24년 오수처리시설 방류수 수질검사 용역,용역,LHQ,제2작전사령부,202403201030,B11B2,영진환경산업(주),YOUNG JIN ENVIRONMENTAL CO,하은용,0312396627,"경기도 수원시 권선구 매송고색로634-21 (고색동, 영진환경산업(주))",87.771,33166400
95,LGI0027,1,09251,001,'24년 부대조달 후식(생수) 구매,물품,LGI,제3군수지원여단,202403201030,BDF16,(주)두원비엔에스(B＆S),,권오정,0522665200,울산광역시 북구 명촌16길9-8 (명촌동),82.997,282.2
2,MHD0012,2,03092,***,2024년 바세나르체제 군용물자목록 개정소요 연구,용역,MHD,방위사업청(운영지원과),202403191500,D29AE,무역안보관리원,Korean Security agency of Trade and Industry,서정민,0260006400,"서울특별시 강남구 영동대로511, 16층(무역센터 트레이드 타워)",,59070000
2,MHD0025,1,07693,***,함정적기전력화를 위한 시운전제도 개선방안 연구,용역,MHD,방위사업청(운영지원과),202403191500,C46DF,서울대학교 산학협력단,Seoul National University R&DB Foundation,김주한,028805163,서울특별시 관악구 관악로1 (신림동),,51500000
40,EBB0001,1,0003,***,24년 수입봉류,물품,EBB,지상공통전력운영계약팀,202403191430,HD46C,대현테크,DAEHYEON TECH,전현규,0518319720,부산광역시 강서구 평강로171번길259-0 (대저1동),88.029,200713500
4,EBB0002,1,1031,***,24년 격발장치부품류,물품,EBB,지상공통전력운영계약팀,202403191430,2781F,(주)경도,"Kyung Do Co ., Ltd",조영,0553757001,경상남도 양산시 상북면 홍룡로42,84.164,1370259000
12,LDH0150,2,04397,***,통신장비 트랜지스터 1종 구매,물품,LDH,육군종합정비창,202403191300,BE73A,한국센서테크,"sensortech korea co., ltd.",윤영근,01062646977,"서울특별시 강서구 강서로68길 36, 주공상가 206호(등촌동)",98.81,26323000
267,SCF0241,1,08961,***,"핸디줄자 등 1,120종",물품,SCF,해군군수사령부,202403191300,L242F,포에스,,신주연,01076787816,"경상남도 창원시 성산구 원이대로774, 107동 2403호(상남동, 성원아파트)",88.001,43763713
276,SCF0238,1,08963,***,"더블에이 A4 복사용지 등 1,502종",물품,SCF,해군군수사령부,202403191300,KF8E0,울산종합상사,,조주훈,01085574269,"경상남도 창원시 마산합포구 문화북1길13, 4층(중앙동1가)",88.006,27978260
443,SCF0239,1,07945,***,"(긴급)힌지, 버트형 등 41종",물품,SCF,해군군수사령부,202403191300,HC427,제일테크,JEILTECH,김문길,0512656997,부산광역시 사하구 다대로613-0 (다대동) 자유마트 220호,90.65,131191500
295,SCF0240,1,07925,***,"(긴급)휠, 연마용 등 22종",물품,SCF,해군군수사령부,202403191300,HC427,제일테크,JEILTECH,김문길,0512656997,부산광역시 사하구 다대로613-0 (다대동) 자유마트 220호,89.571,18125360
9,LDH0298,1,07409,***,"K200 너트,풀림방지식 등 24종 구매",물품,LDH,육군종합정비창,202403191300,LB760,에스케이(SK)산업,,박수경,07043008540,경상남도 창원시 성산구 원이대로774 (상남동) 512-304,88.418,22978600
10,LDH0297,1,07406,***,"K200 디스크,클러치,차량용 등 12종 구매",물품,LDH,육군종합정비창,202403191300,EB989,진광사,,최진욱,010-4410-2737,경상남도 김해시 진영읍 진영리1611-3 중흥s클래스 119-105,88.007,33450000
3,LDH0294,1,07400,***,"K200 나사,캡식,6각 머리형 등 16종 구매",물품,LDH,육군종합정비창,202403191300,BDFC7,현대정밀가스켓,,이의정,051-802-7662,부산광역시 사상구 가야대로175번길29-0 (감전동),88.885,16167000
3,LDH0290,1,07308,***,(정비) 안전밸트 구매,물품,LDH,육군종합정비창,202403191300,D417C,주식회사 구정,"GUjeong  co.,ltd",최정혜,0336444877,강원특별자치도 강릉시 구정면 모산로169번길 141(),87.998,3087000
2,LDH0308,1,07262,***,"K21 파이프,금속제 등 12종 구매",물품,LDH,육군종합정비창,202403191300,FBED3,성도산업,"sung do co.,",김정기,055-329-9880,경상남도 김해시 상동면 매리230-10,88.122,9545000
2,LDH0304,1,07253,***,"K21 와셔,스프링 등 35종 구매",물품,LDH,육군종합정비창,202403191300,L769E,디에스테크,,김동욱,010-7207-3737,부산광역시 부산진구 성지로34번길15-0 (연지동) 1층,88.929,5357473
4,LDH0270,1,06756,***,K1전차 코드조립체 등 4종 구매,물품,LDH,육군종합정비창,202403191300,M81CD,도하테크,,이은선,051-303-5134,부산광역시 강서구 대저로3번길52-15 (대저1동),88.134,3630830
25,LDH0266,1,06740,***,K1전차 볼트 등 2종 구매,물품,LDH,육군종합정비창,202403191300,ICFF6,삼원볼트공업,,이상문,051-941-1007,부산광역시 강서구 화전산업대로276-0 (녹산동),88.786,21767300
8,LDH0286,1,06254,***,발칸 케이스 구매,물품,LDH,육군종합정비창,202403191300,L06F8,코비상사,,김일우,051-704-2226,"부산광역시 강서구 명지국제2로41-0 (명지동, 더샵 명지퍼스트월드 3단지) 309동 2406호",88.097,16989700
10,LDH0282,1,06234,***,발칸 장기조립체 구매,물품,LDH,육군종합정비창,202403191300,LB760,에스케이(SK)산업,,박수경,07043008540,경상남도 창원시 성산구 원이대로774 (상남동) 512-304,88.177,6729300
12,LDH0280,1,06210,***,발칸 심봉세트 구매,물품,LDH,육군종합정비창,202403191300,L16AC,환호테크,,서선희,0513283412,부산광역시 사상구 가야대로103번길10(감전동),88.046,14240000
21,LDH0275,1,06195,***,발칸 베어링 등 7종 구매,물품,LDH,육군종합정비창,202403191300,M825B,여경,,여경숙,010-7338-1106,"경상북도 포항시 북구 칠성천길40, 4층 -110(죽도동)",89.06,27231000
24,LDH0273,1,06178,***,발칸 계전기 구매,물품,LDH,육군종합정비창,202403191300,L06F8,코비상사,,김일우,051-704-2226,"부산광역시 강서구 명지국제2로41-0 (명지동, 더샵 명지퍼스트월드 3단지) 309동 2406호",88.019,24467700
8,EBB0003,1,2330,***,"기어조립체,감속기용(자주포류)",물품,EBB,지상공통전력운영계약팀,202403191100,K5EF4,주식회사 조은이엔지,,손현정,010-5067-7578,부산광역시 강서구 평강로171번길259 (대저1동),88.107,24632800
20,LMP0010,1,09017,***,24년 1분기 전산운영용품(1),물품,LMP,제3보병사단,202403191100,G6FA1,(주)까치,dmzdesignjokyoung,송현주,0334522719,강원특별자치도 철원군 갈말읍 상사로315-0 (주택),88.016,19654915
7,LMP0006,3,05012,***,24년 전기안전관리 업무대행 용역(강원),용역,LMP,제3보병사단,202403191100,F9940,(주) 현대전기안전관리,hyundai,박준범,0336510133,강원특별자치도 강릉시 성덕포남로182번길3-0 (포남동),88.289,84923020
21,LHM0028,1,08789,***,24-신-100부대통합취사장개수공사(003호)(건설폐기물),용역,LHM,제15보병사단,202403191100,BA31D,(합)강원환경,kang won env,원우성,033-435-6625,강원도 홍천군 홍천읍 미루나무길 58(),88.122,11447000
10,MCS0039,1,08917,***,(지구병원-008) 의약품 8차 13종 구매,물품,MCS,국방부계룡대근무지원단,202403191100,L565F,주식회사 스카이팜,,박만훈,07088052192,경기도 안양시 동안구 갈산로41(호계동) 101호,88.109,33395000
95,UMM0217,1,08384,***,(24G004-H)24년 전산장비 유지보수 용역,용역,UMM,국군재정관리단,202403191100,D4252,소성정보기술 주식회사,Sosung Information Technology,김금남,028559503,서울특별시 구로구 공원로11길 33(구로동),87.88,89787022
129,UMM0214,1,07120,***,(247121-C) 수술재료2 3종 구매,물품,UMM,국군재정관리단,202403191100,K818B,주식회사 위플메드,,조보현,07051542514,대전광역시 중구 대종로550번길5-0 (선화동) 유원오피스텔 1102호,98.198,62539000
171,UMM0196,1,06668,***,24-N-IC검사기 구매(248064-F),물품,UMM,국군재정관리단,202403191100,BD872,큐텍코리아,QTECH KOREA,조덕래,0423367711,"대전광역시 유성구 테크노3로 65, 한신에스메카 419호(관평동)",90.158,330000000
82,UMM0239,1,06582,***,(247111-C) 발굴부대 피복(상의) 제조,물품,UMM,국군재정관리단,202403191100,K56EB,사)한국장애인문화예술인협회 인쇄사업단,,김영명,0637143967,전북특별자치도 전주시 덕진구 추천로47-28 (팔복동3가),88.01,77650580
1188,UMM0208,1,05194,***,24-N-보어스코프 시각검사장비 구매,물품,UMM,국군재정관리단,202403191100,L454C,정욱,,김교욱,01053619588,"강원특별자치도 원주시 흥업면 북원로1600, 108동 303호 (남원주 두산위브)",87.995,65981760
57,UMM0215,1,04549,***,(246074-D)형광우의 등 2종 제조,물품,UMM,국군재정관리단,202403191100,G9ACF,주식회사 에스지윈,,박세혁,0226477651,경기도 김포시 통진읍 율마로339-35,88.066,65845200
10,UMM0199,1,04228,***,24-F-형광투시검사 유니트 제조(249023-F),물품,UMM,국군재정관리단,202403191100,A4A61,호진산업기연(주),"HO JIN INDUSTRIAL CO.,LTD",안형근,025545321,서울특별시 강남구 봉은사로50길 45(),88.019,163164100
358,UMM0213,1,04112,***,24-M-화상회의체계 교체(리스물건),물품,UMM,국군재정관리단,202403191100,08604,주식회사 우광,"WooKwang Co., Ltd.",장애정,07077568828,"강원특별자치도 철원군 갈말읍 명성로212, 2층",88.001,168235070
75,UMM0240,1,03815,***,(247056-C) 24년 유해발굴사업 피복류 제조,물품,UMM,국군재정관리단,202403191100,IC6F9,동선,,김현태,0315910618,경기도 남양주시 화도읍 비룡로379번길19-11,88.064,99498850
149,MDG0078,1,06915,***,24년 의무장비(테이블 추나요법용) 구매,물품,MDG,국군의무사령부,202403191100,L9D1B,주식회사 에스엠플래닛,,조현선,05056887272,"경기도 성남시 수정구 창업로43-0 (시흥동)1층, 글로벌비즈니스센터",93.373,7262752
411,MDG0077,1,06907,***,24년 의무장비(지속적 피동운동기) 구매,물품,MDG,국군의무사령부,202403191100,J97FA,휴앤케어,,박진형,0533272208,대구광역시 북구 학남로60 (학정동),87.996,11552940
59,LNR0009,1,08751,***,'24년 정수기 임차용역,용역,LNR,수도기계화보병사단,202403191100,I2A19,주식회사 디와이매직,DYMAGIC,정대영,0215886730,"서울특별시 구로구 고척로27길81, 1층(개봉동, 에스케이매직)",87.775,162518400
187,LMU0010,1,08120,001,(24-급-006) `24년 부대조달 후식(빙과류),물품,LMU,제7군수지원단,202403191100,G2265,주식회사 야미푸드,yamifood,손희영,0317048980,경기도 이천시 덕평로691번길46-0 (마장면),82.998,6581.48
185,LMU0013,1,07823,001,(24-급-009) 24년 부대조달 후식(판형 초콜릿 등 6종),물품,LMU,제7군수지원단,202403191100,I5511,주식회사 팜스웰홀딩스,"pharmswellhds co,.ltd",서태희,0535656624,"대구광역시 달서구 성서로36길69, 1층(월암동)",83.004,4905.07
188,LMU0012,1,07822,001,(24-급-008) `24년 부대조달 후식(발효유류),물품,LMU,제7군수지원단,202403191100,F8F2B,매쉬미디어(주),"Mash Media Co., Ltd",김문선,07088316061,서울특별시 마포구 양화로183-0 (동교동) 효성홍익인간오피스텔 14층 1412호,83.007,3036.96
5,LCG0021,1,05430,***,[24-육-38] 군사경찰 피복(행사 전투화 등 3종) 제조,물품,LCG,육군본부,202403191100,G5A29,영광제화,YoungGwang shoemaking,김은광,0325487339,인천광역시 부평구 세월천로221(청천동) 영광빌딩 3층,88.518,33616900
5,LCG0020,1,05428,***,[24-육-33] 군사경찰 피복(헬멧 등 2종) 제조,물품,LCG,육군본부,202403191100,EBBD5,(주)성원,"SUNG WON CO.,LTD.",정민철,0315270780,경기도 남양주시 진접읍 부마로106번길148-2,96.908,24121900
82,HDS0004,1,08303,***,미-24-제초관리용역2(진천),용역,HDS,공군미사일방어사령부,202403191100,I8D7F,주식회사 아토,ATO,한순임,0438485921,충청북도 충주시 주덕읍 당우리길413-41,88.14,20529685
141,HDS0003,1,08298,***,미-24-제초관리용역1(대천),용역,HDS,공군미사일방어사령부,202403191100,BCFCB,(주)한국자연표본연구소,JAJK,유선남,0418585133,"충청남도 공주시 의당면 의당로350, 2층 201호",88.002,40782346
149,HDP0012,1,08671,***,'24년 라인지역 제초 유지관리 용역,용역,HDP,공군제19전투비행단,202403191100,E41E6,주식회사 명장건설,,박민창,07088083399,"충청북도 괴산군 청안면 광장로594, 제비동호",85.506,284673000
217,HCS0005,1,08727,***,'24년 사천기지 일반지역 제초,용역,HCS,제3훈련비행단,202403191100,M0125,그린포레 주식회사,,이승배,0555839225,"경상남도 함안군 산인면 송산로122 , 202호",87.756,124848400
7,HCF0043,1,07505,***,'24~'25 E-737 지상지원체계 유지보수,용역,HCF,공군군수사령부,202403191030,C08E2,(주)이엔씨테크,ENCTECH,이종희,0432340006,충청북도 청주시 흥덕구 2순환로742번길2 (화계동),86.216,215250000
60,SCQ0026,2,07805,***,의약품 및 의료물품(타세놀정 등 44종)구매,물품,SCQ,제9911부대,202403191030,E186F,주식회사 한스피엠아이,HANS P.M.I Corp.,한경아,0313463092,경기도 군포시 고산로151번길28-0 (당정동) 403호,88.534,21922410
32,MCS0041,1,08941,***,24-OO지역 실내공기질 측정용역,용역,MCS,국방부계룡대근무지원단,202403191030,HEC9A,주식회사 그린포레,greenforet,문존회,0315955898,"경기도 남양주시 경춘로1260-0, 605호(평내동, 하나프라자)",88.084,28767340
166,SFL0013,1,08782,***,안전밴드 등 136품목 구매,물품,SFL,제3283부대,202403191030,M2B30,영신상사,,오향익,05050585152,"경상북도 포항시 북구 중앙로419번길21, 101동 602호(우현동, 대동우방타운)",88,48688210
35,MCT0015,1,09024,***,태권도부 운동용품(발센서 등 12종)구매,물품,MCT,국군체육부대,202403191030,H751B,진성,ZinSung,신진업,070-8870-0072,경상남도 창원시 의창구 대산면 봉강가술로519-0 번지,98.136,13483169
976,MCT0014,1,09025,***,침구류(겨울이불 등 5종)구매,물품,MCT,국군체육부대,202403191030,M2AAD,해리유통,,이정미,01090421500,"서울특별시 강북구 한천로105길23, 113동 605호(번동, 번동1단지주공아파트)",88,16312100
50,SCR0034,1,08140,***,퓨얼 쿡 어세이 등 11종 구매,물품,SCR,해군제3함대사령부,202403191030,LBC44,주식회사 케이디제이,,강동주,01020008184,"전라남도 목포시 영산로93-1, 4층 476호 명륜동, 전남빌딩(명륜동)",88.029,7668472
66,SCR0033,1,08137,***,"가열기, 냉각제, 엔진용 등 25종 구매",물품,SCR,해군제3함대사령부,202403191030,L3920,주식회사 오비엔,,임호,01051730277,"전라남도 목포시 영산로93-1, 5층 527호(명륜동, 전남빌딩)",88.028,28588380
23,SCK0034,1,08864,***,24-00사 실내공기질 측정 용역,용역,SCK,해군교육사령부,202403191030,C378B,실내환경연구소 주식회사,INAIR Co,김성훈,0515124225,부산광역시 해운대구 센텀북대로1609호,88.01,25503000
281,SCF0237,1,08859,***,직결식마스크 등 303종,물품,SCF,해군군수사령부,202403191030,LC710,패뷸러스,,김민수,01086656515,"경상남도 창원시 마산합포구 중앙동3길22, 108동 701호",88.004,20933350
79,SCR0028,1,08892,***,천장재 흡읍 텍스 등 138종 구매,물품,SCR,해군제3함대사령부,202403191030,CC14D,복음출판사,bogeum,장승택,0612780303,전라남도 목포시 용샘길16번길14-2 (용당동),88.014,67118770
2057,LDG0017,1,08865,***,24년 유도탄 군직정비용 자재 구매,물품,LDG,육군 탄약지원사령부,202403191030,FF89A,우영상사,wooyoung,장우영,01098000898,경상북도 상주시 화서면 봉촌1길75-0,88,47483530
80,LKD0023,1,08844,***,24년 99여단 전투장구보관소용 클린소독기 구매,물품,LKD,제32보병사단,202403191030,M78BB,찰떡궁합,,엄창섭,01052053357,"세종특별자치시  한누리대로1824, 606-5호(반곡동)",88.01,57143060
775,SCQ0028,1,08851,***,24-평 렌탈프린터(40대) 임차 용역,용역,SCQ,제9911부대,202403191030,GD2FE,영진글로벌,youngjin global,윤근영,01089941150,"경기도 광명시 하안로284, 1209동 13층 04호(하안동, 하안12단지고층주공아파트)",88,15675521
147,LNG0004,1,08969,***,'24년 안전물자 세트 구매,물품,LNG,육군 제1군단,202403191030,JF1B4,정안기업,,안선화,0319419350,경기도 고양시 덕양구 통일로1031번길450-0 (내유동),88.018,21926880
6012,LDG0018,1,08911,***,23-1차 전산운영용품 구매,물품,LDG,육군 탄약지원사령부,202403191030,LD5D0,코리엔탈라이프,,강영희,07040429417,대전광역시 대덕구 계족산로5번길72-0 (법동) 2층,88,38791387
76,LGT0020,1,08953,***,'24년 군단 직할 축성도구 구매(24-GP-7),물품,LGT,제2307부대,202403191030,K2119,주식회사제이케이컴퍼니,,오재국,01075986715,강원특별자치도 동해시 동해대로5464-0 (평릉동)2층 203-35호,88.047,6065080
37,SCR0039,1,08176,***,"피스톤, 압축이용 등 5종 구매",물품,SCR,해군제3함대사령부,202403191030,M8CDC,나르샤,,경미르,01026809881,"전라남도 목포시 산정로109번길16, 1층 일부호 (산정동)",88.003,3844213
68,SCR0038,1,08175,***,"센서, 주위온도용 등 11종 구매",물품,SCR,해군제3함대사령부,202403191030,L04D9,해선주 주식회사,,손서윤,0612425164,전라남도 목포시 영산로93-1 (명륜동) 5층538호,97.358,43000000
15,SCR0037,1,08144,***,"접합제, 철 및 강철용 등 2종 구매",물품,SCR,해군제3함대사령부,202403191030,I9EF6,삼호자원,samhojawon,문형미,01099681257,전라남도 영암군 미암면 배드리길50-0,88.588,5540000
68,SCR0032,1,08135,***,윤활방청제 등 28종 구매,물품,SCR,해군제3함대사령부,202403191030,L4A54,주식회사 제이에스엠,,조소현,01046173334,전라남도 목포시 영산로93-1 (명륜동),88.02,2976620
54,SCR0031,1,08133,***,컷팅 방안자 등 316종 구매,물품,SCR,해군제3함대사령부,202403191030,K68BC,신정유통,,장준성,010-8814-8007,전라남도 목포시 영산로93-1 (명륜동) 4층459호,88.016,9693200
32,SCR0030,1,07368,***,반투명 쫄대화일 등 284종 구매,물품,SCR,해군제3함대사령부,202403191030,ICE3F,엠에스유통,,김은화,01036248984,전라남도 목포시 자유로134번길12(산정동),88.099,5203140
18,SCR0029,1,08178,***,연료라인 등 14종 구매,물품,SCR,해군제3함대사령부,202403191030,JA3F8,이지통상,,김혜선,010-2388-5129,전라남도 목포시 영산로93-1 (명륜동),88.197,11211700
2,SCF0236,1,07102,001,24-00창 폐패각 위탁처리용역,용역,SCF,해군군수사령부,202403191030,E9449,지산산업 주식회사,Jisan Industry Company,양현석,0556743878,경상남도 고성군 삼산면 공룡로2624-99,88.286,553560
77,SCR0027,1,08901,***,포스트잇 팝업 리필용 노트 등 304종 구매,물품,SCR,해군제3함대사령부,202403191030,I713C,에스에이치상사,SH,임선희,061-281-7118,"전라남도 목포시 당가두로14번길50, 103호(옥암동)",88.013,82143800
12,LMR0017,1,08888,***,24년 서부팀 관리 오수처리시설 수질검사 용역,용역,LMR,제5군단사령부,202403191030,C095E,미령환경개발(주),MI RYEUNG,이재관,024226462,"경기도 하남시 미사강변서로25, F839,F840호 (풍산동,미사 테스타타워 지식산업센터)",88.058,20265000
12,LMR0016,1,08883,***,24년 동부팀 관리 오수처리시설 수질검사 용역,용역,LMR,제5군단사령부,202403191030,LF63F,주식회사 피엘아이환경연구원,,이준기,03180134570,"경기도 수원시 권선구 산업로198-0 (고색동) 수원델타원지식산업센터 716호,717호",88.035,36450000
14,SFG0036,1,08857,***,24-K-폐수처리시설 위탁관리 용역,용역,SFG,제9181부대,202403191030,BFC57,에이스네이처 주식회사,acenature,박상준,0328610007,인천광역시 연수구 청량로70번길14-11 (동춘동),88.026,42413200
6,LPM0002,1,08817,001,대-주-1 금촌에버나인 아파트 도배 및 장판 보수,용역,LPM,제9보병사단사령부,202403191030,JC0E3,주식회사 오복이엔씨,,권규행,0319216417,경기도 파주시 송학말길21(야당동),88.163,80837000
594,LNQ0015,1,08592,***,24년 1차 전산운영 소모품 구매,물품,LNQ,제17보병사단,202403191030,JA7D5,제이앤컴퍼니,,신현옥,01096115584,"인천광역시 미추홀구 경인로252번길45, 2동 102호(도화동, 도화빌라)",88.009,52606820
471,DSS0011,1,08602,***,00학교 청소관리 용역,용역,DSS,국군제1068부대,202403191030,GAB38,주식회사 경영,kyungyoung,이주현,0312241018,경기도 화성시 병점중앙로169번길11-0 (진안동),88.002,36838130
247,HCQ0014,1,09257,***,24-038 UTP 케이블 등 37종,물품,HCQ,공군제5공중기동비행단,202403191030,L02B4,제이앤제이 이엔지,,노선영,0512911220,부산광역시 강서구 명지국제8로30-0 (명지동),88.001,29751557
5,LFC0022,1,08771,***,24년 실내 공기질 측정 용역,용역,LFC,육군훈련소,202403191030,JCCB8,주식회사 대한환경,,이용수,0419029119,충청남도 천안시 서북구 두정역서5길4-0 (두정동) 201호,88.368,34884800
26,SCF0234,1,07967,001,과일탄산(탄산음료류) 구매,물품,SCF,해군군수사령부,202403191030,L8DD1,주식회사 에바다,,허아람,0555479241,경상남도 창원시 진해구 안청남로6번길6-0 (안골동) 에바다축산,88.064,505.18
1206,SFN0022,1,08967,***,전선 등 396종 구매 납품,물품,SFN,연평부대,202403191030,LEFDA,뽀야,,백승혜,01091797024,서울특별시 송파구 도곡로62길15-18 (잠실동) 404호,82.996,272947986
2363,SFG0035,1,08365,***,목재류 구매,물품,SFG,제9181부대,202403191030,ID8B7,엠제이코리아,,윤지상,07088398230,"인천광역시 계양구 아나지로332, 202동 306호(작전동, 우림카이저팰리스2단지)",87.995,35910770
28,SCF0235,1,07994,001,샌드형 아이스크림 구매,물품,SCF,해군군수사령부,202403191030,M597F,거제축산물급식센터 주식회사,,이정미,0556339393,경상남도 거제시 수양로210 (양정동),88.019,924.09
28,SCF0228,1,07984,001,팩형 아이스크림 구매,물품,SCF,해군군수사령부,202403191030,FB41E,주식회사 류홀마트,new consulting,양미숙,055-546-0841,"경상남도 창원시 진해구 충무로23-0 (신흥동, 블루빌)",88.003,915.5
27,SCF0231,1,07978,001,과채주스 구매,물품,SCF,해군군수사령부,202403191030,I431B,주식회사 이레유통,irae,강승미,01096466322,경상남도 의령군 정곡면 성황로1길41-4,87.997,600
28,SCF0229,1,07974,001,컵형 아이스크림 구매,물품,SCF,해군군수사령부,202403191030,DEACD,태양이엔지 주식회사,TAEYANG ENG,박준희,0553539885,경상남도 밀양시 중앙로 129(),88.005,2031.46
28,SCF0230,1,07972,001,콘형 아이스크림 구매,물품,SCF,해군군수사령부,202403191030,K3F17,건천유통,,박필란,01093392838,경상남도 합천군 삼가면 삼가중앙길26,88.007,919
26,SCF0234,2,07967,001,과일탄산(탄산음료류) 구매,물품,SCF,해군군수사령부,202403191030,L8DD1,주식회사 에바다,,허아람,0555479241,경상남도 창원시 진해구 안청남로6번길6-0 (안골동) 에바다축산,88.064,505.18
28,SCF0233,1,07960,001,콜라(탄산음료류) 구매,물품,SCF,해군군수사령부,202403191030,I04BA,새늘,saeneul,조희열,055-346-2018,경상남도 김해시 진영읍 진영로454번길75,88.032,697.3
27,SCF0232,1,07955,001,이온음료(혼합음료류) 구매,물품,SCF,해군군수사령부,202403191030,L3563,지지그린 주식회사,,이석환,0313123571,경기도 시흥시 신천로79번길22 (신천동) 2층,88.058,556.65
928,SCF0226,1,07834,***,"(긴급)노즐,연료 분사용 등 4종",물품,SCF,해군군수사령부,202403191030,K7E85,수호유통,,은종현,01033354686,인천광역시 서구 매밭로130-0 (당하동) 1004동 301호,87.996,179586260
992,SCF0225,1,07833,***,"(긴급)공기분배기,시동기용 등 48종",물품,SCF,해군군수사령부,202403191030,K12CF,주식회사 동우커넥트,,임동해,01066719662,"인천광역시 남동구 남동서로236번길30-0 , 2층 222-A252호",87.996,153869050
5547,SCF0219,1,07712,***,"(긴급) 밸브, 안전릴리프형 등 39종",물품,SCF,해군군수사령부,202403191030,EFB55,디자인아트고광균,Designart Ko Kwang-Kyoon,명임숙,0325558822,"인천광역시 계양구 장제로922, 2층 (병방동)",87.995,141606900
471,SCF0222,1,07603,***,"(긴급) 밸브 판, 압축기용 등 95종",물품,SCF,해군군수사령부,202403191030,HC427,제일테크,JEILTECH,김문길,0512656997,부산광역시 사하구 다대로613-0 (다대동) 자유마트 220호,96.775,40931000
363,SCF0220,1,07595,***,"(긴급) 감지소자, 화재탐지장치용 등 70종",물품,SCF,해군군수사령부,202403191030,KC787,토탈marine,,허광주,055-551-4511,경상남도 창원시 마산회원구 회원동로42-1 (회원동),95.334,114273600
816,SCF0221,1,07589,***,"(긴급) 파이프, 배기용 등 2종",물품,SCF,해군군수사령부,202403191030,BCAAC,신영에이텍,SHIN YOUNG A-TECH,이상기,0552510253,경상남도 창원시 마산회원구 봉암공단2길22-5 (봉암동),92.677,9124000
444,SCF0227,1,07554,***,회전자 조립체 구매,물품,SCF,해군군수사령부,202403191030,K50BB,주식회사 칼라투,,김동국,07070792933,"경기도 고양시 덕양구 중앙로558번길16-16, 308-A호(행신동, 능곡종합프라자)",96.121,106333000
326,SCF0216,1,04843,***,그로밋 등 4품목 구매,물품,SCF,해군군수사령부,202403191030,JEBE3,조이스툴,,이나은,0222784433,"서울특별시 서대문구 포방터2길24, 201호(홍은동)",87.997,17618300
443,SCF0223,1,04814,***,00함 엔진 윤활유 구매,물품,SCF,해군군수사령부,202403191030,L2238,성화산업,,이유현,0512317765,"부산광역시 부산진구 중앙대로666번길50, C동 2306호(부전동, 더샵 센트럴스타)",88.504,66156000
5239,SCF0224,1,04642,***,독서대 등 255종 구매,물품,SCF,해군군수사령부,202403191030,LF036,제이앤제이,,진형조,01043840911,"인천광역시 계양구 효서로324, 102동 1801호(작전동, 작전동풍림아이원아파트)",87.995,29894190
7,NIT0003,1,08385,***,24년 수사장비 유지보수 용역,용역,NIT,국방부조사본부,202403191030,JAF44,주식회사 루트웰,,노덕권,07076927353,서울특별시 영등포구 영등포로103 (당산동2가) 하나비즈타워 603호,87.766,42141500
213,LCM0016,1,08568,***,'24년 군견(작전견) 사료 구매,물품,LCM,육군교육사령부,202403191030,L27D4,원파워 주식회사,,김명희,07047722900,"강원특별자치도 원주시 오성마을길63-25, 상가동 201-249호(단구동)",88.027,131468000
211,LBA0028,1,08553,***,‘24년 부대조달 후식(바나나) 구매,물품,LBA,제 2167부대,202403191030,J6361,주식회사 멀티열린세상,,주영철,01020118585,"경기도 광명시 광명로786번길4 (광명동),301호",82.997,179176499
164,LBA0027,1,07873,***,'24년 생수 구매,물품,LBA,제 2167부대,202403191030,CEB63,스파클주식회사,sparkle,전동훈,0226811781,충청남도 천안시 동남구 성남면 대정1길 19-11스파클 주식회사,82.998,1424875461
2444,HCF0046,1,08983,***,고도경보기 구매,물품,HCF,공군군수사령부,202403191030,A4690,명진전기통신(주),myung jin,김진우,0335357351,강원특별자치도 동해시 봉오동길28-10(용정동),87.996,22619330
38,HCF0045,1,08903,***,취사용 앞치마 제조,물품,HCF,공군군수사령부,202403191030,G586C,주식회사 서우,"Seo Woo Co., Ltd.",손민희,0549772877,경상북도 칠곡군 왜관읍 공단로9길36,97.104,34557578
922,HCF0044,1,08894,***,인명구조화 구매,물품,HCF,공군군수사령부,202403191030,JCC4B,스카이코리아,,이건석,01030090456,"서울특별시 동작구 여의대방로22나길79-7, 102호(신대방동, 하이빌)",88,20506840
3,HCF0042,1,08840,***,시동용 발전기 수리부속 외주정비,물품,HCF,공군군수사령부,202403191030,I05B4,주식회사 위드인텍,WithinTek,김덕수,0220818991,"서울특별시 금천구 가산디지털1로58(가산동, 에이스한솔타워)1014호",87.162,33747000
35,HCF0041,1,08014,***,[60전대] 2.5인치 노즐 등 95종 구매,물품,HCF,공군군수사령부,202403191030,B91B7,중앙기업,JOONGANG ENTERPRISE,안태진,053-957-9497,대구광역시 북구 침산로67길50 (침산동),92.975,68770000
3,MHD0015,2,04069,***,KJCCS 경미한 성능개량 사업 비용분석,용역,MHD,방위사업청(운영지원과),202403181500,F4CAC,주식회사 비용관리연구원,Integrated Cost Management Institute,나인성,0314616831,경기도 의왕시 오봉산단3로25 (삼동) 의왕테크노파크 더리브비즈원 1동1528호,,28500000
934,HDQ0015,1,08199,***,24-활주로 제초용역,용역,HDQ,제20전투비행단,202403181100,E7CFD,(주)태영기업,tai young timber,문순금,0549330548,경상북도 성주군 선남면 선노로737-4,87.995,274928220
448,LNR0007,1,08730,***,'24년 비데임차용역,용역,LNR,수도기계화보병사단,202403181100,M70BA,주식회사 미소홀딩스,,구병회,03180435659,"경기도 안산시 단원구 고잔2길45, 7층 701-405호(고잔동, 코스모프라자)",88,45769400
302,LKG0018,1,08659,***,'24-1차 전산운영용품 구매,물품,LKG,육군제53보병사단,202403181100,LF19B,슬기로운생활,,김슬기,01041699763,"부산광역시 연제구 중앙대로1226번길4, 2동 903호(거제동, 한양아파트)",88.002,23565869
30,LHM0027,1,08616,***,(지통-1) 전산운영용품 구매,물품,LHM,제15보병사단,202403181100,M1411,엔피비솔루션,,김후관,01062644720,"강원특별자치도 철원군 갈말읍 태봉로1585-0 ,  201호",88.003,26423000
27,LNR0006,1,08605,***,'24년 시설물검사(전기안전 관리대행) 용역,용역,LNR,수도기계화보병사단,202403181100,DE9A8,청명전력 주식회사,chungmyung,김민우,0314529215,경기도 의왕시 가나무로74 (이동) 지하1층,88.09,39779920
5,LHM0025,1,08635,***,24-신-1 00부대 통합취사장 기계 공사(003호)(재해),용역,LHM,제15보병사단,202403181100,M47E4,주식회사 사람과건설안전,,정영희,03180580248,"경기도 화성시 동탄첨단산업1로27, 금강펜테리움 아이엑스타워, 비동 550호(영천동)",88,2175760
5,LHM0024,1,08634,***,24-신-1 00부대 통합취사장 개수 공사(003호)(재해),용역,LHM,제15보병사단,202403181100,C21F7,정원도시안전진단 주식회사,JCSAFE,문현주,0328890675,"인천광역시 연수구 인천타워대로323 에이동 2202호(송도동, 송도 센트로드)",88.188,2175350
1281,UMM0156,4,05225,***,24-N-해상방책선 연결체인 구매,물품,UMM,국군재정관리단,202403181100,L0E70,행복한 세상,,이명희,01043461561,경기도 이천시 설성면 진상미로924번길175-4,87.997,135677460
1281,UMM0156,5,05225,***,24-N-해상방책선 연결체인 구매,물품,UMM,국군재정관리단,202403181100,L0E70,행복한 세상,,이명희,01043461561,경기도 이천시 설성면 진상미로924번길175-4,87.997,135677460
24,UMM0195,1,05189,***,24-N-육로화물 민간 수송 용역,용역,UMM,국군재정관리단,202403181100,HE3E2,승원익스프레스,SEUNGWON EXPRESS,김진성,0236638367,서울특별시 강서구 곰달래로60길33-0 (화곡동) 2층,87.916,96160750
2,UMM0188,1,03811,***,24~28-D-업무용 차량 임차 용역,용역,UMM,국군재정관리단,202403181100,5190F,현대캐피탈(주),"HYUNDAI CAPITAL SERVICES, INC.",정형진,0221516783,서울특별시 중구 세종대로14(남대문로5가),79.724,2648606400
105,UMM0158,3,03783,***,24-M-조경관리 용역,용역,UMM,국군재정관리단,202403181100,B6DB7,주식회사 현성조경,hyunsung,최수환,0314154162,"경기도 안산시 단원구 광덕2로163-11, 405-2호 (고잔동,21세기빌딩)",88.035,94533690
9,UMM0200,1,03415,***,24-F-중요기록물 DB 구축,용역,UMM,국군재정관리단,202403181100,C559C,주식회사 쇼우테크,"ShowTech Co.,Ltd.",김상우,0518623169,"부산광역시 연제구 반송로30-0 (연산동), 3층",83.028,519246000
1193,UMM0194,1,03015,***,24-N-00창 예초용역,용역,UMM,국군재정관리단,202403181100,K112A,주식회사 우솔,,유순천,0334526484,"강원특별자치도 철원군 갈말읍 명성로240, 나동 102호",87.996,180806940
54,UMM0166,2,02702,***,24-D-자운대지역 방제용역,용역,UMM,국군재정관리단,202403181100,E47A0,다인비엠씨 주식회사,"DAIN BUILDING MANAGEMENT CONSULTING CO.,LTD",최광호,0425245179,"대전광역시 중구 서문로128, A동 802호 (문화동, 글꽃프라자)",87.885,169680000
6,MDD0041,1,08075,***,2024 환자치료식재료(특수영양식품) 구매,물품,MDD,국군수도병원,202403181100,GA2CF,에이치케이푸드,에이치케이푸드,정흥기,01049799558,"경기도 용인시 수지구 진산로108(풍덕천동, 진산마을삼성6차아파트)",93.4,37500000
176,MDJ0005,1,08056,***,의무장비(원심분리기 대형),물품,MDJ,국군대전병원,202403181030,L488A,(주)대원산업,,이영숙,07043338104,"경상남도 김해시 진례면 테크노밸리로159-11, 202호",88,16456597
55,SDQ0023,1,08523,***,"미케니칼 씰, 고정식 등 4종 구매",물품,SDQ,해군제2수리창,202403181030,L066A,평온상사,,김민지,01059201343,"경기도 평택시 중앙로29, 5층 513호 오피스밸리(통복동, 은호빌딩)",88.01,10167696
55,SDQ0025,1,08543,***,"부품키트, 축통용, 선박용 등 28종 구매",물품,SDQ,해군제2수리창,202403181030,LF95F,태평실업,,김지우,01037048574,"경기도 평택시 안중읍 안현로서6길10-0, 402-B11호",88,48871350
56,SDQ0024,1,08530,***,"양극, 부식방지용 등 22종 구매",물품,SDQ,해군제2수리창,202403181030,L88C9,주식회사 산아름,,한시현,01034149799,"경기도 평택시 중앙2로13, 6층 602-1-743호(평택동)",88.066,20636043
21,LPG0002,1,08374,***,'24년 전기안전관리자 대행 용역(1권역),용역,LPG,제5보병사단,202403181030,D63F5,신우전기안전관리 주식회사,"Shinwoo Electric Safety co., Ltd.",김진선,0318455729,경기도 양주시 외미로16-0 (남방동) 102호,88.054,5883800
2,LPG0003,1,08375,***,'24년 전기안전관리자 대행 용역(2권역),용역,LPG,제5보병사단,202403181030,F9940,(주) 현대전기안전관리,hyundai,박준범,0336510133,강원특별자치도 강릉시 성덕포남로182번길3-0 (포남동),88.175,4886566
303,LMR0015,1,08660,***,24년 비데 임차 용역(36개월),용역,LMR,제5군단사령부,202403181030,L105B,21세기오피스,,김혜영,01040408270,경기도 안산시 단원구 광덕2로163-11 (고잔동) 305호,88.005,38362500
402,LGT0019,1,08710,***,24년 화재진압장비 구매,물품,LGT,제2307부대,202403181030,M1411,엔피비솔루션,,김후관,01062644720,"강원특별자치도 철원군 갈말읍 태봉로1585-0 ,  201호",88.052,37234100
72,UAZ0011,1,08697,***,외국어교재 구입(24-정기간행물 수정),물품,UAZ,합동군사대학교,202403181030,G5592,썬테크,SUNTECH,이경연,0312673300,"경기도 수원시 권선구 세권로43번길26-6 (세류동, 수원권선 어울림)세류종합상가 B101-1",90.01,2676080
223,UAZ0010,1,08696,***,24-1분기 제2외국어 외국어교재 구입(수정),물품,UAZ,합동군사대학교,202403181030,HB272,JH컴퍼니,JHCOMPANY,이은경,07047721096,경기도 양주시 부흥로1423번길7-12 (유양동),90.007,17753161
7,LDH0252,1,06029,***,24-2차 정비용 장비 부품구매,물품,LDH,육군종합정비창,202403151300,JD941,창신테크,,박명숙,010-3561-4929,경상남도 밀양시 하남읍 양명길138-1,88.106,22563200
7,LDH0253,1,06030,***,24-3차 정비용 장비 부품구매,물품,LDH,육군종합정비창,202403151300,I2CFE,이지테크,easytech,김혜선,010-2388-5129,"경상남도 창원시 마산합포구 3.15대로406,3층 (상남동)",88.081,24383300
4,MDG0055,2,06594,001,LPG(경기) 구매,물품,MDG,국군의무사령부,202403151100,K7D27,구리LPG충전소,,원준상,031-552-0242,경기도 구리시 경춘북로348 (갈매동),88.431,1216.91
62,MCS0037,1,08503,***,직관형 형광램프 등 507종 구매,물품,MCS,국방부계룡대근무지원단,202403151100,H3A57,주식회사 에스제이상사,(wn)dptmwpdltkdtk,한이수,0422841390,"충청남도 계룡시 계룡대로325, 107-1호(금암동, 씨티타워)",88.033,86127330
36,HCC0017,1,08505,***,밸브콜릿 등 38품목,물품,HCC,해군제1수리창,202403151100,IA368,가진테크,GAJIN-TECH,서진수,010-6417-8010,강원특별자치도 동해시 지양길80-2 (지흥동)202호,88.065,9830400
2905,LCN0015,1,08004,***,24-1차 전산운영용품 구매,물품,LCN,육군사관학교,202403151100,J21F7,에이케이에스정보주식회사,,안기수,0264087266,"서울특별시 금천구 가산디지털1로171, 515호  (가산동, 가산에스케이 브이원센터)",88.006,32485624
49,MCS0038,1,08546,***,민수차량 타이어 등 11종 구매,물품,MCS,국방부계룡대근무지원단,202403151100,LF771,제일산업,,최윤창,07081225511,"충청남도 계룡시 두마면 농소로63, 306-2002",88.003,17060930
359,SCG0010,1,08496,***,거꾸로 3단 자동우산 등 3종 구매,물품,SCG,해군본부,202403151100,L2F70,정진글로벌,,이정진,01053413105,충청남도 당진시 신평면 서해로7489-138,88,21421426
5446,SCG0009,1,08472,***,레펠로프  등 4종 구매,물품,SCG,해군본부,202403151100,J8FE4,스탠다드글로벌 주식회사,,이제곤,025281130,서울특별시 강남구 테헤란로503-0 (삼성동)지층,88,21708460
3052,LCN0014,1,07715,***,제85기 입시설명회용 기념품 구매,물품,LCN,육군사관학교,202403151100,M031C,주식회사 영우이앤지,,서승희,01088631757,"서울특별시 마포구 성지길25-11, 합정동 583호 (합정동)",88,31159010
73,HDS0002,1,08627,***,미-24-3 소형표적기 수리부속 구매,물품,HDS,공군미사일방어사령부,202403151100,M73D6,주식회사 프리젠,,백정기,0319285496,"경기도 양주시 백석읍 월암로17, 가동, 나동",91.19,17433050
12,UMM0191,1,07626,***,24-F-근속 30주년 기념 휘장 등 3종 제조,물품,UMM,국군재정관리단,202403151100,LDE68,주식회사 세윤,,김영숙,0314951302,"경기도 안산시 단원구 산단로107, 6층 622호(원시동, 서흥테크노밸리)",88.19,188290000
273,UMM0186,1,03957,***,(246035-D)레이저 가공기 등 4종 구매,물품,UMM,국군재정관리단,202403151100,C6E92,에스텍아이앤씨 주식회사,STECH INC,박길현,0424872421,대전광역시 유성구 문지로272-37 (문지동),83.002,750684350
14,UMM0193,1,03870,***,24-N-근속 30주년 기념휘장 등  제조(248030-F),물품,UMM,국군재정관리단,202403151100,LDE68,주식회사 세윤,,김영숙,0314951302,"경기도 안산시 단원구 산단로107, 6층 622호(원시동, 서흥테크노밸리)",99.091,136000000
33,UMM0189,1,03713,***,(246052-C) 체력단련장 코스관리용 농약 구매,물품,UMM,국군재정관리단,202403151100,I67F5,부자농약사,Booja,최경애,0417511229,충청남도 금산군 추부면 서대산로196-2  1층,83.239,777751590
27,UMM0187,1,03643,***,(24F004-G) 24년 항공전술 시뮬레이터 유지보수용역,용역,UMM,국군재정관리단,202403151100,C3A87,주식회사 케이티엔티,KTNT,오성근,0425240030,대전광역시 유성구 장대로95 (장대동) KT유성빌딩 3층,87.966,84463370
6,LGI0012,1,06129,001,'24-2차 식자재(부식) 구매 -고성지역-,물품,LGI,제3군수지원여단,202403151030,B8DB8,씨제이프레시웨이 주식회사,CJFRESHWAY,이건일,0221496154,경기도 용인시 기흥구 기곡로32-0 (하갈동),55.622,740099
290,LCF0017,1,08498,***,24-4차 전산운영용품 구매,물품,LCF,육군군수사령부,202403151030,K565E,해밀,,전남희,07047880320,"대전광역시 중구 대둔산로386번길70-41, 3동 2층 202호(산성동, 그린힐빌리지)",88,22804931
16,LMK0012,1,08497,***,[24-C12] 24년 실내공기질 측정 용역 계약,용역,LMK,제6보병사단,202403151030,HE2D9,(주)케이에스디성대환경시험연구원,(wn)ksd,이현주,03115774446,"경기도 의왕시 갈미2로30 (내손동) 미광프라자 701,702,703호",88.143,8817520
20,SCP0030,1,08248,***,렉스턴스포츠 TPMS센서 등 271종 구매,물품,SCP,제8385부대,202403151030,IA6FF,전승 종합상사,junseung,유수현,07088513657,강원특별자치도 동해시 발한로267 (발한동) 104호,88.016,33884500
27,SCP0029,1,08247,***,이동식 냉난방기 8대 구매,물품,SCP,제8385부대,202403151030,FA82A,오피스상사,office corporation,김장호,033-532-9865,강원도 동해시 발한천길12-1 (발한동),88.274,4561494
3,SCN0053,1,08172,***,24-진-27 덕산/바다마을 아파트 승강기 유지보수용역,용역,SCN,제7001부대,202403151030,F39C9,주식회사 우성엘리베이터,(joo)woosungelevator,화경호,0555411100,경상남도 창원시 진해구 이동로40번길3-0 (이동),89.016,32099999
55,SCN0049,1,07888,***,열화상카메라 2대 구매,물품,SCN,제7001부대,202403151030,HDACD,현대시스템,Hyundae System,허조건,051-334-8006,"경상남도 창원시 진해구 안골로298번길26, 상가동 1층 107호(안골동, 창원 마린 2차 푸르지오)",88.012,1937420
36,SCN0050,1,07887,***,산불진화복 외투 등 2종 구매,물품,SCN,제7001부대,202403151030,G8EBB,주식회사 더엔진,THE ENJIN,오현택,0262727080,"서울특별시 용산구 원효로134-0 (원효로3가), 5층",88.036,7764000
31,LCJ0015,1,08556,***,(24육군-해파07)동명부대 24-1차 급식류 구매,물품,LCJ,종합보급창,202403151030,L022D,주식회사 무원물류시스템,,김현우,01053047388,"경기도 고양시 일산서구 킨텍스로240, 오피스동 812호(대화동, 킨텍스 꿈에그린)",88.023,35723959
26,SDF0031,1,08554,***,24-항-24 00병원 물탱크 청소용역,용역,SDF,제5738부대,202403151030,H1CA7,라파워터텍,RAPHA WATER TECH,류향미,0546142681,경상북도 포항시 북구 기계면 새마을로1370-4,88.058,2606220
6,SDF0030,1,08549,***,24-항-19 토양오염도 검사용역,용역,SDF,제5738부대,202403151030,I5FC4,재단법인 파란생명환경연구소,ParanBne,최우건,0537217894,경상북도 경산시 압량읍 부적길77-22,88.008,586000
196,SDG0012,1,08542,***,두부청국장찌개 등 6종,물품,SDG,제2002부대,202403151030,HB532,주식회사아람송,,장정희,0328130844,"인천광역시 남동구 능허대로649번길83,  2층 (고잔동)",88.105,23909272
61,MCS0036,1,08507,***,24-전산/감시장비 유지보수용역,용역,MCS,국방부계룡대근무지원단,202403151030,L9635,중앙시스템 주식회사,,한명환,07041159118,"충청남도 서산시 인지면 수현로288, 1층 102호",88.288,44302960
260,SDG0011,1,08533,***,컵밥 등 5종구매,물품,SDG,제2002부대,202403151030,M6494,(주)케이에코 이노베이션,,고광재,01087517353,인천광역시 서구 에코로60 (청라동),88.013,33611826
38,SCL0017,1,08464,***,해사 의무대 본관 신축공사(타일),물품,SCL,해군사관학교,202403151030,CDB7B,선우디자인,sunwoo design,강현구,055-247-7959,경상남도 창원시 성산구 외동반림로126번길28-0 (중앙동),88.045,13234200
109,SCN0055,1,08037,***,도서 18세기의 사랑 등 278권 구매,물품,SCN,제7001부대,202403151030,L2C4F,헤르메스,,성민경,01071991889,"경상남도 창원시 성산구 용지로94, 지층 118호(중앙동, 올림피아상가)",90.004,4680560
3,LMK0011,1,08422,***,[24-C6] 24년 전기안전관리 대행 용역 계약-강원도,용역,LMK,제6보병사단,202403151030,J57DD,진흥전기안전(주),,안상연,0332641555,강원특별자치도 춘천시 신동면 정족2길25,88.687,33547000
196,SCM0001,1,08407,***,스마트 전동연필깍기 등 238종 구매,물품,SCM,해군대학,202403151030,JBE1B,미교라인,,신지원,07047721922,대전광역시 대덕구 중리북로46 (법동),88.011,17013042
53,LPC0006,1,08351,***,24년 안전물자세트 구매,물품,LPC,제25보병사단,202403151030,B0C51,양주전기공사,YANGJU ELECTRIC CO.,김재환,0318593370,경기도 양주시 백석읍 중앙로218-0  1층 상가 5호,88.03,38202345
1793,LMR0014,1,08416,***,24-1차 정보화사업 물품 구매,물품,LMR,제5군단사령부,202403151030,L8124,상지레포츠,,이옥경,01043892088,"경기도 부천시 부천로210(춘의동, 중앙상가 1층 1,2호)",88,33503000
15,LMR0013,1,08399,***,24년 실내공기질 측정 용역,용역,LMR,제5군단사령부,202403151030,HC1D5,실내공기질연구소 (I-LAB),IAQL (Indoor Air Quality Laboratory),이현미,031-945-8966,경기도 고양시 덕양구 삼원로73 (원흥동) 한일윈스타 지식산업센터 1123호,88.05,25912100
25,LMK0008,1,08388,***,[24-C6] 24년 전기안전관리 대행 용역 계약-경기도,용역,LMK,제6보병사단,202403151030,FED28,주식회사 건은기술단,geoneungisuldan,이성문,0319486368,경기도 파주시 새꽃로62-0 (금촌동)베스트프라자608호,88.068,23899800
162,SFD0021,1,08364,***,행정/재난용품(행정각대봉투 등 120품목),물품,SFD,제9227부대,202403151030,IEDF4,용덕군단,,김성혜,01041594442,"경상북도 포항시 남구 오천읍 해병로559번길7, 108동 2704호 (포항 아이파크)",88.001,40140674
1494,LFA0006,1,08336,***,24년 1분기 전산운영용품 구매,물품,LFA,제2신속대응사단,202403151030,LE1B6,블랙루멘,,유시은,070-8064-6282,"경기도 수원시 권선구 금곡로140번길29-0 (금곡동, 수원호매실휴먼시아8단지아파트)811-1105",88,18054129
2,SCF0214,1,08309,***,24-보-지정폐기물(폐필터 등 5종) 처리용역,용역,SCF,해군군수사령부,202403151030,B9783,네이처이앤티주식회사,Dong Yang ECO co.ltd.,이호진,0542713133,경상북도 포항시 남구 대송면 철강로492번길49,88.718,92067140
47,LFC0021,1,08308,***,24년 2차 의약품(티눈밴드 등 35품목) 구매,물품,LFC,육군훈련소,202403151030,K9D62,제이플러스팜주식회사,,김정은,0222432225,서울특별시 동대문구 장한로10길9 (장안동) 3층,88.005,46697969
95,SCI0026,1,08125,***,패킹 등 15종 구매,물품,SCI,제9121부대,202403151030,K5410,하하유통,,하유정,01040522108,"경상남도 창원시 의창구 북면 무동로213, 105동 704호",88.008,10359790
10,SCN0052,1,08171,***,24-진-28 오폐수처리시설 민간위탁관리용역,용역,SCN,제7001부대,202403151030,K6280,주식회사 상록환경시설관리공사,,구명조,055-746-2880,"경상남도 진주시 대곡면 진의로1079번길13, 제1동 제1층 제상가102호(대곡한양아파트)",88.05,71551500
1063,SFD0020,1,08124,***,전문구조장비 물자(스냅링크등 2종)구매,물품,SFD,제9227부대,202403151030,M6229,태양테크,,이지현,07070079628,"경상남도 창원시 마산회원구 3·15대로732-0 (합성동, 남산빌딩) 4층 4139호",88,2733661
38,SCI0028,1,08182,***,필터 엘리먼트 등 6종 구매,물품,SCI,제9121부대,202403151030,D5F9F,에스와이테크,sytech,정미경,055-296-0229,경상남도 창원시 의창구 팔용로 355(),88.025,24404260
17,LMK0006,1,08316,***,[24-C8] 24-1차 공병물자(축성재료) 구매,물품,LMK,제6보병사단,202403151030,M10E1,모세컴퍼니,,허진영,01062644720,"강원특별자치도 철원군 갈말읍 태봉로1585, 101호",88.006,5723068
72,SCI0025,1,07998,***,직결식 마스크 등 8종 구매,물품,SCI,제9121부대,202403151030,M393C,토브,,김성찬,01072101265,"경상남도 창원시 마산합포구 가포순환로33, 118동 1501호(월영동, 창원월영마린애시앙부영아파트)",88.037,4093288
161,LKM0015,1,08269,***,24년 안전관리 물자 세트 구매,물품,LKM,제2632부대,202403151030,KFE8F,천지상사,,이재연,050205855038,전북특별자치도 전주시 덕진구 신복4길14 (팔복동1가),88.005,11638710
15,SCN0054,1,08173,***,24-진-26 덕산/바다마을 아파트 소방시설 점검용역,용역,SCN,제7001부대,202403151030,IA3B8,주식회사 하백,haback,박성환,0553631190,"경상남도 양산시 동면 금오7길13-5 , 1층",88.112,3137750
281,SFL0012,1,08444,***,24-교-01 제초관리 용역,용역,SFL,제3283부대,202403151030,E4ACE,(주)길상건설,GILSANG,강현준,0548582021,경상북도 안동시 평화윗길94-0 (평화동),88.005,66963000
281,LKM0014,1,08259,***,24년 이동형 산불진화장비 세트 구매,물품,LKM,제2632부대,202403151030,LD8CB,아이사랑,,이은혜,01055944879,"전북특별자치도 익산시 선화로10길17, 113동 2205호(모현동1가, 익산 이편한세상아파트)",88.026,14392152
184,LKM0013,1,08258,***,24년 재난 및 안전관리 예산(방진마스크 등 3종 구매),물품,LKM,제2632부대,202403151030,J2925,미성FEP,,이중섭,01099598020,"전북특별자치도 전주시 덕진구 백동5길21-0, 1층(인후동2가)",88.014,10687000
2,SDF0034,1,08566,***,네오박스 등 54종,물품,SDF,제5738부대,202403151030,KCFA6,길테크,,유성길,01087430151,충청남도 천안시 서북구 입장면 성진로739-0,88.147,1247300
4,LKM0016,1,08565,***,00부대 간부숙소 신축 - 타일,물품,LKM,제2632부대,202403151030,KAFC6,주식회사 마도세라믹스,,김태연,0313554742,경기도 화성시 마도면 화성로785번길32,95.098,52438000
42,SCI0030,1,08529,***,유압오일 160PL 구매,물품,SCI,제9121부대,202403151030,HAC5F,에코플루이드,ECOFLUID Co.,정은,0557232326,경상남도 김해시 주촌면 서부로1409번길83-6,88.211,7048184
34,HCQ0010,1,08711,***,24-028 다이얼게이지 검사기 등 1종,물품,HCQ,공군제5공중기동비행단,202403151030,M73D6,주식회사 프리젠,,백정기,0319285496,"경기도 양주시 백석읍 월암로17, 가동, 나동",91.374,39686250
2008,SFG0032,1,07763,***,후방카메라 구매 설치,물품,SFG,제9181부대,202403151030,LAEF7,유누 컴퍼니,,윤현미,01097270975,인천광역시 부평구 부일로113번길29-12 (부개동) 1층 3호,87.995,59175820
598,LHG0006,1,07835,***,(용-009)'24년 취사장 관리 용역,용역,LHG,제1862부대,202403151030,F9698,주식회사 쌍마로지스,ssangmalogis,조희성,0428247121,대전광역시 유성구 원계산로194-1 (계산동) 제2동,87.995,80166460
5,LGI0015,1,06132,001,'24-2차 식자재(부식) 구매 -신남ㆍ강릉지역-,물품,LGI,제3군수지원여단,202403151030,B8DB8,씨제이프레시웨이 주식회사,CJFRESHWAY,이건일,0221496154,경기도 용인시 기흥구 기곡로32-0 (하갈동),55.455,505947
5,LGI0014,1,06131,001,'24-2차 식자재(부식) 구매 -인제지역-,물품,LGI,제3군수지원여단,202403151030,A738F,주식회사 푸드머스,FOODMERCE,천영훈,0221402800,경기도 용인시 처인구 원삼면 맹리로2번길31,58.344,1640340
5,LGI0013,1,06130,001,'24-2차 식자재(부식) 구매 -양구지역-,물품,LGI,제3군수지원여단,202403151030,LE254,(주)현대그린푸드,,박홍진,0315252195,"경기도 용인시 수지구 문인로30-0 (동천동, 현대그린푸드)",59.791,1229981
1,LCM0003,1,04215,***,'24년 전투발전 연구 용역(1),용역,LCM,육군교육사령부,202403141300,C6455,(사)한국전략문제연구소,Korea Research Institute for strategy,김재창,027051301,"서울특별시 용산구 청파로 40, 삼구빌딩 1815호(한강로3가)",82.325,35900000
60,HDG0003,1,07428,***,'24년 병사식당 급식류 식자재 연간계약,물품,HDG,공군제10전투비행단,202403141100,KA091,하늘푸드,,조미희,0519410823,부산광역시 강서구 맥도길473번길38-7 (대저2동)A동1호,83.017,401985000
3,HCL0021,1,08545,***,항-24-004 전기수술기 내시경 등 2종,물품,HCL,공군사관학교,202403141100,H18BB,MK메디칼,MK medical,조노희,0432872247,"충청북도 청주시 서원구 수곡로99번길32-2, 101호(수곡동)",88.016,26516150
470,LCN0012,1,07192,***,24-18차 인헌관 시스템 냉난방기 실내기 청소 용역,용역,LCN,육군사관학교,202403141100,M637F,케이스카이차,,김기백,010-6304-2803,"경기도 안산시 상록구 건건8길10, 107동 1704호(건건동, 건건e-편한세상)",88.003,18294660
109,LHK0014,1,08036,***,24년 정보통신운영지원(전산용품) 구매,물품,LHK,제2군단,202403141100,K824D,추가령기획,,설수국,01053654720,"강원특별자치도 춘천시 남산면 서백2길31,  202호",88.051,23817440
37,HCC0016,1,07886,***,청동글로브밸브 등 14품목(028/030/035/037),물품,HCC,해군제1수리창,202403141100,L0EFE,씨에스 강원,,김도연,01052181431,강원특별자치도 동해시 부곡6길6 (부곡동),88.019,16551660
149,LCN0013,1,07136,***,24년 모집홍보물 인쇄 용역,용역,LCN,육군사관학교,202403141100,H05F5,서원디지털프린팅,Seowon Digital Printing,이석용,02-2266-0056,"서울특별시 중구 을지로20길32-18 (인현동1가, 3층)",88.02,19247700
100,UMM0190,1,07600,***,24-D-자운대지역 조경관리 용역,용역,UMM,국군재정관리단,202403141100,F9F26,주식회사 그린솔루션조경,,이범희,024123811,"서울특별시 송파구 올림픽로35가길10,A동613호 (신천동, 잠실 더샵스타파크)",88.003,1227509900
11,UMM0174,1,07045,***,(24F031-I) 24년 육로 수송용역(특수화물),용역,UMM,국군재정관리단,202403141100,CF4E0,대신로지스틱스 주식회사,DAISHIN LOGISTICS,양임석,0222014000,"서울특별시 송파구 오금로46길5-0 (가락동, 보성빌딩) 3층",78.431,1169146314
119,UMM0183,1,06205,***,(246101-C) 육군 용사상 및 군경력증명서 용지 제조,물품,UMM,국군재정관리단,202403141100,E6743,대전인재사,DAEJEONINJAESA,고인곤,0422228538,대전광역시 동구 선화로 212(),88.047,352229100
907,UMM0176,1,06092,***,(24F060-B)예비군훈련장 제초용역,용역,UMM,국군재정관리단,202403141100,I64C7,주식회사 드림비,dreamb,심인택,03180150860,경기도 수원시 팔달구 매산로151번길5-0 (중동),88.005,53326050
6390,UMM0177,1,05750,***,(246090-B) 목발 석고용 신발 등 2품목 구매,물품,UMM,국군재정관리단,202403141100,H7433,넥스트솔루션,Nextsolution,강진규,01064048708,인천광역시 부평구 부평대로337 (청천동). 6층 603호(부평제이타워3차자삭산업센터),87.995,70328780
2,UMM0192,1,05741,***,(24F068-B) 전세 항공수송용역(한미 연합 소부대훈련),용역,UMM,국군재정관리단,202403141100,00413,아시아나항공(주),ASIANA AIRLINES,송보영,0226695301,서울특별시 강서구 오정로 443-83아시아나항공 경영지원팀,87.199,1790000000
1790,UMM0181,1,05425,***,(246093-E) 32밀리 대철 구매,물품,UMM,국군재정관리단,202403141100,L32D0,현테크,,김보경,01045370138,"인천광역시 남동구 구월로192, 1509동 405호(구월동, 구월힐스테이트)",87.995,152128500
4,UMM0197,1,05393,***,"24-D-남수단한빛부대 17,18진교대 항공수송용역(3국적",용역,UMM,국군재정관리단,202403141100,J68EF,다산상선 주식회사,,전종진,027422277,"서울특별시 종로구 삼일대로32길36, 302호(익선동, 운현신화타워)",83.067,761000000
4567,UMM0164,1,04712,***,"24-F-리프트, 자동차용 구매",물품,UMM,국군재정관리단,202403141100,HE5CC,주식회사 예안전력,"yean elect power co,",이준승,0327216226,"인천광역시 서구 건지로284번길111, 나동 106호(가좌동)",87.995,52173185
2818,UMM0178,1,04666,***,(246050-E) 체력단련장 위생용품 통합구매,물품,UMM,국군재정관리단,202403141100,K548A,반석유통,,편미영,01068996727,"대전광역시 유성구 지족로362 (지족동, 반석마을아파트3단지) 302-1404",87.995,63825983
177,UMM0185,1,04352,***,(247033-F) 특수수술재료(흡수성지혈용품)  구매,물품,UMM,국군재정관리단,202403141100,CE2FB,나이스메드,nicemed,강성주,024928568,경기도 남양주시 가운로1길1-0 (가운동) 드림프라자 505-1호,97.774,71200000
262,UMM0168,1,04304,***,24-F-밀링머신 장비 구매(249024-F),물품,UMM,국군재정관리단,202403141100,EBF4F,(주)씨티원서비스,ctone,최현준,0328151336,"인천광역시 남동구 앵고개로490번길53, 남동공단142블럭20로트(고잔동)",83.025,358753117
2786,UMM0180,1,04279,***,"(246067-E) 4,000LB 전동 지게차 구매",물품,UMM,국군재정관리단,202403141100,KFD70,주식회사 원스타,,신범수,07044154123,"경기도 안산시 단원구 광덕3로145-5, 3층 301-66호 (고잔동)",87.995,76527168
216,UMM0175,1,03701,***,(247045-E) 24년 조달 연구장비 구매,물품,UMM,국군재정관리단,202403141100,HF676,주식회사 우정바이오,"WOOJUNG BIO, Inc.",천희정,0312805200,"경기도 화성시 동탄기흥로593-8 (영천동, 우정바이오 신약클러스터)",86.605,370580000
7,UMM0184,1,02233,***,(247030-C) 이동형 챔버(2인용) 제조,물품,UMM,국군재정관리단,202403141100,BEA74,(주)인터오션,INTEROCEAN,채재익,0516225665,부산광역시 남구 신선로231 (용당동),87.883,238963120
20,SFC0024,1,07172,***,24-26-해병-IP교환기 유지보수 용역,용역,SFC,제9691부대,202403141100,08830,대신정보기술 주식회사,"DAESHIN INFORMATION TECH CO.,LTD",이광호,025633000,서울특별시 송파구 송파대로167 테라타워 B동 413호,91.807,567986100
1034,MHP0008,3,07052,***,발굴물자 구매납품,물품,MHP,국방부유해발굴감식단,202403141100,ID2E4,주식회사 엘리야가먼저와서,,주화,01023227856,"서울특별시 구로구 개봉로2길133-15 (개봉동, 개봉동아이파크)103동2001호",88.001,54682681
99,MHP0009,1,06746,***,소관/수습물자 구매,물품,MHP,국방부유해발굴감식단,202403141100,I11A9,주방라인,jubang line,정현욱,01089842710,"서울특별시 성동구 마장로137, 221동 1177호(상왕십리동, 텐즈힐)",88.028,23613090
145,LMU0009,1,07674,001,(24-급-005) '24-2차 부대계약 식자재(빵류) 계약,물품,LMU,제7군수지원단,202403141100,CFF42,(주)한일코리아,"HANILKOREA CO.,LTD.",서영재,0315366684,경기도 포천시 창수면 창동로59-92,82.999,105631.05
48,LHM0021,1,07803,***,24년 취사피복 제조(하/동계 취사피복),물품,LHM,제15보병사단,202403141100,IC1D0,주식회사 제이투,,정재찬,0315756982,경기도 남양주시 진접읍 경복대로바람골길69-38,87.995,24645000
4,LGP0061,2,04743,***,24년 표준 및 상용차량 외주정비용역(강원),용역,LGP,제1군수지원사령부,202403141100,LCD81,석화자동차공업(주),,김영성,0334359650,강원특별자치도 홍천군 홍천읍 마지기로187-0,87.872,96953838
22,HCF0040,1,07030,***,[60전대] 크랭크축 등 60종,물품,HCF,공군군수사령부,202403141030,K0D99,주식회사 와겐,,이소희,0535832811,"대구광역시 달서구 성서로229, 310호(갈산동, 성서지식산업센터)",88.006,87199474
5,SCU0025,2,08223,***,'24~27-ㅇ전단 식기세척기 임차 용역,용역,SCU,해군 기동함대사령부,202403141030,JEEC6,에스지원,,김성진,02-6205-2020,"경기도 하남시 미사강변한강로135, 나동 0622호(망월동, 미사강변스카이폴리스)",88.008,6197900
89,LNQ0014,1,07995,***,'24년 병영식당 43개소 청소 용역,용역,LNQ,제17보병사단,202403141030,M391C,그린환경산업,,이소영,0324273827,"인천광역시 남동구 남동대로765번길17, 10층 1001호(구월동, 수지인텔리타워)",90.014,58693720
2,SCU0023,3,07694,***,상용차량 수리부속(타이어 등 29종) 구매(정비포함),물품,SCU,해군 기동함대사령부,202403141030,FF845,주식회사 금호타이어제주판매,kumhotirejejufanme,우은배,0647584008,제주특별자치도 제주시 화남로66-0 (화북이동),88.533,40857812
19,LFN0009,1,07958,***,24년 전산운영용품(토너 등 41품목)구매,물품,LFN,육군3사관학교,202403141030,J633F,미송조경,,전은자,01092345685,경상북도 영천시 대창면 강회3길60,88.006,18563660
2,SCU0023,2,07694,***,상용차량 수리부속(타이어 등 29종) 구매(정비포함),물품,SCU,해군 기동함대사령부,202403141030,FF845,주식회사 금호타이어제주판매,kumhotirejejufanme,우은배,0647584008,제주특별자치도 제주시 화남로66-0 (화북이동),88.533,40857812
33,LQP0024,1,07901,***,24년 렌탈프린터 임차 용역,용역,LQP,제1891부대,202403141030,L6A3B,주식회사 경현,,노현서,0432981777,충청북도 청주시 청원구 내수읍 내수로358,97.517,32122580
41,LPK0002,1,07893,***,24년 소방시설 종합기능 점검 용역,용역,LPK,제8기동사단,202403141030,JB1C9,주식회사 국제이엔지,,심주희,0314381119,경기도 안산시 단원구 산단로325-0 (신길동) 리드스마트스퀘어 819호,88.054,20129115
89,SCI0024,1,07861,***,목문도어록 등 26종 구매,물품,SCI,제9121부대,202403141030,I0E92,서플라이 플러스,SUPPLY PLUS CO.,윤명희,01020894219,"경상남도 창원시 의창구 서상로12번길55-14 (서상동, 아담연립) 202호",88.014,6698500
1365,SCN0048,1,07832,***,24-의무물자(멸균초음파겔 등 55종),물품,SCN,제7001부대,202403141030,J3B42,그린나래,,안명숙,01052713958,"서울특별시 도봉구 해등로50, 313동 401호 (창동, 창동주공아파트)",88,33264821
205,LHQ0010,1,07869,***,24년 전반기 전장관리체계 운용용품 구매,물품,LHQ,제2작전사령부,202403141030,GC747,근영유통,geunyoung dis.,박수영,01071026608,"대구광역시 북구 태전로1, 101동 302호 (태전동, 태전역 더 뉴클래스)",88,15564545
171,LKS0028,1,07859,***,24-1차 디지털 인쇄재료 구매,물품,LKS,육군인사사령부,202403141030,FF877,케이 글로벌,K  GLOBAL,김간순,01050024588,대전광역시 대덕구 대화로160-0 (대화동) 1동 306호(산업용재유통상가),88.011,41859000
26,LQP0023,1,07624,***,24년 실내공기질 측정 용역,용역,LQP,제1891부대,202403141030,G6A48,주식회사 대한생활환경시험원,dhat,정용우,0515576907,부산광역시 동래구 아시아드대로255번길9-0 (온천동)B동 201호,88.151,26080500
2,LGT0011,1,08044,***,00지역 토양오염 정밀조사 용역(24-GD-34),용역,LGT,제2307부대,202403141030,C749F,상지대학교 산학협력단,Industry Academic Cooperation Found ation of Sangji University,이혁제,0337300145,"강원특별자치도 원주시 상지대길83, 1층(우산동, 상지대길 83)",88.205,16124400
19,LDF0005,1,07630,***,1분기 교육훈련예산 자산취득비,물품,LDF,육군정보통신학교,202403141030,B990D,남광기업사,,신상명,042-867-1119,대전광역시 유성구 신성남로 125(신성동),89.861,42803830
35,SCN0051,1,08076,***,24-진-25 00관사 및 00숙소 해충방역 용역,용역,SCN,제7001부대,202403141030,JF4B2,리앤제이 주식회사,,정수혜,010-5127-8400,"경상남도 창원시 성산구 중앙대로111, 701호(중앙동, 평화상가오피스텔)",88.14,34623050
230,LDG0016,1,08038,***,24년 시설부대비 프린터 임대계약,용역,LDG,육군 탄약지원사령부,202403141030,M54E6,주식회사 늘해랑컴퍼니,,장아리,07077701617,"경기도 화성시 동탄순환대로12길12, 이레스페이스-디83호(산척동, 제이제이파크프라자)",88.017,6442050
223,LKD0021,1,07975,***,24년 산불진화용 화재진압장비세트 구매 계약,물품,LKD,제32보병사단,202403141030,IE9CD,성준기업,,정안선,01032519597,"충청남도 천안시 서북구 불당26로77 (불당동, 천안 불당 지웰 더샵) 103-603",88.019,31346470
150,LFA0005,1,07852,***,24년 물탱크 청소용역,용역,LFA,제2신속대응사단,202403141030,F8E6E,주식회사 대호,DH.LTD,김다혜,0617420707,"전라남도 순천시 중앙초등길132, 나동 202호 (풍덕동, 한신아파트상가)",88.018,4855500
142,HDQ0013,1,07921,***,20비 24-61 중량랙 등 20종,물품,HDQ,제20전투비행단,202403141030,E9019,드림으뜸상사,Dreamtop Corp.,김범규,07077172948,"충청남도 계룡시 신도안면 신도안1길43, 1층",88.002,33351600
117,HDP0011,1,07479,***,정품잉크 T9501 검정 등 18종(24-021),물품,HDP,공군제19전투비행단,202403141030,I0C03,대승테크,,이승준,0432854704,충청북도 청주시 청원구 충청대로272번길293-0 (주성동),88.022,28533382
7,HDQ0012,1,07914,***,20비 24-41 에트리아졸 유제 등 14종,물품,HDQ,제20전투비행단,202403141030,EC551,농마트,,박민택,0419342222,충청남도 보령시 남포면 보령남로356,97.91,36999000
10,LHN0009,1,07902,***,00부대 병영생활관 신축 소각폐기물 처리용역,용역,LHN,제7보병사단,202403141030,F6FEA,주식회사 주원,JU WON,김기홍,07043900403,경기도 평택시 송탄고가길5-43 (진위면),88.209,12740585
41,LPK0002,2,07893,***,24년 소방시설 종합기능 점검 용역,용역,LPK,제8기동사단,202403141030,JB1C9,주식회사 국제이엔지,,심주희,0314381119,경기도 안산시 단원구 산단로325-0 (신길동) 리드스마트스퀘어 819호,88.054,20129115
130,HDM0011,1,07778,***,[24-0021] 네오박스 구매,물품,HDM,공군제17전투비행단,202403141030,H1D92,주식회사 랩터스,"Raptors Co., Ltd.",김태호,07046400259,충청북도 청주시 흥덕구 원터로29번길33-0 (송절동),88.06,16732100
11,LNG0002,1,08072,***,'24년 실내공기질 측정용역 (100개소),용역,LNG,육군 제1군단,202403141030,JC360,주식회사 우리이앤티,,신효영,0316083374,"경기도 성남시 수정구 위례광장로322, 722-723호(창곡동, 아이플렉스)",88.205,34342560
5,SCU0025,1,08223,***,'24~27-ㅇ전단 식기세척기 임차 용역,용역,SCU,해군 기동함대사령부,202403141030,JEEC6,에스지원,,김성진,02-6205-2020,"경기도 하남시 미사강변한강로135, 나동 0622호(망월동, 미사강변스카이폴리스)",88.008,6197900
17,SCU0024,1,08222,***,'24~27-ㅇ전단 비데 40대 임차 용역,용역,SCU,해군 기동함대사령부,202403141030,GC76B,백야테크,BaekyaTedh,권경자,07078180818,경상남도 창원시 의창구 명서로77번길22-9 (명서동),88.048,23403580
42,SCU0026,1,08245,***,우편용라벨 등 401종 구매,물품,SCU,해군 기동함대사령부,202403141030,KF23B,국제물류,,오동승,07077879666,제주특별자치도 제주시 한림읍 드르밧길93-77,88.01,18302740
397,SCF0212,1,08046,***,A4 복사용지 등 31종 구매,물품,SCF,해군군수사령부,202403141030,L9D1B,주식회사 에스엠플래닛,,조현선,05056887272,"경기도 성남시 수정구 창업로43-0 (시흥동)1층, 글로벌비즈니스센터",88.042,16735937
555,SCF0208,1,04496,***,"분사기 조립체, 연료용 1종 구매",물품,SCF,해군군수사령부,202403141030,J80BB,주식회사 신창엠텍,,김홍규,0535826961,대구광역시 달서구 성서공단북로4길8-0 (파호동),88.971,129661000
17,LPC0005,1,07075,***,24년 전기안전관리 대행 용역,용역,LPC,제25보병사단,202403141030,K9818,주식회사 디케이이엔지,,김선태,0315417308,"경기도 포천시 소흘읍 초가팔로49-19, 2층",88.181,53650473
87,LKP0075,1,07949,***,24년 2분기 부대계약(빵류-8종) 제조/구매,물품,LKP,5군수지원사령부,202403141030,J1935,파머스 미트,,조성겸,01075973832,"부산광역시 강서구 맥도강변길912-43, 별관 1층(대저2동)",88.024,88060200
4204,HCM0019,1,07918,***,24-02-056 와전류검사기 1품목 구매,물품,HCM,공군교육사령부,202403141030,G60A3,광명테크,KWANGMYONGTECH,김명숙,0617614861,전라남도 광양시 대림오성로94-0 (광양읍),87.995,30194660
5,HCL0020,1,07971,***,'24년 간부식당 식자재(항공우주의료원),물품,HCL,공군사관학교,202403141030,D392C,주식회사푸드라인,foodline,박수식,0432761100,충청북도 청주시 흥덕구 덕암로113번길 32(),88.508,46330180
670,HCF0036,1,07702,***,타월렛트 구매,물품,HCF,공군군수사령부,202403141030,I91F2,지앤와이일렉텍(주),"G&Y Electech Co.,Ltd",김보영,0260911083,서울특별시 구로구 경인로53길15-0 (구로동) 중앙유통단지 가동 3116호,88.062,19550686
367,LFR0006,1,07532,***,24년 전반기 교육물품 기타물자 구매,물품,LFR,육군기계화학교,202403131630,L15D1,신명유통,,허효구,01086200999,"전라남도 순천시 남정5길33, 101-1502(남정동, 남정 현대아파트)",87.995,89982147
2,MHD0020,1,05333,***,장거리지대공유도무기 양산 시설사업기본계획,용역,MHD,방위사업청(운영지원과),202403131500,G48D0,(주)에프오알엠도시건축공간연구소,FORMs Architects,권시형,07077164315,"서울특별시 송파구 법원로11길25-0, A동 1310호(문정동, 에이치비즈니스파크)",,38000000
4,LIK0013,3,04494,001,'24년 부대계약 부식(4~6월) 구매(일반품목1),물품,LIK,제2군수지원여단,202403131330,A738F,주식회사 푸드머스,FOODMERCE,천영훈,0221402800,경기도 용인시 처인구 원삼면 맹리로2번길31,58.409,1267504
6,LIK0015,2,04514,001,'24년 부대계약 부식(4~6월) 구매(일반품목3),물품,LIK,제2군수지원여단,202403131330,HBCE0,(주)아워홈 동서울영업소,"OURHOME CO.,LTD.",김태원,0269669758,경기도 광주시 초월읍 산수로642-27,57.572,868677
6,LIK0015,1,04514,001,'24년 부대계약 부식(4~6월) 구매(일반품목3),물품,LIK,제2군수지원여단,202403131330,HBCE0,(주)아워홈 동서울영업소,"OURHOME CO.,LTD.",김태원,0269669758,경기도 광주시 초월읍 산수로642-27,57.572,868677
5,LIK0014,2,04506,001,'24년 부대계약 부식(4~6월) 구매(일반품목2),물품,LIK,제2군수지원여단,202403131330,A738F,주식회사 푸드머스,FOODMERCE,천영훈,0221402800,경기도 용인시 처인구 원삼면 맹리로2번길31,58.294,1093708
5,LIK0014,1,04506,001,'24년 부대계약 부식(4~6월) 구매(일반품목2),물품,LIK,제2군수지원여단,202403131330,A738F,주식회사 푸드머스,FOODMERCE,천영훈,0221402800,경기도 용인시 처인구 원삼면 맹리로2번길31,58.294,1093708
4,LIK0013,2,04494,001,'24년 부대계약 부식(4~6월) 구매(일반품목1),물품,LIK,제2군수지원여단,202403131330,A738F,주식회사 푸드머스,FOODMERCE,천영훈,0221402800,경기도 용인시 처인구 원삼면 맹리로2번길31,58.409,1267504
4,LIK0013,1,04494,001,'24년 부대계약 부식(4~6월) 구매(일반품목1),물품,LIK,제2군수지원여단,202403131330,A738F,주식회사 푸드머스,FOODMERCE,천영훈,0221402800,경기도 용인시 처인구 원삼면 맹리로2번길31,58.409,1267504
6,LIK0015,3,04514,001,'24년 부대계약 부식(4~6월) 구매(일반품목3),물품,LIK,제2군수지원여단,202403131330,HBCE0,(주)아워홈 동서울영업소,"OURHOME CO.,LTD.",김태원,0269669758,경기도 광주시 초월읍 산수로642-27,57.572,868677
5,LIK0014,3,04506,001,'24년 부대계약 부식(4~6월) 구매(일반품목2),물품,LIK,제2군수지원여단,202403131330,A738F,주식회사 푸드머스,FOODMERCE,천영훈,0221402800,경기도 용인시 처인구 원삼면 맹리로2번길31,58.294,1093708
154,HDN0013,1,07692,***,24-활주로 제초관리,용역,HDN,공군제18전투비행단,202403131300,E2380,합자회사그린파워,hapgagreenpower,차재명,0336811050,"강원특별자치도 고성군 간성읍 수성로16번길2-0, 1층",87.749,142943412
7,LDH0257,1,07739,***,K1전차 베어링 등 14종 구매,물품,LDH,육군종합정비창,202403131300,J80BB,주식회사 신창엠텍,,김홍규,0535826961,대구광역시 달서구 성서공단북로4길8-0 (파호동),88.511,61602200
22,LDH0231,1,06706,***,(특무) 오리콘 와셔 등 38품목 구매,물품,LDH,육군종합정비창,202403131300,K63E6,제이테크,,이은경,07047890055,강원특별자치도 동해시 동해대로5464-0 (평릉동) 2층 203-50호,88.052,77054767
23,LDH0230,1,06705,***,(특무) 오리콘 계전기 등 22품목 구매,물품,LDH,육군종합정비창,202403131300,K63E6,제이테크,,이은경,07047890055,강원특별자치도 동해시 동해대로5464-0 (평릉동) 2층 203-50호,88.081,26769020
2,LDH0247,1,06054,***,총포 십자선 등 2종 구매,물품,LDH,육군종합정비창,202403131300,F7886,(주)우경광학,"Woo Kyung optics co.,ltd.",류재복,0314955319,경기도 안산시 단원구 해봉로330번길 8,97.448,2200000
9,LDH0248,1,06050,***,총포 베어링 등 14종 구매,물품,LDH,육군종합정비창,202403131300,JA89E,삼강운수,,정광필,055-311-7447,부산광역시 중구 충장대로9번길20 (중앙동4가) 701호,88.015,9013200
4,LCP0022,1,07708,***,'24년 토양오염도 검사용역,용역,LCP,육군항공사령부,202403131130,HCA9E,재단법인 대경환경연구소,Foundation Daegyeong environment research institute,안교원,0549722599,경상북도 칠곡군 동명면 봉암1길27-1,88.229,10452000
5436,LCF0015,1,01855,***,줄날 등 3항목 구매(물자),물품,LCF,육군군수사령부,202403131100,F0E65,주식회사솔라,solla,최보림,01027658466,전라남도 순천시 별량면 덕정신촌길122,87.995,43715500
398,LHM0023,1,07836,***,24년 정비피복 구매,물품,LHM,제15보병사단,202403131100,C3979,부원상사,BU WON SANG SA,이종원,0335750159,"강원특별자치도 삼척시 오십천로553, 101호(정상동, 신훼미리타운)",88.002,83309700
352,LHM0022,1,07804,***,24년 사격훈련장 전면 방호판 구매,물품,LHM,제15보병사단,202403131100,M3C65,둥글이파파,,홍지훈,01064875366,"강원특별자치도 강릉시 남강초교1길55, 101동 9층 908호(송정동, 삼우은성맨션아파트)",88,14273966
8,LHM0020,1,07744,***,"2024년 신병교육(비품,장비,체육비품) 구매 계약",물품,LHM,제15보병사단,202403131100,L913E,남산,,구정희,01097224808,"강원특별자치도 화천군 간동면 느릅길25, 1동 1층 103호(1)",88.049,7083200
17,LHM0018,1,07576,***,대민지원용 개인보호물자 구매 계약,물품,LHM,제15보병사단,202403131100,K8751,주식회사 우성전력,,강선미,07073999250,"강원특별자치도 화천군 간동면 춘양로924 1층,103호",88.116,14524855
205,LFT0003,2,06892,***,공병학교 화재 진압장비 구매,물품,LFT,육군공병학교,202403131100,K4F90,스마일상사,,임윤택,07071769339,전라남도 나주시 문평면 대도대장길17-22,88.002,21793675
89,MFK0005,2,06870,***,교육훈련용 전단 인쇄 용역,용역,MFK,제9912부대,202403131100,L9AB4,주식회사 세창,,김영진,01024207663,"서울특별시 서대문구 충정로53, 1401호, 1402호(충정로2가, 골든타워빌딩)",87.996,20684098
5,MDG0073,1,07039,001,24년 의료폐기물처리용역(경기권2),용역,MDG,국군의무사령부,202403131100,J060E,서울의료공사,,이상수,029662728,경기도 김포시 대곶면 상마신기로81-14,85.184,2491
7,MDG0072,1,07038,001,24년 의료폐기물처리용역(경기권1),용역,MDG,국군의무사령부,202403131100,L01BD,리뉴로지스 주식회사,,최광섭,0313357277,경기도 용인시 처인구 남사읍 경기동로491-5,84.314,2066
4,MDG0071,1,07037,001,24년 의료폐기물처리용역(강원권),용역,MDG,국군의무사령부,202403131100,I4C8A,주식회사 샬롬환경,shalom  lnc,김윤섭,033-264-8118,강원도 춘천시 동내면 학곡서3길20-38,84.313,1987
2,MDG0070,1,07036,001,24년 의료폐기물처리용역(함평병원),용역,MDG,국군의무사령부,202403131100,GA826,주식회사 광주삼우그린,SAMWOOGREEN,박준용,0625219300,광주광역시 서구 무진대로499-0 (덕흥동),84.833,2082
4,MDG0069,1,07035,001,24년 의료폐기물처리용역(서울지구병원),용역,MDG,국군의무사령부,202403131100,F414C,화이트스톤,WhiteStone,김화옥,0328142946,"경기도 김포시 김포한강11로300, 317호 (운양동)",84.474,1360
2,MDG0068,1,07034,001,24년 의료폐기물처리용역(대구병원),용역,MDG,국군의무사령부,202403131100,H4429,주식회사 지엘,"GL Co., Ltd.",김세곤,0537192852,경상북도 경산시 자인면 공단로110-24,94.69,1870
2,MDG0067,1,07033,001,24년 의료폐기물처리용역(강릉병원),용역,MDG,국군의무사령부,202403131100,E7F15,주식회사 에코엠,ctenvi,김 찬,031-865-7994,경기도 동두천시 상패동미동길 11-8,89.84,1320
2131,UMM0170,1,07064,***,24-N-바닥청소차 구매,물품,UMM,국군재정관리단,202403131100,K1F58,주식회사 신영,,박신영,0318733377,경기도 의정부시 용민로61번길51-0 (용현동),87.995,55940890
2,UMM0172,1,05209,***,24-D-남수단 한빛부대 17·18진 교대 항공수송 용역,용역,UMM,국군재정관리단,202403131100,1699F,주식회사 대한항공,KOREAN AIR,우기홍,027517331,서울특별시 강서구 하늘길 260대한항공 항공우주사업본부,95.101,1907000000
20,UMM0147,1,04911,***,24-N-CPP 윤활유 펌프 제조,물품,UMM,국군재정관리단,202403131100,BDD52,신신이앤지(주),shin shin E.N.G,고정자,0513230935,부산광역시 강서구 낙동남로533번길89 (녹산동),83.937,557172000
6019,UMM0155,1,04690,***,24-N-비자성 드라이슈트 등 4종 구매(248052-F),물품,UMM,국군재정관리단,202403131100,H4339,주식회사보승글로벌,bosungglobal,위나영,07087065666,"경상남도 창원시 진해구 웅동로162-0, 105동 501호(두동, 청안해오름아파트)",87.995,122878300
335,UMM0159,1,04667,***,24-N-다이버 송수신기 등 4종 구매(248049-F),물품,UMM,국군재정관리단,202403131100,GFE87,주식회사 세븐스타컴퍼니,seven star company.co,김동진,0549774123,경상북도 칠곡군 왜관읍 현대로93,82.999,292956765
2051,UMM0165,1,04531,***,24-N-장비운송용 가방 등 2종 구매,물품,UMM,국군재정관리단,202403131100,J2AE9,상생상사,,진영순,010-4448-9810,"경상북도 포항시 북구 새천년대로1235-0 (장성동, 두산 위브 더 제니스)108동3103호",87.995,69537228
6092,UMM0141,1,04526,***,24-N-야전앰프 구매,물품,UMM,국군재정관리단,202403131100,LED8F,아로마포레스트 송파점,,오미진,01079403359,서울특별시 송파구 충민로66-0 (문정동) 리빙관동 9층 L9103호,87.995,55743093
817,UMM0160,1,04479,***,24-N-리치트럭 구매,물품,UMM,국군재정관리단,202403131100,KEE47,주식회사 삼마기업,,이가은,01025192334,"서울특별시 마포구 월드컵로34길6, 1동 14층 1406호(성산동,태림센트윈2차)",88.004,201917659
453,UMM0144,1,02867,***,24-D-지문3D보안해제 시스템 구매,물품,UMM,국군재정관리단,202403131100,HEA72,주식회사 씨투케이,CtoK,김창현,053-716-9951,대구광역시 북구 대동로19-2 (산격동) 2층,99.358,78200000
1430,NIT0002,1,07731,***,감정재료 구매 24-1차,물품,NIT,국방부조사본부,202403131100,LDE61,남산컴퍼니,,홍종덕,01049107537,"경기도 부천시 상일로71, 1805동 1705호(상동, 반달마을)",87.996,42784176
89,MFK0005,3,06870,***,교육훈련용 전단 인쇄 용역,용역,MFK,제9912부대,202403131100,L9AB4,주식회사 세창,,김영진,01024207663,"서울특별시 서대문구 충정로53, 1401호, 1402호(충정로2가, 골든타워빌딩)",87.996,20684098
5,MDG0073,2,07039,001,24년 의료폐기물처리용역(경기권2),용역,MDG,국군의무사령부,202403131100,J060E,서울의료공사,,이상수,029662728,경기도 김포시 대곶면 상마신기로81-14,85.184,2491
7,MDG0072,2,07038,001,24년 의료폐기물처리용역(경기권1),용역,MDG,국군의무사령부,202403131100,L01BD,리뉴로지스 주식회사,,최광섭,0313357277,경기도 용인시 처인구 남사읍 경기동로491-5,84.314,2066
4,MDG0071,2,07037,001,24년 의료폐기물처리용역(강원권),용역,MDG,국군의무사령부,202403131100,I4C8A,주식회사 샬롬환경,shalom  lnc,김윤섭,033-264-8118,강원도 춘천시 동내면 학곡서3길20-38,84.313,1987
2,MDG0070,2,07036,001,24년 의료폐기물처리용역(함평병원),용역,MDG,국군의무사령부,202403131100,GA826,주식회사 광주삼우그린,SAMWOOGREEN,박준용,0625219300,광주광역시 서구 무진대로499-0 (덕흥동),84.833,2082
4,MDG0069,2,07035,001,24년 의료폐기물처리용역(서울지구병원),용역,MDG,국군의무사령부,202403131100,F414C,화이트스톤,WhiteStone,김화옥,0328142946,"경기도 김포시 김포한강11로300, 317호 (운양동)",84.474,1360
2,MDG0068,2,07034,001,24년 의료폐기물처리용역(대구병원),용역,MDG,국군의무사령부,202403131100,H4429,주식회사 지엘,"GL Co., Ltd.",김세곤,0537192852,경상북도 경산시 자인면 공단로110-24,94.69,1870
2,MDG0067,2,07033,001,24년 의료폐기물처리용역(강릉병원),용역,MDG,국군의무사령부,202403131100,E7F15,주식회사 에코엠,ctenvi,김 찬,031-865-7994,경기도 동두천시 상패동미동길 11-8,89.84,1320
81,MDD0039,1,07169,***,2024년 물탱크 청소 용역,용역,MDD,국군수도병원,202403131100,B7B13,(주)청호종합관리,chungho,이은규,0319647344,경기도 고양시 덕양구 은빛로77번길9 (화정동),87.766,7324600
7,LKP0056,1,07070,***,'24년 통신장비 외주정비 용역(대구/경북),용역,LKP,5군수지원사령부,202403131100,G4A98,주식회사 태원전기통신,"Taewon Information Technology co., Ltd",설인호,0542819113,경상북도 포항시 북구 용당로54-1 (용흥동),87.944,2285600
15,LKP0055,1,07069,***,'24년 통신장비 외주정비 용역(대전/충남·북/세종),용역,LKP,5군수지원사령부,202403131100,D9CC4,주식회사 명품시스템,Myoung Poom System,이명아,0425240164,대전광역시 서구 계룡로408-0 (갈마동),88.003,4572498
15,LKP0053,1,07066,***,'24년 통신장비 외주정비 용역(광주/전남·북),용역,LKP,5군수지원사령부,202403131100,F6D20,케이에스원 주식회사,"KS-one CO.,LTD.",김형욱,0623640030,광주광역시 서구 금화로283-0 (화정동),87.772,5405662
5471,HCM0017,1,07678,***,24-02-062 PCV 45도 엘보 등 73품목,물품,HCM,공군교육사령부,202403131030,M5AC8,삼성로드,,강동우,01053620483,"세종특별자치시  나성북로30 ,   259호(나성동, 퍼스트원)",87.995,43049967
1858,SCQ0027,1,07811,***,광컨버터 등 27종 구매,물품,SCQ,제9911부대,202403131030,M816F,블루탑,,허진숙,07041155255,"경기도 양평군 양평읍 역전길22, 1907호(현대성우오스타코아루)",88,19342270
8,SCP0027,1,07814,***,24-0함대 대기오염물질배출시설 자가측정 용역,용역,SCP,제8385부대,202403131030,L42F0,주식회사 다온환경측정시험원,,최왕규,0437160180,"충청북도 청주시 서원구 산미로93, 3층(산남동)",88.044,3522000
3,LQG0026,1,07691,***,00부대 전기안전관리대행 용역(서초),용역,LQG,육군 52보병사단,202403131030,CBD81,한진이에스앤(주),HJESN,임성관,0234635501,서울특별시 서초구 강남대로34길43-0 (양재동),88.305,17699880
44,LNF0004,1,07681,***,'24년 이동형 화재진압장비 구매,물품,LNF,제1보병사단,202403131030,L42D9,엠케이라벨,,손철용,01071693975,"경기도 파주시 가람로116번길107, 지하층 비101호(와동동, 운정한강듀클래스)",88.137,50923390
13,LHG0007,1,07838,***,(물-009)'24-1차 주거(을지아파트 출입문) 설치 납품,물품,LHG,제1862부대,202403131030,M581A,민스글로벌,,김성민,01068383242,강원특별자치도 인제군 북면 금강로29-0 A동 1호-78,88.079,29265280
206,SCH0035,1,07829,***,24-14호 캡 등 125종 구매,물품,SCH,해군작전사령부,202403131030,LDD41,에스알케이플랫폼,,김상록,01066669619,"부산광역시 서구 구덕로333번길11, B동 301호(서대신동3가, 대신썬빌리지)",88.019,31952461
8,SCP0028,1,07827,***,24-0함대 폐변압기 PCBs 분석검사 용역,용역,SCP,제8385부대,202403131030,A7A90,(주)한국종합공해시험연구소,"Korea Synthesis Pollution Institute of Testing Co., Ltd.",박태현,0226147875,"서울특별시 구로구 경인로53나길23 (구로동) 그린빌딩 2, 3, 4, 6 F",88.086,2031000
34,MCS0034,1,07807,***,24-OO지역 실내공기질 측정용역,용역,MCS,국방부계룡대근무지원단,202403131030,HEC9A,주식회사 그린포레,greenforet,문존회,0315955898,"경기도 남양주시 경춘로1260-0, 605호(평내동, 하나프라자)",88.121,28733130
5,MCS0033,1,07791,***,24-보건관리 전문기관 위탁용역,용역,MCS,국방부계룡대근무지원단,202403131030,KD3D7,주식회사 디딤산업보건센터,,엄근용,0415630010,"충청남도 천안시 서북구 검은들3길33, 301호(불당동, 대왕빌딩)",88.13,13564000
3,MCS0032,1,07789,***,24-안전관리 전문기관 위탁용역,용역,MCS,국방부계룡대근무지원단,202403131030,LA0D7,대한안전관리센터(주),,임재만,0437158555,"충청북도 청주시 청원구 율중로79번길46-0 (율량동), 201호",92.903,14690000
13,SFL0011,1,07794,***,24-교-소방시설 점검 용역,용역,SFL,제3283부대,202403131030,IEBD4,하나소방주식회사,,이다연,0542567119,경상북도 포항시 북구 법원로51번길24-7 (장성동),88.326,34550858
247,SCK0033,1,07786,***,양면 각대봉투 등 729종 구매,물품,SCK,해군교육사령부,202403131030,M4F7C,뉴텍（NEW TACK）,,강상훈,01081813657,경상남도 창원시 의창구 사화로210-0 (팔용동)304호,88.011,43622200
38,SFL0010,1,07780,***,24-교-01 물탱크 청소 용역,용역,SFL,제3283부대,202403131030,A1BD7,한서안전(주),hanseo security. LTD,서상섭,0547738560,경상북도 경주시 원화로501(용강동),88.187,7589000
76,LFC0020,1,07749,***,00부대 이동로 포장 건설폐기물 처리용역,용역,LFC,육군훈련소,202403131030,A36F5,주식회사 보령환경산업,by3138105782,박홍전,0419313541,충청남도 보령시 남포면 평촌밤섬길 218-201(),88.022,17223000
15,LGD0003,1,07640,***,'24년 소방시설 작동점검용역,용역,LGD,육군종합행정학교,202403131030,G6EAC,주식회사 세종소방,sejong,이선분,0432361119,충청북도 청주시 서원구 성화로40번길46-36 (성화동),88.032,16582740
200,LNF0005,1,07741,***,24년 윤활유 구매,물품,LNF,제1보병사단,202403131030,LB5FB,채은유통,,이미연,01047751278,"경기도 시흥시 진말로36, 120동 704호 (장곡동, 진말 대우 아파트)",88.005,65972340
19,SCN0047,1,07508,***,원형테이블 등 5종 구매,물품,SCN,제7001부대,202403131030,H751B,진성,ZinSung,신진업,070-8870-0072,경상남도 창원시 의창구 대산면 봉강가술로519-0 번지,99.181,5747797
19,SFL0009,1,07766,***,24-교-01 조경관리 용역,용역,SFL,제3283부대,202403131030,A1BD7,한서안전(주),hanseo security. LTD,서상섭,0547738560,경상북도 경주시 원화로501(용강동),88.034,96286000
118,SDF0029,1,07754,***,원 홀 실리콘 마개 등 9종,물품,SDF,제5738부대,202403131030,ID19D,네오상사,,김민애,01093588645,경상북도 포항시 남구 포스코대로147-6 (대잠동),88.013,7735306
81,LNQ0013,1,07742,***,24-8차 부대구매(상병건강검진 소모품),물품,LNQ,제17보병사단,202403131030,L979B,이루다 솔루션,,임송희,01025890625,"인천광역시 부평구 마장로378번길7, A동 202호(청천동)",88.002,38061994
44,LNF0004,2,07681,***,'24년 이동형 화재진압장비 구매,물품,LNF,제1보병사단,202403131030,L42D9,엠케이라벨,,손철용,01071693975,"경기도 파주시 가람로116번길107, 지하층 비101호(와동동, 운정한강듀클래스)",88.137,50923390
624,SFG0031,1,07762,***,요소수 구매,물품,SFG,제9181부대,202403131030,J367B,글리터캐슬,,박지민,01053430804,"경기도 광주시 회안대로637-36 (탄벌동, 경남아너스빌 2단지)",87.995,5620920
376,SCF0199,1,07591,***,"마이크로폰, 자기식 등 6종 구매",물품,SCF,해군군수사령부,202403131030,JBDFC,동진상사,,김동진,01026611632,"경기도 안산시 단원구 고잔1길70, 805호(고잔동, 아피체)",98.544,192000000
263,SCF0207,1,05506,***,"부동액 1,000CN 구매",물품,SCF,해군군수사령부,202403131030,HCB11,사수상사,sasoo company,이성호,01038260088,"부산광역시 부산진구 신암로133, 105동 601호(범천동, e편한세상 서면 더센트럴)",88.002,7629047
597,SCF0203,1,05336,***,수술등 입식 등 2종 구매,물품,SCF,해군군수사령부,202403131030,I15C2,한영기업,Han Yeong,조효숙,0617272531,전라남도 순천시 팔마4길25 (연향동),87.995,31634900
1539,SCF0201,1,04381,***,힌지 등 10품목 / 구매,물품,SCF,해군군수사령부,202403131030,L0291,에스클래스,,김지숙,01073631069,"경기도 부천시 원미구 신흥로201, B동 1207호(중동, 트리플타워)",87.995,43769570
1736,SCF0205,1,03439,***,"구명식량 10,000BX 구매",물품,SCF,해군군수사령부,202403131030,K62DF,정민솔루션,,이종노,07047721096,"강원특별자치도 동해시 동해대로5464-0 (평릉동), 2층 203-49호",88.063,53989012
921,SCF0117,2,02534,***,알루미늄 리벳트 건 4.8밀리 등 3품목 구매,물품,SCF,해군군수사령부,202403131030,I669E,온나라물자조달 주식회사,"ONNARA CO.,LTD",김미선,0513020930,"부산광역시 사상구 낙동대로910, 씨-301호(감전동, 마트월드)",92.433,14728000
625,LPC0002,1,07053,***,24년 취사장 청소 용역,용역,LPC,제25보병사단,202403131030,F7015,(주)그린바이오,GREENBIO,이상필,0313354402,경기도 용인시 처인구 지삼로590-0 (삼가동) 씨엠씨빌딩 305호,87.995,82135180
306,LIK0020,1,07699,001,‘24년 부대계약(4~6월) 부식(빵류) 제조/구매,물품,LIK,제2군수지원여단,202403131030,EAEE0,그린코리아주식회사,GREENKOREA,유용섭,03180035679,경기도 화성시 배양길53-6 (배양동),83.003,1000902.91
858,LIK0019,1,07689,001,'24년 부대조달 후식(생수) 구매,물품,LIK,제2군수지원여단,202403131030,G76F3,주식회사 매사,"MESA Co., LTD.",강종효,0261234150,"서울특별시 영등포구 선유로49길23,  1001호, 1107호, 1108호 (양평동4가,아이에스비즈타워2차)",82.997,250.18
1225,LIK0018,1,07680,001,'24년 부대조달 후식(바나나) 구매,물품,LIK,제2군수지원여단,202403131030,I84D5,주식회사 나한,"NAHAN Co., Ltd.",김정희,01051021856,"서울특별시 강북구 도봉로77길6, 403-2호 비(수유동)",87.996,2985.25
124,LGI0021,1,07656,001,'24-2차 부대계약 후식(간식류) 구매,물품,LGI,제3군수지원여단,202403131030,H342A,주식회사 동영상사,Video company,이주열,01074701760,"인천광역시 서구 백범로630번길22, 216호,301-2호,308호,308-1호 (가좌동)",82.996,21400.31
37,LCZ0003,1,07529,***,부대표지 제조구매,물품,LCZ,동원전력사령부,202403131030,DE986,성도교역,sungdo co ltd,최계영,023062353,"서울특별시 서대문구 수색로138-0, 2층(북가좌동)",88.046,117599544
235,LCK0009,1,07632,***,[일반-24-19] '24년 과학화경계시스템(CCTV) 외주정비,용역,LCK,수도방위사령부,202403131030,JAF44,주식회사 루트웰,,노덕권,07076927353,서울특별시 영등포구 영등포로103 (당산동2가) 하나비즈타워 603호,87.747,128351500
3650,HCM0018,1,07753,***,24-02-052 아연각관 등 14품목 구매,물품,HCM,공군교육사령부,202403131030,M72A7,무한상사,,박일봉,0547273320,"경상북도 포항시 북구 침촌지구로10-0 (장성동, 장성 푸르지오) 108동 1604호",87.995,31151888
6,LKT0025,2,06814,***,24년 영점사격장 토양정밀조사 용역,용역,LKT,제1989부대,202403130930,LFF2C,재단법인 케이라인환경기술원,,이현채,0627101191,광주광역시 광산구 평동금곡길39(연산동),89.536,22857310
37,LDH0228,1,06009,***,"(특무) 계전기, 고체소자식 등 102품목 구매",물품,LDH,육군종합정비창,202403121300,IE3D1,주식회사 제이에프,,진주,01090320950,"충청북도 청주시 청원구 율봉로159번길73-1, 301호(율량동, 스톰비오피스센터)",83.061,226694840
12,LDH0229,1,06499,***,(자재) 스펀지 흰색 등 49종 구매,물품,LDH,육군종합정비창,202403121300,I91F2,지앤와이일렉텍(주),"G&Y Electech Co.,Ltd",김보영,0260911083,서울특별시 구로구 경인로53길15-0 (구로동) 중앙유통단지 가동 3116호,88.65,43231480
934,LCP0020,1,07512,***,'24년 1분기 전산운영용품 구매(2차),물품,LCP,육군항공사령부,202403121130,L6995,메타에듀시스(경산),,윤해곤,053-811-2062,"경상북도 경산시 펜타힐즈2로40-0 (중산동, 펜타힐즈 더샵 2차) 204-1603",88.017,4004110
8,LCP0018,1,07504,***,'24년 수질검사 용역,용역,LCP,육군항공사령부,202403121130,A5F41,주흥환경 주식회사,"JUHEUNG ENVIROTECH Co.,Ltd.",이길재,0312577676,"경기도 수원시 영통구 신원로304 (원천동) 3동 5층 5-505, 506호",88.692,11073700
112,LFC0019,2,07025,***,24년 4~6월 부대조달 경쟁계약품목(부식류) 구매,물품,LFC,육군훈련소,202403121100,F15BF,큐엔씨(주),QNC,신우철,0314020088,"경기도 안산시 단원구 선이로14, 1층(선부동, 안산제일종합시장내 1층)",83.002,1153503389
429,UHD0009,2,07533,***,'24년 3여단 병영시설 방제용역,용역,UHD,공군 작사예하 방포사예하 제3여단,202403121100,K78F7,에이치에스환경,,최세경,031-388-0215,"경기도 안양시 동안구 시민대로248번길25, 301호(관양동, 경기창조산업안양센터)",88.003,58641540
429,UHD0009,1,07533,***,'24년 3여단 병영시설 방제용역,용역,UHD,공군 작사예하 방포사예하 제3여단,202403121100,K78F7,에이치에스환경,,최세경,031-388-0215,"경기도 안양시 동안구 시민대로248번길25, 301호(관양동, 경기창조산업안양센터)",88.003,58641540
21,LHK0011,1,07528,***,24년 00부대 방제용역,용역,LHK,제2군단,202403121100,K17AA,국제방역위생공사,,최수정,033-252-8171,강원도 춘천시 후석로344번길14-0 (후평동),88.143,7669588
49,HCC0015,1,07522,***,토너 등 14품목 구매,물품,HCC,해군제1수리창,202403121100,KAA71,현대상사,,김영락,01052181431,강원특별자치도 동해시 부곡6길6(부곡동),88.013,3241590
25,LMP0008,1,07499,***,24년 주거시설 정기안전점검,용역,LMP,제3보병사단,202403121100,G8CE2,아람엔지니어링 주식회사,ARAM ENG (주),송승언,0339207864,"강원특별자치도 원주시 무실로57, 2층(원동)",88.03,18318300
112,LFC0019,1,07025,***,24년 4~6월 부대조달 경쟁계약품목(부식류) 구매,물품,LFC,육군훈련소,202403121100,F15BF,큐엔씨(주),QNC,신우철,0314020088,"경기도 안산시 단원구 선이로14, 1층(선부동, 안산제일종합시장내 1층)",83.002,1153503389
227,SFH0035,1,07256,***,24년 부대조달부식 구매 납품(소청도),물품,SFH,제9196부대,202403121100,M7199,우리모두,,장동진,01037577698,경기도 여주시 여양로590 (오금동),83.082,723145000
3,MDG0066,1,05466,***,24년 의무장비(X선기 전치아동시촬영용) 구매,물품,MDG,국군의무사령부,202403121100,HFE66,이현테크,"EHYEON Co., Ltd",박형기,05059568888,"경기도 고양시 덕양구 꽃마을로64-0 (향동동), 927호",97.559,38500000
3,MDG0065,1,05464,***,24년 의무장비(X선기 치과용 디지털) 구매,물품,MDG,국군의무사령부,202403121100,I0EA2,주식회사 소향,"SO HYANG  Co.,  Ltd.",김은율,0315200490,"경기도 안산시 상록구 중보로22-0 (사동, 늘푸른아파트)상가113호",97.175,46300000
417,MDG0064,1,05463,***,24년 의무장비(비뇨기능측정기) 구매,물품,MDG,국군의무사령부,202403121100,J7D4B,와이에스컴퍼니,,유성숙,07088610044,"경기도 고양시 일산동구 호수로646-24,209-33호 (장항동,위너스21-2)",87.995,28895990
2,LHR0013,1,07079,***,24년 과학화훈련장 교전훈련장비 유지보수,용역,LHR,육군 제37보병사단,202403121100,BB690,(주)유텍,"User Technology co., LTD",황인협,0448664000,"세종특별자치시  집현동로76 (집현동, 유타워)",88.18,126827000
92,LGP0075,1,07348,001,24-2차 빵류 다수품목 단가계약,물품,LGP,제1군수지원사령부,202403121100,IBCA1,강원농축산유통,,김현규,0336522445,강원특별자치도 강릉시 입암동694-11 강원농축산유통,83.027,220298
50,LGP0074,1,07221,***,24년 통합 상황관리시스템 외주정비 용역,용역,LGP,제1군수지원사령부,202403121100,G945B,주식회사 넷,NET.co.ltd,김주형,07074631717,"경기도 부천시 원미구 평천로655, 401동 14층 1403호(약대동, 부천테크노파크4단지)",87.749,110808585
5,LGP0060,2,04747,***,"24년 구난차 등3종 외주정비용역(경기, 서울, 인천)",용역,LGP,제1군수지원사령부,202403121100,K7948,주식회사 경기상용차서비스,,권기종,0318620485,경기도 양주시 칠봉산로251-15 (봉양동),88.251,279844200
3,HCL0018,2,05843,***,'24년 간부식당 식자재(리더십센터),물품,HCL,공군사관학교,202403121030,D392C,주식회사푸드라인,foodline,박수식,0432761100,충청북도 청주시 흥덕구 덕암로113번길 32(),88.521,43735150
40,LCH0016,1,07381,***,기계설비 성능점검 용역(특-24-용-5),용역,LCH,특수전사령부,202403121030,D0F65,주식회사 거산이앤지,GEOSAN E&G,이용철,0218335972,"경기도 광명시 소하로190, A동 1206호,1210~1216호(소하동, 광명G타워)",88.004,67637652
3,MDN0003,1,07343,001,연구활동재료(가스)구매,물품,MDN,국군화생방방호사령부,202403121030,HE518,일성가스,il sung,김교호,0316814646,경기도 평택시 청북읍 청북로207,88.986,21200300
43,SFG0030,1,07202,***,겔포스엠 등 225품목 구매(의약품),물품,SFG,제9181부대,202403121030,K9D62,제이플러스팜주식회사,,김정은,0222432225,서울특별시 동대문구 장한로10길9 (장안동) 3층,88.003,67824210
4,SDF0017,2,06330,***,24-항-12 62 유류고 지하수 수질검사용역,용역,SDF,제5738부대,202403121030,L6B7F,주식회사 해방환경,,정보라,0632280168,전북특별자치도 전주시 완산구 메너머3길41 (중화산동2가),88.907,1459800
2102,LPF0032,2,06455,***,'24년 안전물자 세트 구매,물품,LPF,제51보병사단,202403121030,M3C12,섬오브셋,,이가은,010-9935-1757,"경기도 안양시 만안구 삼덕로63번길32, 607동 501호(안양동, 수리산성원상떼빌2차)",88,31614398
8,SDF0028,1,07320,***,24-항-18 00병원 기계설비 성능점검용역,용역,SDF,제5738부대,202403121030,LD5B0,주식회사 가람이엔지,,김정희,0532883260,경상북도 구미시 인동북길91-0 (인의동) 211호,88.197,17337970
35,HCM0015,1,07465,***,24-02-049 전자내시경 1품목 구매,물품,HCM,공군교육사령부,202403121030,K9A13,365공유경제사회적협동조합,,황일호,0557360365,"경상남도 창원시 의창구 신월로42-0 (신월동),303호",88.067,17321000
3,LMH0012,1,07538,***,00부대 취사식당 관급자재(덤웨이터) 설치,물품,LMH,제7군단,202403121030,A65BD,주식회사고려에레베이터,"KORYEO ELEVATOR CO., LTD.",김진권,0326843755,경기도 부천시 오정구 부천로409번길56-0 (내동),93.082,42000000
70,HCQ0009,1,07714,***,"24-032 분류기, 계기식, 다중범위용 등 1종",물품,HCQ,공군제5공중기동비행단,202403121030,M1EB2,엘비벤처스,,이미랑,01046708084,"경기도 시흥시 시청로59-0 (장현동, 새재마을 대동아파트) 508동 706호",88.05,42382550
80,LKQ0007,1,07490,***,'24년 중요시설경계시스템 외주정비 용역,용역,LKQ,육군항공학교,202403121030,JAF78,주식회사 아톰정보통신,,손정아,0418522439,충청남도 공주시 의당면 돌모루3길29-0,88.047,64706330
4,ELAE002,2,6225,***,중형제독기,물품,ELA,화력총괄계약팀,202403121030,F7AAD,우형종합상사,WOO HYUNG Co.,공덕진,0552657008,경상남도 창원시 의창구 차상로150번길68 (팔용동) 네오상가 129호,99.554,49864100
10,SFD0019,1,07519,***,24-P-02 훈련장 이동식화장실 임차 용역,용역,SFD,제9227부대,202403121030,I553C,부국산업,boogook industry,권순범,07088650798,경상북도 경산시 남산면 대왕로94,88.102,30663990
3,SCN0046,1,07467,***,"예방의무물자 말라론 1,450BX 구매",물품,SCN,제7001부대,202403121030,K0CAA,효성메디,,이은상,070-8098-8719,경기도 고양시 일산동구 중산로252-0 (중산동) 606호,99.62,48119988
115,SFM0023,2,06940,***,정전기 방지 패드 등 3품목 구매,물품,SFM,제3170부대,202403121030,EC9A0,세영컴퍼니,SEYOUNG CHEMICAL,이재영,0542866400,경상북도 포항시 북구 신광면 토성길37번길2-3,88.008,23104400
136,SCF0194,1,07334,***,톤백 구매,물품,SCF,해군군수사령부,202403121030,J4554,가람,,김언지,070-8870-0072,경상남도 창원시 의창구 대산면 봉강가술로519,88.008,8615029
27,MBC0002,3,06352,***,2개 대대 음식물류 폐기물 위탁처리 용역,용역,MBC,화력여단,202403121030,LEBFF,주식회사 데일리환경,,공현진,01059192237,"경기도 가평군 청평면 경춘로871-0, 5층 503-22호",88.13,27890337
140,SFM0026,1,07235,***,수성페인트 구매,물품,SFM,제3170부대,202403121030,J0D89,푸른세상,,이대식,0542476842,"경상북도 포항시 남구 상도남로11, 105동 1703호 (대잠동 자이)",88.021,13332985
8,SFM0024,1,07229,***,나일론 로프 제조,물품,SFM,제3170부대,202403121030,0389F,동양제강(주),"DONG YANG ROPE MFG. CO., LTD.",차재혁,0512602600,부산광역시 사하구 다산로147-0 (다대동),88.011,67566400
204,SCK0032,1,07459,***,복사용지 A4 등 47종 구매,물품,SCK,해군교육사령부,202403121030,M745C,캔버라,,심현남,01068338047,"경상남도 창원시 성산구 용지로94, 지하층 109호 (중앙동, 올림피아상가)",88.001,8137710
277,SCI0023,1,07332,***,수성펜 리필 등 1408종 구매,물품,SCI,제9121부대,202403121030,M5D53,다온,,안소민,01028112558,"경상남도 창원시 의창구 읍성로79번길29, 502호(소답동, 진보아파트)",88.005,57227000
7,SDF0027,1,07313,***,24-항-17 대기오염도 측정용역,용역,SDF,제5738부대,202403121030,LCCD7,주식회사 드림포이엔,,하준명,0314202156,"경기도 안양시 만안구 덕천로152번길25, 비동 2005호(안양동, 안양아이에스 BIZ타워센트럴)",88.185,1098000
726,SCQ0025,2,07203,***,전동배터리 등 83종 구매,물품,SCQ,제9911부대,202403121030,M11C6,제이루,,정연지,01086352470,"경기도 부천시 원미구 부천로25, 802호(심곡동, 노블레스부천)",88.002,15523620
25,LMQ0003,2,06564,001,24-A5)24년 음식물쓰레기 위탁처리 용역,용역,LMQ,제7297부대,202403121030,L8982,사계절환경,,최원희,010-3299-6480,"경기도 안산시 단원구 광덕2로50-3, 316호 (초지동)",88.045,152.60
3,LNS0014,2,06450,***,24년 4~12월 예비군훈련 병력수송 임차용역(2권역),용역,LNS,제55보병사단,202403121030,C87BF,주식회사로얄드림관광,royalldreamtour,고천명,0316358877,경기도 이천시 영창로 223(),98.068,74400000
2,SFD0018,2,06615,***,24-P-업무용 차량 임차 용역,용역,SFD,제9227부대,202403121030,B2427,주식회사 레드캡투어,redcaptour,인유성,0427142392,"서울특별시 중구 을지로100, 비동 19층(을지로2가, 파인에비뉴)",94.075,39360000
3,LNS0013,2,06444,***,24년 4~12월 작계훈련 병력수송 임차용역(2권역),용역,LNS,제55보병사단,202403121030,C87BF,주식회사로얄드림관광,royalldreamtour,고천명,0316358877,경기도 이천시 영창로 223(),97.904,46740000
90,LKD0020,1,07359,***,24-1분기 전산운영용품 계약,물품,LKD,제32보병사단,202403121030,L31F7,다올상사,,심정아,01020263295,"세종특별자치시  조치원읍 새내로125, 372호",88.006,24072020
67,LKS0027,1,07367,***,'24년 계룡스파텔 청소 용역,용역,LKS,육군인사사령부,202403121030,G3321,탱크토탈크린,Tank Total Clean,김미진,07089360021,대전광역시 중구 유천로16-0 (유천동),88,19629080
72,LCM0013,1,07012,***,'24년 4~6월 부대계약 부식 구매(일반품목),물품,LCM,육군교육사령부,202403121030,B9952,동아오츠카주식회사,"Dong-A Otsuka Co.,Ltd",박철호,01041935811,경기도 안양시 만안구 연현로1번길 96(석수동),83.094,6328373052
448,SFG0022,2,04065,***,세균필터 엘리먼트 등 20품목 구매(수리부속),물품,SFG,제9181부대,202403121030,IF51E,씨티원 경기지점,,김은아,07087953338,"경기도 평택시 중앙로29, 537호 (통복동, 은호빌딩)",88.002,44377453
1256,SCR0025,1,06310,***,연결기 조인트 등 8종 구매,물품,SCR,해군제3함대사령부,202403121030,I72CE,관이네,gwan house,김병관,01094011139,"서울특별시 영등포구 국회대로36길6-1, 2층 84A호(당산동3가)",87.995,19382810
1024,SCR0023,1,06281,***,"게이지, 전해질 수위용 등 20종 구매",물품,SCR,해군제3함대사령부,202403121030,M5712,주식회사미소환경,,지승원,07041462431,"서울특별시 구로구 디지털로33길55, 702호 (구로동)",87.997,18574420
436,SCF0193,1,07217,***,양극 부식방지용 등 6종 구매,물품,SCF,해군군수사령부,202403121030,HDACD,현대시스템,Hyundae System,허조건,051-334-8006,"경상남도 창원시 진해구 안골로298번길26, 상가동 1층 107호(안골동, 창원 마린 2차 푸르지오)",87.995,32407560
422,SCF0191,1,06312,***,"필터,전자기차폐용 등 2종 구매",물품,SCF,해군군수사령부,202403121030,L0F74,에스엠트레이딩,SMTrading,정성문,055-551-9980,"경상남도 창원시 진해구 신항2로114, 2013호(용원동, 다인로얄팰리스부산신항2차)",88.06,14871120
250,SCF0195,1,05271,***,"시험세트, 케이블 차폐저항용 9EA 구매",물품,SCF,해군군수사령부,202403121030,I7894,성민,sungmin,김준현,01085939452,경상남도 창녕군 대합면 대동월포로381-0,88.03,7727888
1825,SCF0190,1,04673,***,"전달장치,압력용 등 12종 구매",물품,SCF,해군군수사령부,202403121030,K5AFF,에이치산업,,고호영,01091642555,"경기도 시흥시 수인로3247번길36, 가동 105호(은행동, 동경5차아파트)",87.995,42183600
419,SCF0188,1,04519,***,케이스모듈 등 6종 구매,물품,SCF,해군군수사령부,202403121030,CAAB4,강원상사,KWANG WON,김동국,0332422612,강원특별자치도 춘천시 남춘로17-0 (퇴계동),98.736,20763000
193,SCF0192,1,03201,***,컨센트릭 밸브 조립체 등 2종 구매,물품,SCF,해군군수사령부,202403121030,FE043,주식회사 에코비투,ecob2co.ltd,하영임,023532356,"경기도 고양시 덕양구 삼원로73, 721호(원흥동, 원흥한일윈스타)",83.014,560320400
64,LHR0014,1,07184,***,24년 과학화훈련장 훈련관리체계 및관제장비 유지보수,용역,LHR,육군 제37보병사단,202403121030,G219D,주식회사 에스씨티,"SCT Co., Ltd",서창성,07078445733,부산광역시 해운대구 센텀북대로60-0 (재송동) 센텀IS타워 1809호,87.777,75682393
19,LGT0009,1,07472,***,"'24년 예비군 육성,지원 전술조끼 구매(24-MP-1)",물품,LGT,제2307부대,202403121030,E5144,주식회사 나루지엠에스,narugms,조승현,025989154,"서울특별시 서초구 사임당로19길 40-8,  2층(서초동)",88.533,99168800
72,LCM0013,2,07012,***,'24년 4~6월 부대계약 부식 구매(일반품목),물품,LCM,육군교육사령부,202403121030,B9952,동아오츠카주식회사,"Dong-A Otsuka Co.,Ltd",박철호,01041935811,경기도 안양시 만안구 연현로1번길 96(석수동),83.094,6328373052
3,LCK0008,1,07216,***,[일반-24-18] '24년 전파차단장비 외주정비용역,용역,LCK,수도방위사령부,202403121030,G6E56,주식회사 씨엔테크,CNTech,김훈석,07077208157,"경기도 김포시 양촌읍 황금로117, 이젠테크노존 가동 411호",97.943,95950000
90,LGP0072,2,06994,***,’24년 전반기 물탱크 청소 용역,용역,LGP,제1군수지원사령부,202403111130,K2F58,주식회사 에스앤피,,김유미,0318806498,"경기도 안산시 상록구 샘골로136, 2층 204호-166 (본오동)",88.012,6032050
814,LCN0011,1,07130,***,'24년 렌탈프린터 통합 임차 용역,용역,LCN,육군사관학교,202403111100,GEC51,초코인터내셔널 주식회사,"choko international co.,ltd",고찬갑,0315290842,경기도 남양주시 별내면 용암비루개길140-0,88,11116430
51,MDR0006,1,06785,***,"24년 부대비품(2차, 독신자숙소 1차) 구매",물품,MDR,제9965부대,202403111100,G6EA3,주식회사 동명디자인,(주)DONG MYOUNG DESIGN,허성연,031-761-9752,경기도 광주시 신대길109-0 (곤지암읍),88.647,21711000
177,MDR0005,1,07252,***,24년 지형정보제작 장비(워크스테이션) 노후교체 사업,물품,MDR,제9965부대,202403111100,M7825,우연정보통신,,김유미,07088040077,"대전광역시 서구 갈마로147번길5-26, 2층 201호(갈마동)",88.024,34752864
15,LKQ0004,1,07098,***,1분기 교육예산(교육 및 체육비품) 자산취득비 구매,물품,LKQ,육군항공학교,202403111100,F11DD,세계로상사,Saegyero Corp.,채홍삼,0425512948,충청남도 계룡시 신도안면 부남리167,88.128,7122900
4,LHP0006,1,07076,***,24-1차 광망이격장치 구매,물품,LHP,제22보병사단,202403111100,E06A3,(주)콜사인테크놀러지,CallSignTechnologies,강나영,0336354766,강원특별자치도 고성군 토성면 용암길60-0  1층,88.336,8805778
5,SFJ0007,1,07183,***,스미스머신 등 5품목 제조 납품,물품,SFJ,제2112부대,202403111100,HB488,주식회사 스포플렉스,spoflex,남병태,0318725666,경기도 양주시 광적면 그루고개로143번길244-10,89.026,8207529
2,MCS0031,1,07151,***,(군수-007) 야외용 테이블 등 2종 구매,물품,MCS,국방부계룡대근무지원단,202403111100,LCC80,오성기획,,오병효,0425513683,충청남도 계룡시 서금암1길8호,88.455,1113850
4,MCS0030,1,07141,***,방충복 등 2종 구매,물품,MCS,국방부계룡대근무지원단,202403111100,LCC80,오성기획,,오병효,0425513683,충청남도 계룡시 서금암1길8호,88.271,2227620
6,LGT0008,1,07247,***,24년 음식물 쓰레기 처리용역,용역,LGT,제2307부대,202403111035,D5622,금강산업(명),,염기숙,033-633-8886,강원도 고성군 토성면 성대로3-27,88.236,23754755
29,SCN0043,2,07021,***,24-진-22 00원 소방점검 용역,용역,SCN,제7001부대,202403111030,F6EA5,주식회사 세한소방,SEHAN,남흔경,0553210119,경상남도 김해시 흥동로60-0 (흥동),88.007,10902000
1531,HDT0009,1,07317,***,작통단 전산장비정비반 전산운영용품(잉크 등 29종),물품,HDT,공군작사근무지원단,202403111030,M4C1F,화신,,최화신,010-8861-3872,"경기도 수원시 영통구 광교호수로15, 104동 2503호(원천동, 광교더샵)",88.003,20591385
5834,LQP0022,1,06937,***,24년 빔프로젝터 구매,물품,LQP,제1891부대,202403111030,K579B,지앤와이산업,,여윤수,01090004353,"대구광역시 달서구 월배로387, 1702호(송현동)",88,35173200
341,LHD0008,1,07087,***,24 - 1차 축성도구 구매(X007),물품,LHD,제21보병사단,202403111030,M85A1,최강린율,,김혜정,01032009199,"강원특별자치도 춘천시 춘천로188, 210호 211호(효자동 메가시티)(효자동)",88.023,10098090
1675,LNS0018,1,07067,***,24년 예비군부대 프린터 임차용역(1권역),용역,LNS,제55보병사단,202403111030,LDBE2,라움,,서은정,01024089488,"경기도 김포시 승가로89-0 (풍무동, 장릉마을) 111-202",88.002,48509069
29,SCN0043,1,07021,***,24-진-22 00원 소방점검 용역,용역,SCN,제7001부대,202403111030,F6EA5,주식회사 세한소방,SEHAN,남흔경,0553210119,경상남도 김해시 흥동로60-0 (흥동),88.007,10902000
99,SCK0031,1,07162,***,드럼 카트리지 등 17종 구매,물품,SCK,해군교육사령부,202403111030,K8BB4,주식회사 대경코리아,,조민구,07078581122,경상남도 창원시 의창구 원이대로271 (봉곡동) 3층 314-C호,88.035,38635600
373,LHN0008,1,07159,***,(재난예방-1) 화재진압장비(산불진화장비) 구매,물품,LHN,제7보병사단,202403111030,K63E8,준컴퍼니,,이은서,07047890055,강원특별자치도 동해시 동해대로5464-0 (평릉동) 2층 203-51호,88.005,44282862
4,LMH0009,1,07242,***,군 주거시설 도배장판 설치납품(B014),물품,LMH,제7군단,202403111030,F51EC,(주)대림목재,Daerim timver,장경아,0316422743,경기도 이천시 서동대로8415-0 (장호원읍),88.668,38630950
26,SCH0034,1,07177,***,24-진 00지역 소방시설 점검 용역,용역,SCH,해군작전사령부,202403111030,G9D4A,주식회사 대웅엔지니어링,daewoong electrical safety management,정금준,0556010443,"경상남도 창원시 마산회원구 회성북9길58, 1층, 2층 (회성동)",88.005,34555230
74,SCH0033,1,07178,***,24-진 00지역 물탱크 청소 용역,용역,SCH,해군작전사령부,202403111030,EF2DF,주식회사 우영환경,"woo young environment Co.,Ltd.",김계월,0555431946,경상남도 창원시 마산합포구 진동면 교동1길13-13,88.016,14658710
16,LHG0005,2,06308,***,'24-1분기 정보화예산 집행 물품구매,물품,LHG,제1862부대,202403111030,M581A,민스글로벌,,김성민,01068383242,강원특별자치도 인제군 북면 금강로29-0 A동 1호-78,88.085,41770360
27,SCK0030,1,07154,***,베이스트럼본 등 3종 구매,물품,SCK,해군교육사령부,202403111030,I0684,라온상사,Raon.,하정욱,070-7396-5007,경상남도 창원시 진해구 충장로468번길32-9(이동),88.017,24643840
3,SCN0045,1,07138,***,24-00동 노후아파트 도자기타일 제조,물품,SCN,제7001부대,202403111030,F4C67,(주)한주세라믹스,"HANJU CERAMICS CO.,LTD",박효진,0637828000,전북특별자치도 순창군 풍산면 풍산로94-27,88.381,70970000
174,LFD0001,1,07132,***,24-2기 교육/실습재료비 구매,물품,LFD,육군대학,202403111030,D36CF,에스엠테크,SM,김정숙,07044510580,대전광역시 대덕구 대전로1397번길70-0 (읍내동),88.01,11746900
2877,LPC0004,1,07133,***,화재진압장비 구매,물품,LPC,제25보병사단,202403111030,J0E83,대진,,김승환,01073535447,"인천광역시 계양구 용종로97, 207동 705호 (용종동, 용종마을신대진아파트)",88,51128700
304,SCI0022,1,07125,***,지시봉 등 221종 구매,물품,SCI,제9121부대,202403111030,I7559,주식회사도영디와이,doyoungdy,김미영,01062566970,경상남도 창원시 성산구 대암로32-7 (남양동),88.008,16667100
11,SCQ0022,2,06245,***,24-평 폐기물(지정폐기물류) 처리 용역,용역,SCQ,제9911부대,202403111030,J8FEE,주식회사 대경이엔지,,이주희,031-662-5130,경기도 평택시 서탄면 내천길142-22,88.067,73766000
26,SCN0044,1,07023,***,24-진-23 00사 소방시설 작동점검 용역,용역,SCN,제7001부대,202403111030,CB6E7,나라기업 주식회사,Nara Corporation,우희석,0552473119,"경상남도 창원시 의창구 중동중앙로47, 어반브릭스 스튜디오스트리트몰 4013호(중동)",88.037,20819566
26,SCN0044,2,07023,***,24-진-23 00사 소방시설 작동점검 용역,용역,SCN,제7001부대,202403111030,CB6E7,나라기업 주식회사,Nara Corporation,우희석,0552473119,"경상남도 창원시 의창구 중동중앙로47, 어반브릭스 스튜디오스트리트몰 4013호(중동)",88.037,20819566
368,LKT0029,1,07280,***,24년 안전물자세트(보안경 등 8종) 구매,물품,LKT,제1989부대,202403110930,LE6E7,별난,,박소윤,0623853252,"광주광역시 북구 우치로257번길20, 1층  (오치동)",88.002,24761950
79,LKT0028,2,07010,***,"24년 취사장 후드, 덕트 청소 용역",용역,LKT,제1989부대,202403110930,J0410,더 세움,,박나호,0624707774,"광주광역시 남구 서문대로790, 상가 401동 2층 209호(주월동, 제석산 호반 힐하임)",88.005,60367860
77,MDD0038,1,04084,***,2024 의무장비(혈전방지기) 구매,물품,MDD,국군수도병원,202403081700,CAAB4,강원상사,KWANG WON,김동국,0332422612,강원특별자치도 춘천시 남춘로17-0 (퇴계동),99.2,4116000
3,LDH0224,1,06659,***,24-8차 물류이동장비(5톤 전동화물운반차) 구매,물품,LDH,육군종합정비창,202403081300,HD8F4,스타CNS,starcns,정정훈,07048374570,경상남도 창원시 의창구 북면 천주로1380-58,96.924,28499000
9,MFD0002,1,06733,***,'24년 전자수사자료표시스템 유지관리 용역사업(통합),용역,MFD,국방부검찰단,202403081300,JCD34,다알시스 주식회사,,최윤호,07086571692,"경기도 수원시 권선구 일월천로4번길2, 4층(구운동, 씨지에스빌딩)",88.019,16224879
3,UMM0153,1,02098,***,(24G028-I) 6.25 전사자 유가족 유전자검사 외부위탁,용역,UMM,국군재정관리단,202403081100,D141F,(주)제이에스링크,"JS Link, Inc.",이준영,0231531500,"서울특별시 강서구 마곡중앙8로3길31(마곡동, ASSA빌딩)",78.044,2262080000
41,HDQ0010,1,06913,***,24-부대 방역용역,용역,HDQ,제20전투비행단,202403081100,G5464,(주)엘케이매니지먼트,lk management,이은권,0418531218,충청남도 공주시 공암장터길4-0 (반포면),88.316,19286000
2,UMM0154,1,03929,***,(24F022-I) 24년 중요 역사기록물 복원사업,용역,UMM,국군재정관리단,202403081100,AEA3B,(주)엔가드,enguard,김은숙,0316748379,경기도 안성시 무어산길125-25 (대덕면),86.359,805980000
69,UMM0151,1,02902,***,(24G009-H)24년 학교교실디지털화 유지보수 용역,용역,UMM,국군재정관리단,202403081100,LB7B4,(주)더원정보,,이태훈,0535238902,대구광역시 달성군 옥포읍 비슬로447길36-11,87.815,66052730
60,SCN0042,2,07009,***,24-진-24 00사 물탱크 청소용역,용역,SCN,제7001부대,202403081030,H5330,주식회사 원에스엠종합관리,ONESM,한정호,0552897246,경상남도 창원시 성산구 창이대로881번길17-0 (대방동),88.027,26088930
60,SCN0042,1,07009,***,24-진-24 00사 물탱크 청소용역,용역,SCN,제7001부대,202403081030,H5330,주식회사 원에스엠종합관리,ONESM,한정호,0552897246,경상남도 창원시 성산구 창이대로881번길17-0 (대방동),88.027,26088930
6,LCK0004,2,05811,***,[일반-24-14] '24년 전기안전관리대행(1권역) 용역,용역,LCK,수도방위사령부,202403081030,C828D,중앙에스코(주),JESCOS,오경석,025838582,서울특별시 서초구 방배동2525번지 우성아파트상가 B12호,88.533,10730980
22,LGF0003,4,03553,***,24년 UAV통합 시뮬레이터 유지보수 용역,용역,LGF,육군정보학교,202403081030,JC780,주식회사 휴먼젠,,김호연,0448672600,세종특별자치시  아름서1길13-1 (아름동) 614호,88.334,73691000
133,SFM0022,1,06853,***,지퍼형 넥타이 등 3품목 구매,물품,SFM,제3170부대,202403081030,C7C20,대명종합상사,DAE MYUNG,장인숙,0542831319,"경상북도 포항시 남구 동해면 일월로155, 1층",88.019,12615030
174,SFM0021,1,06852,***,인명구조장갑 등 3품목 구매,물품,SFM,제3170부대,202403081030,J325A,정인 컴퍼니,,정인탁,0542559922,경상북도 포항시 북구 이동로66-4 (득량동),88.006,85124067
16,LHR0012,1,06908,***,"24년 옥천,충주 훈련대 영상모의 사격장비 유지보수",용역,LHR,육군 제37보병사단,202403081030,G5EB4,주식회사에스마루,smaru,김학철,0426356031,충청남도 청양군 정산면 칠갑산로1898-0,88.266,35383500
5,HDC0012,1,07174,***,24-10 타이어 등 2종 60점 구매,물품,HDC,공군제1전투비행단,202403081030,F5630,T. Station광주서구점,T. Station,임용식,062-371-3090,광주광역시 서구 상무대로902(쌍촌동),96.972,26900000
16,LHR0012,2,06908,***,"24년 옥천,충주 훈련대 영상모의 사격장비 유지보수",용역,LHR,육군 제37보병사단,202403081030,G5EB4,주식회사에스마루,smaru,김학철,0426356031,충청남도 청양군 정산면 칠갑산로1898-0,88.266,35383500
166,SFM0020,1,06851,***,양념분쇄기 등 3품목 구매,물품,SFM,제3170부대,202403081030,HFA5E,희경상사,Hee Kyung,나재기,01066224171,"경상북도 포항시 북구 새천년대로1235-0 (장성동, 두산 위브 더 제니스)108동3103호",88.015,59017809
2195,MDF0005,1,06849,***,24-1차 통신사 및 합참 전산운영품 구매,물품,MDF,국군지휘통신사령부,202403081030,KF549,주식회사 진우종합관리,,황진우,07041462432,강원특별자치도 원주시 서원대로507-0 (단구동) 501호-36,88,42508020
5,HDM0008,1,06484,***,24년 병사식당 음식물쓰레기 처리용역,용역,HDM,공군제17전투비행단,202403081030,IF68F,솔밭농장,,이익수,010-6327-0180,충청북도 청주시 청원구 내수읍 은곡1길53,88.172,86998390
11,HDN0011,2,06504,***,얼음정수기 임차 계약,용역,HDN,공군제18전투비행단,202403071300,I9E68,한국렌탈판매협동조합,KRSCOOP,정영이,07077772418,"인천광역시 미추홀구 아암대로45번길77-8, 1층(용현동)",87.89,76210035
11,HDN0011,1,06504,***,얼음정수기 임차 계약,용역,HDN,공군제18전투비행단,202403071300,I9E68,한국렌탈판매협동조합,KRSCOOP,정영이,07077772418,"인천광역시 미추홀구 아암대로45번길77-8, 1층(용현동)",87.89,76210035
373,SCF0184,1,05549,***,(긴급)주강 등 13종,물품,SCF,해군군수사령부,202403071300,G0F4B,주식회사 비에스씨,"BSC Co., Ltd",신관영,0553464224,경상남도 김해시 진영읍 본산로212번길26-1,95.396,98800000
4,LDH0219,1,06428,***,24년 전반기 정비장비 예비부품구매(필터류2차),물품,LDH,육군종합정비창,202403071300,I2CFE,이지테크,easytech,김혜선,010-2388-5129,"경상남도 창원시 마산합포구 3.15대로406,3층 (상남동)",88.078,42222200
2,LDH0221,1,05842,***,"K21 링,지지용 등 25종 구매",물품,LDH,육군종합정비창,202403071300,BDFC7,현대정밀가스켓,,이의정,051-802-7662,부산광역시 사상구 가야대로175번길29-0 (감전동),88.184,8963000
2,LDH0220,1,05160,***,터빈엔진시험셋 외주정비 용역,용역,LDH,육군종합정비창,202403071300,IE03D,주식회사 이알시스템,,이창우,0432390300,충청북도 청주시 청원구 내수읍 은곡길72-55,88.101,27735000
3,LDH0218,1,04992,***,24년 전반기 정비장비 예비부품구매(궤도장비류2차),물품,LDH,육군종합정비창,202403071300,I2CFE,이지테크,easytech,김혜선,010-2388-5129,"경상남도 창원시 마산합포구 3.15대로406,3층 (상남동)",88.311,30487000
2,LDH0227,1,06714,***,(24-대-3-영) 노후 집진설비 필터백 제조납품,물품,LDH,육군종합정비창,202403071100,K017A,신광산업,,강동주,055-903-7750,경상남도 김해시 주촌면 서부로1499번길169-14,89.374,40786410
52,MCS0028,1,06775,***,수리부속(엔진오일 등 62종) 구매,물품,MCS,국방부계룡대근무지원단,202403071100,D2BBF,선경종합상사,sunkyungjonghaysangsa,배정주,042-551-1494,충청남도 계룡시 엄사면 번영11길 6(),88.07,38025660
242,MCS0027,1,06772,***,윤활유(워셔액 등 2종) 구매,물품,MCS,국방부계룡대근무지원단,202403071100,M148E,겸스토어,,김수현,01032000064,"충청남도 아산시 둔포면 아산밸리중앙로50, 1010동 3층 303호(아산테크노밸리이지더원1단지아파트)",88.006,8849750
12,HCR0010,1,04663,***,24년 한성대로 배수로 공사 재해예방(토목),용역,HCR,공군제15특수임무비행단,202403071100,G0882,대한종합안전(주),Korea Synthesis Safety Corporation,이택기,0324657772,"인천광역시 남동구 인주대로819, 502호 (구월동, 문화빌딩)",88.079,3203200
140,LHK0009,1,06710,***,24년 폭염대비 재난 및 안전관리 물품 구매,물품,LHK,제2군단,202403071100,L6F11,주식회사 루니,,박선희,01091705474,강원특별자치도 춘천시 춘천로419-0 (후평동)2층201호,88.007,38247500
4,UMM0137,1,06401,***,(24G072-A) RF기동영상전송장비 구매 금융리스,물품,UMM,국군재정관리단,202403071100,B179B,롯데캐피탈(주),LOTTE CAPITAL,추광식,0234510099,"서울특별시 강남구 테헤란로 142(역삼동, ARC PLACE) 7층",98.416,261806240
162,UMM0139,1,05542,***,(247060-C) 수술재료4 구매,물품,UMM,국군재정관리단,202403071100,H6367,원유통,won company,이양희,01065102700,"대구광역시 북구 동북로163, 101동 1605호(산격동, 산격대우아파트)",88.005,51448820
2360,UMM0125,1,04872,***,24-F-정밀측정장비(소자장치) 1종 구매,물품,UMM,국군재정관리단,202403071100,KA2D3,에이치닷 컴퍼니,,채현석,050205859562,"전북특별자치도 전주시 덕진구 기린대로1018-7 (여의동, 푸른솔아파트)101동 910호",87.995,131665270
757,UMM0135,1,04551,***,(247023-D) 치과장비운영소모품 38품목 구매,물품,UMM,국군재정관리단,202403071100,IED43,주식회사 휴콤,,최성숙,0556055874,경상남도 창원시 성산구 가음로101번길22-6,87.999,166376600
4377,UMM0118,1,04491,***,24-N-아군식별용 헬멧 라이트 구매,물품,UMM,국군재정관리단,202403071100,IEDF4,용덕군단,,김성혜,01041594442,"경상북도 포항시 남구 오천읍 해병로559번길7, 108동 2704호 (포항 아이파크)",87.995,52737180
1078,UMM0124,1,04462,***,24-N-해상용 패스트 로프셋 등 2종 구매,물품,UMM,국군재정관리단,202403071100,M77A6,와이에스,,김수선나,07076182002,"대전광역시 서구 가장로52, 5층 74호(괴정동, 천연빌딩)",87.998,97421603
2,UMM0101,1,04433,***,24-M-병영생활관 관급자재(타일) 제조,물품,UMM,국군재정관리단,202403071100,F53F3,(주)대동세라믹,"DAEDONG CERAMIC.,Ltd",김정희,0415836012,세종특별자치시  전의면 산단길22-63,89.144,145900000
372,UMM0140,1,03996,***,"(246036-E)연삭기, 고정형, 다용도용(외경연마기)구매",물품,UMM,국군재정관리단,202403071100,IC1EE,제이앤제이,,송옥주,0432148264,"충청북도 청주시 상당구 산성로98번길23 (용담동,석훈빌딩) 7층7141호",82.999,321781380
36,UMM0146,1,03657,***,(24F003-G)24~25년 워게임모델 장비정비 유지보수용역,용역,UMM,국군재정관리단,202403071100,D4FE7,(주) 네오인아이텍,"NEOINITEC CO. LTD,.",이경미,028647222,"서울특별시 금천구 벚꽃로234, 1001-2호 (가산동, 에이스하이엔드6차)",85.809,291986000
20,UMM0145,1,02326,***,(246004-E) 24년 포제명찰 새김 및 벨크로 부착 제조,물품,UMM,국군재정관리단,202403071100,IBDBE,주식회사 두원,,김신,01043020222,"경기도 포천시 호국로1297, 나동(자작동)",83.186,264267000
2,UMM0122,1,01893,***,"24~25-F-X선 장치,방사선 사진용,산업용 구매(U)",물품,UMM,국군재정관리단,202403071100,A49DC,나우주식회사,Nawoo Ltd.,정대혁,0317450088,"경기도 성남시 중원구 둔촌대로388, 410호 (상대원동, 크란츠 테크노)",88.002,115852000
2,SFL0003,1,02102,***,24-교-병영식당 민간위탁 급식 용역,용역,SFL,제3283부대,202403071100,C6195,주식회사 풀무원푸드앤컬처,"Pulmuone Food & Culture Co.,Ltd",이동훈,0234007790,서울특별시 송파구 송파대로34길29(송파동),,33689500000
6,MDG0056,1,06596,001,LPG(강원) 구매,물품,MDG,국군의무사령부,202403071100,M625D,호인에너지,,김성진,0336447008,강원특별자치도 강릉시 강동면 오이동길15,88.053,1297
714,HCF0034,1,06753,***,"[패트리어트 작전차량 부품]타이어,공기압식 차량용",물품,HCF,공군군수사령부,202403071030,J8F72,모든상사,,김기태,01030074266,경기도 오산시 부산중앙로42 (부산동),87.998,115894580
6,HDT0008,1,06783,***,'24년 작은도서관 위탁용역,용역,HDT,공군작사근무지원단,202403071030,BDC4E,주식회사 디.아이환경,diclean,권택연,031-514-6401,"경기도 남양주시 별내중앙로36-23, 1706호(별내동)",89.033,25817510
9,LHK0010,1,06791,***,정보통신단 통신차량호 건설 자재 구매(1분기 26차),물품,LHK,제2군단,202403071030,H3B5D,사이,,김나영,0332574599,"강원특별자치도 춘천시 춘천로19 (온의동) 1층,(강원도향토공예관)",88.082,14676790
2,LCZ0001,2,05829,***,24년 3월 51동지단 공병전시 완편하 FTX버스임차,용역,LCZ,동원전력사령부,202403071030,BFBF4,(주)한남관광개발,Hannam travel service INC,이자영,027344141,"서울특별시 강서구 마곡중앙2로35, 722호 (마곡동, 이너매스마곡2)",89.01,35040000
241,LHQ0009,1,06770,***,24-1차 전산운영용품 구매,물품,LHQ,제2작전사령부,202403071030,M1C52,히즈인터내셔널,,김길로,01056017885,"대구광역시 동구 화랑로108길42, 101동 12층 1202호(용계동, 용계역푸르지오아츠베르1단지)",88,33376760
156,LNF0003,1,06726,***,24년 판문점 작전화 구매,물품,LNF,제1보병사단,202403071030,K9A32,주식회사 순수팩토리,,신지원,023712101,경기도 고양시 덕양구 삼원로40-1 (삼송동),88.005,56603430
65,LKD0017,1,06675,***,24년 사단 전반기 물탱크 청소 용역,용역,LKD,제32보병사단,202403071030,A2FE0,유한회사 안전세종,,김동숙,0448670407,"세종특별자치시  금남면 안금로251, 2층",88.261,9519698
1612,SCQ0024,1,06766,***,현관발판 등 35종 구매,물품,SCQ,제9911부대,202403071030,I4714,창조물산,CHANG JO PRODUCT,임경희,0313390861,경기도 용인시 처인구 모현읍 곡현로315번길149-5,88,13070360
145,LKD0018,1,06660,***,"24-1차 취사장 후드, 덕트 청소 용역",용역,LKD,제32보병사단,202403071030,H18DD,우일산업개발,sejong jeil gihoik,이용석,0413328051,"충청남도 예산군 예산읍 신례원로14 , 2동 5호",88.001,54923830
11,SDG0004,2,05026,***,24-인-민간위탁배송 용역,용역,SDG,제2002부대,202403071030,I6714,주식회사 한국비히클,"HANKUK VEHICLES CO., LTD.",윤성웅,0414250093,충청남도 아산시 둔포면 아산호로1082번길16-16,88.603,53602000
5,SFG0029,1,06760,***,전자호각 구매,물품,SFG,제9181부대,202403071030,L42E1,해리솔루션,,류해리,01048712474,경기도 양주시 장흥면 호국로597번길15 (송추역 북한산 경남아너스빌) 103동 704호,98.633,6240980
146,SCQ0023,1,06761,***,승용식그린모어 구매,물품,SCQ,제9911부대,202403071030,M7FC5,리모아,,이송령,010-7645-8885,경기도 광명시 광명로948-0 (광명동) 1동 1301호,88.018,66669550
7,LQH0019,1,06313,***,도시지역작전 피복류(6종) 제조 납품,물품,LQH,제3697부대,202403071030,L51A1,주식회사 무지개상사,,장대교,01062527981,경기도 시흥시 호현로34번안길5-0 (대야동) 5층,88.068,35102469
2,MCD0006,1,05217,***,2024 국방정책 홍보역량 강화교육,용역,MCD,국방부(운영지원과),202403061700,B301A,한국생산성본부,Korea Productivity Center,박성중,027241114,서울특별시 종로구 새문안로5가길 32(적선동),,53900000
3,LDH0209,1,04985,***,24년 전반기 정비장비 예비부품구매(궤도장비류1차),물품,LDH,육군종합정비창,202403061300,D5F9F,에스와이테크,sytech,정미경,055-296-0229,경상남도 창원시 의창구 팔용로 355(),99.581,32880000
198,SCF0181,1,06536,***,콘솔의자 등판 등 14종,물품,SCF,해군군수사령부,202403061300,G739B,선우블라인드 커튼,Haetsalnamu Distribution,김수진,0552647960,"경상남도 창원시 성산구 외동반림로126번길28, 지하1층 102호(중앙동)",88,10740600
6,LDH0215,1,05585,***,(자재) 마봉강 등 21종 구매,물품,LDH,육군종합정비창,202403061300,E6419,주식회사 우경엔텍,"WOO KYUNG METAL CO.,LTD",박순성,0513132340,부산광역시 사상구 학감대로177번길19(학장동),88.096,15219270
3,LDH0213,1,05028,***,24년 전반기 정비장비 예비부품구매(기타장비류),물품,LDH,육군종합정비창,202403061300,JD941,창신테크,,박명숙,010-3561-4929,경상남도 밀양시 하남읍 양명길138-1,91.295,27129300
119,LGP0071,1,05729,001,24년 2분기 후식(가공품)구매 다수품목 단가계약,물품,LGP,제1군수지원사령부,202403061100,I4B1F,주식회사 아람비즈,arambiz,신옥성,0264590077,"서울특별시 금천구 가산디지털1로83, 405호(가산동,파트너스타워1차)",83.008,43335.28
13,LFK0015,1,06561,***,24년 1분기 자산취득품목 구매,물품,LFK,육군종합군수학교,202403061100,M77A6,와이에스,,김수선나,07076182002,"대전광역시 서구 가장로52, 5층 74호(괴정동, 천연빌딩)",88.218,19576035
18,LHM0016,1,06424,***,재해예방기술지도(시설)(13건통합),용역,LHM,제15보병사단,202403061100,K6F4C,홍익종합안전(주),,배진섭,032-546-9685,인천광역시 계양구 계산새로71-0 (계산동) D동 409호,88.041,43164000
126,LHK0008,1,06573,***,24년 안전물자세트 구매,물품,LHK,제2군단,202403061100,M761B,송아,,홍광표,01042421000,"강원특별자치도 춘천시 지석로64-0 (퇴계동, 퇴계(6)주공아파트)602동704호",88.022,17043150
10,UMM0133,1,06216,***,(246068-F) 포장박스 등 3종 제조,물품,UMM,국군재정관리단,202403061100,LC3FF,와이제이팩,,정정욱,0545364422,경상북도 상주시 화서면 영남제일로4287-14,92.017,178000000
389,UMM0130,1,04793,***,(246077-C) 자동납땜제거기 구매,물품,UMM,국군재정관리단,202403061100,B109A,상우기업주식회사,sangwoo,배상우,0313783395,경기도 화성시 풀무골로60번길4-6(중동),83.063,216328140
2,UMM0112,1,04458,***,24-N-상륙군장비수송선 등 8척 임차 용역,용역,UMM,국군재정관리단,202403061100,2369F,씨제이대한통운 주식회사,CJ Logistics Corporation,신영수,027001085,"서울특별시 종로구 종로5길7, Tower 8",82.061,1191680000
504,UMM0134,1,04370,***,(246037-F) 와이어컷방전가공기 구매,물품,UMM,국군재정관리단,202403061100,M1AA2,두산하이테크,,이용학,01046962994,경기도 시흥시 산기대학로115 (정왕동)4동409호,90.7,175450000
451,MDG0044,1,05177,***,24년 의무장비(응집반응관찰기) 구매,물품,MDG,국군의무사령부,202403061100,K3D6D,구르미,,이현아,01077595210,"서울특별시 강북구 오현로45 (미아동, 꿈의숲 해링턴 플레이스)106-303",88.67,10383800
341,MDG0043,1,05176,***,24년 의무장비(원심분리기 소형 탁상용) 구매,물품,MDG,국군의무사령부,202403061100,JF775,싹컴퍼니(ssagcompany),,정인설,01062726409,서울특별시 광진구 용마산로5길39-19 (중곡동),88.013,7825500
413,MDG0042,1,05175,***,24년 의무장비(원심분리기 소형 혈액은행용) 구매,물품,MDG,국군의무사령부,202403061100,J1F9B,선경유통,,김정선,01095690909,경기도 동두천시 동두천로27 (송내주공아파트) 507동 1701호,87.995,5699120
185,MDG0040,1,05173,***,24년 의무장비(원심분리기 대형) 구매,물품,MDG,국군의무사령부,202403061100,FE043,주식회사 에코비투,ecob2co.ltd,하영임,023532356,"경기도 고양시 덕양구 삼원로73, 721호(원흥동, 원흥한일윈스타)",97.622,15366000
5,LKP0048,1,06265,***,'24년 화공가스류 구매,물품,LKP,5군수지원사령부,202403061100,IDC42,청주종합가스,,박승용,0432341155,충청북도 청주시 흥덕구 가로수로1311번길32-0 (복대동),88.038,40580284
305,HCF0032,1,05560,***,[항공기급유차 부품] 노즐 구매,물품,HCF,공군군수사령부,202403061030,D5887,삼호상사,samhosangsa,서 민 숙,053-604-3531,대구광역시 북구 유통단지로16 산업용재관 26-24(산격동),96.85,91548600
8,SDG0010,1,06601,***,24-인-실내공기질 측정용역,용역,SDG,제2002부대,202403061030,JC360,주식회사 우리이앤티,,신효영,0316083374,"경기도 성남시 수정구 위례광장로322, 722-723호(창곡동, 아이플렉스)",88.067,3067900
3,LNS0015,1,06515,***,24년 4~12월 작계훈련 병력수송 임차용역(1-1권역),용역,LNS,제55보병사단,202403061030,JDFC5,(주)하나트레블,,임병식,024972477,경기도 김포시 양촌읍 양곡4로139 나-104,99.05,87800000
2,LNS0010,1,06409,***,24년 4~12월 작계훈련 병력수송 임차용역(1-2권역),용역,LNS,제55보병사단,202403061030,JDFC5,(주)하나트레블,,임병식,024972477,경기도 김포시 양촌읍 양곡4로139 나-104,96.096,19900000
214,LCG0017,2,06392,***,[24-육-45] 환경관리센터 물품 구매(전동드릴 등 13종,물품,LCG,육군본부,202403061030,K0CBD,주식회사 모아텍,,김동섭,07087671114,대구광역시 수성구 범어천로54-0 (범어동) 3층 337호,88.002,16343310
214,LCG0017,1,06392,***,[24-육-45] 환경관리센터 물품 구매(전동드릴 등 13종,물품,LCG,육군본부,202403061030,K0CBD,주식회사 모아텍,,김동섭,07087671114,대구광역시 수성구 범어천로54-0 (범어동) 3층 337호,88.002,16343310
322,LGT0005,1,06291,***,'24년 1/4분기 정보통신운영지원 물품 구매,물품,LGT,제2307부대,202403061030,KD6DF,스마트엠,,변해규,01047273748,"강원특별자치도 원주시 현충로304, 205동 309호(태장동, 태봉우성2차아파트)",88.027,54746000
145,SFM0019,1,06423,***,타이어 등 370품목 구매,물품,SFM,제3170부대,202403061030,L12D9,소망돌,,장민정,07082852302,"경상북도 포항시 남구 상도로8번길19-7, 302호(상도동)",88.002,96287932
90,SFM0018,1,06416,***,태극기 등 8품목 제조,물품,SFM,제3170부대,202403061030,L51A1,주식회사 무지개상사,,장대교,01062527981,경기도 시흥시 호현로34번안길5-0 (대야동) 5층,88.043,83836532
167,SFM0017,1,06410,***,쥐끈끈이 등 3품목 구매,물품,SFM,제3170부대,202403061030,F7F97,종합 에너지,whdgkq dpsjwl,최혜경,0542925141,경상북도 포항시 남구 충무로55-0 (오천읍),88.001,47010570
54,LPS0003,1,06432,***,24년 렌탈프린터 임차 용역,용역,LPS,제60보병사단,202403061030,L9FC6,에이린율(A-LYNYUL),,김혜정,01032009199,"경기도 고양시 일산서구 산현로17번길7-8,  102동 E009호(탄현동)",88.012,33674370
32,HCQ0008,1,06730,***,24-023 블록게이지 세트 등 1종,물품,HCQ,공군제5공중기동비행단,202403061030,I5783,스마트 서점,smartbook,권성목,031-319-8855,경기도 시흥시 정왕신길로49번길59-0 (정왕동) B01호(정왕동),88.235,31576482
1141,SDF0024,1,06598,***,Abbott HBs Ag Device 등 63종,물품,SDF,제5738부대,202403061030,M13E7,제이에스산업,,신연경,01081212899,경기도 의왕시 백운호수로3길14-1 (학의동) 1층 1호,88,33112000
6,SCP0026,1,06539,***,세탁기 46대 납품 설치,물품,SCP,제8385부대,202403061030,K668A,금성상사,,강영실,01052181431,강원특별자치도 동해시 서동로721-6 (신흥동),88.073,17138500
20,LHN0006,1,06482,***,(재난-5) 재난예방공사 재해예방기술지도(4개 공구),용역,LHN,제7보병사단,202403061030,L7D16,삼지종합안전주식회사,,최재식,0315636555,"경기도 구리시 동구릉로26-1 , 3층(인창동)",88.083,5900400
1411,SFG0028,1,06591,***,오일필터 등 161품목 구매,물품,SFG,제9181부대,202403061030,KA690,한국장원 주식회사,,김흥용,07052221152,"경기도 화성시 우정읍 쌍봉로509-6, 1동",87.995,25884280
1732,SFG0027,1,06301,***,스위치 등 100품목 구매,물품,SFG,제9181부대,202403061030,M0875,플러스전자 주식회사,,추동호,0260803454,서울특별시 구로구 구로중앙로237-0 (구로동) 라이프종합공구상가 345호,87.995,90220270
282,SCF0177,1,06470,***,"전동기, 교류용 등 19종 구매",물품,SCF,해군군수사령부,202403061030,KC787,토탈marine,,허광주,055-551-4511,경상남도 창원시 마산회원구 회원동로42-1 (회원동),88.017,637978000
707,SCF0160,1,03093,***,핸드마이크 등 3종 구매,물품,SCF,해군군수사령부,202403061030,J1431,시소커뮤니케이션,,정진이,01041498917,부산광역시 사상구 학감대로123번길67-0 (학장동),87.995,17616000
13,LMK0002,1,06447,***,[24-C2] 24년 음식물류 폐기물 처리용역 계약,용역,LMK,제6보병사단,202403061030,H9D47,리더,leader,한재석,01072218333,강원특별자치도 횡성군 강림면 강림서길41-0,81.004,326618000
101,LKP0039,1,06089,***,'24년 2분기 부대계약(식자재) 구매,물품,LKP,5군수지원사령부,202403061030,4653F,(주)디아이,"DI.CO.,LTD",이정완,0336448981,강원특별자치도 강릉시 주문진읍 농공단지길28-13,83.002,5482488339
259,LKP0043,1,05179,001,'24년 부대조달후식(식혜) 구매,물품,LKP,5군수지원사령부,202403061030,D85B9,주식회사 제이코스,jcohs,주재영,0226559530,"서울특별시 영등포구 영신로220, 1505호,1506호 (영등포동8가,케이엔케이디지털타워)",87.997,406.09
262,LKP0042,1,05168,001,'24년 부대조달후식(에이드) 구매,물품,LKP,5군수지원사령부,202403061030,J1935,파머스 미트,,조성겸,01075973832,"부산광역시 강서구 맥도강변길912-43, 별관 1층(대저2동)",87.997,309.9
230,LKP0041,1,05167,001,'24년 부대조달후식(에너지음료) 구매,물품,LKP,5군수지원사령부,202403061030,G2475,주식회사 큐엔씨유통,QNC,신현세,0314051426,"경기도 안산시 단원구 달미로10(선부동, 산호상가 137, 138호)",82.996,612.5
402,LKP0046,1,05142,001,'24년 부대조달 후식류 (생수) 구매,물품,LKP,5군수지원사령부,202403061030,C8631,(주)신대한관리,SINDAEHAN MANAGEMENT,박천환,025076577,"경기도 과천시 별양상가1로 18, 과천오피스텔 5층 B-2호, 7(별양동)",82.997,149.96
229,LKP0047,1,05137,001,'24년 부대조달후식(워터젤리) 구매,물품,LKP,5군수지원사령부,202403061030,CEB63,스파클주식회사,sparkle,전동훈,0226811781,충청남도 천안시 동남구 성남면 대정1길 19-11스파클 주식회사,82.997,828.89
240,LKP0045,1,05132,001,'24년 부대조달후식(마시는 발효유) 구매,물품,LKP,5군수지원사령부,202403061030,GEC51,초코인터내셔널 주식회사,"choko international co.,ltd",고찬갑,0315290842,경기도 남양주시 별내면 용암비루개길140-0,82.995,490.82
234,LKP0040,1,05120,001,'24년 부대조달후식(커피) 구매,물품,LKP,5군수지원사령부,202403061030,H58AB,주식회사 엔미디어솔루션,N-media solution,이근식,01042405887,"인천광역시 계양구 계산새로71, 비동 310호(계산동, 하이베라스)",83.024,938.4
156,LGI0019,1,06713,001,'24-2차 부대계약 후식(유제품) 구매,물품,LGI,제3군수지원여단,202403061030,L10EE,주식회사 푸드밀,,노수자,01052057712,"경기도 화성시 동탄광역환승로63-0 (오산동, 동탄역 반도유보라 아이비파크 7.0) 106동 3층 302호",83.015,6568.72
115,LGI0016,2,06133,001,‘24년 2분기 영내자증식 (에너지바 등 22종) 구매,물품,LGI,제3군수지원여단,202403061030,M5EF5,농업회사법인본돈주식회사,,유원경,0315216845,경기도 남양주시 화도읍 재재기로89-74 마동1층,83.004,22068.02
167,LGI0007,2,06124,001,'24-2차 부대계약 후식(탄산음료류) 구매,물품,LGI,제3군수지원여단,202403061030,D7762,(주)동원에프엔에프,dongwonfnf,조윤상,0612439611,전라남도 목포시 용당로 36-1(),83.13,7962
169,LGI0004,2,06121,001,'24-2차 부대계약 후식(음료류) 구매,물품,LGI,제3군수지원여단,202403061030,D3B5E,미가온,MIGAON,변정순,0319438200,경기도 파주시 장명산길174-20 (오도동),82.996,13054.97
4,LBA0021,1,05546,***,‘24년 4~6월 식자재 다수품목 단가계약,물품,LBA,제 2167부대,202403061000,LE254,(주)현대그린푸드,,박홍진,0315252195,"경기도 용인시 수지구 문인로30-0 (동천동, 현대그린푸드)",60.985,5678378747
11,LFN0008,1,05918,***,24년 생도용 노트북렌탈 용역,용역,LFN,육군3사관학교,202403061000,B420A,주식회사에스,Ess,김미연,0552533242,경상남도 창원시 의창구 북면 동전로154-0  2F,88.444,155169130
3,LDH0114,2,03735,***,"통신장비 전지,축전식 등 8종 구매",물품,LDH,육군종합정비창,202403060930,I91F2,지앤와이일렉텍(주),"G&Y Electech Co.,Ltd",김보영,0260911083,서울특별시 구로구 경인로53길15-0 (구로동) 중앙유통단지 가동 3116호,98.994,8812290
7,LDH0193,1,05303,***,"K21 패킹,성형식 등 12종 구매",물품,LDH,육군종합정비창,202403060930,JFE6F,윌프리,,허성욱,010-8768-1337,"경기도 화성시 동탄기흥로570-6 (영천동)  골든아이타워, 201호",88.031,13834251
3,LDH0192,1,05297,***,K21 베어링 1종 구매,물품,LDH,육군종합정비창,202403060930,2351F,덕산베아링,DUCKSAN Bearing CO.,신복승,0518045604,부산광역시 부산진구 서전로9번길 38(),91.189,1040000
12,LDH0204,1,05291,***,(정비) 코레카 장갑 등 162종 구매,물품,LDH,육군종합정비창,202403060930,HB4C2,주식회사 성우,"SUNGWOO CO., LTD.",김은화,0519873828,부산광역시 강서구 신호산단3로88번길68 (신호동),91.76,32701210
4,LDH0189,1,05281,***,K21 개스킷 등 24종 구매,물품,LDH,육군종합정비창,202403060930,G989D,금성특수산업,GoldStar Special Lnd,김진봉,051-313-8822,부산광역시 사상구 광장로34 금성특수산업,88.046,20924300
9,LDH0205,1,05264,***,(화공) 가스켓리무버 등 35종 구매,물품,LDH,육군종합정비창,202403060930,L76C9,주식회사 서화테크,,최영식,029436346,서울특별시 성북구 아리랑로19길111-0 (정릉동),89.257,14716710
35,LDH0207,1,05260,***,(정비) 안면보호저탐 등 26종 구매,물품,LDH,육군종합정비창,202403060930,CB354,명지사,MAUNGJISA,최용호,0222749181,서울특별시 마포구 성산로2길55-0 (성산동),88.08,16208740
4,LDH0208,1,05254,***,(화공) 순간접착제등 21종 구매,물품,LDH,육군종합정비창,202403060930,I49E3,주식회사 창원상사,CWC,이은석,0542746100,경상북도 포항시 남구 대해로89-1 (대도동),88.256,7631424
8,LDH0191,1,05148,***,K10탄운차 축전기 구매,물품,LDH,육군종합정비창,202403060930,J5E27,주식회사 앤드영,,권남영,054-464-3639,경상북도 구미시 1공단로212 (공단동),88.378,8683612
3,LDH0195,1,04799,***,(기동) 로드 1종 구매,물품,LDH,육군종합정비창,202403060930,L0FB5,에스엔더블유테크,,명노헌,0517141295,부산광역시 강서구 가리새2로13번길14-0 (생곡동),88.075,2372500
200,MDD0036,1,03726,***,2024 병리장비운영소모품(2) 50품목 구매,물품,MDD,국군수도병원,202403051700,L9D1B,주식회사 에스엠플래닛,,조현선,05056887272,"경기도 성남시 수정구 창업로43-0 (시흥동)1층, 글로벌비즈니스센터",97.416,68200000
191,MDD0037,1,03731,***,2024 병리장비운영소모품(8) 113품목 구매,물품,MDD,국군수도병원,202403051700,HF433,주식회사 에스에스피앤디,sspnd,김성수,01051071856,"서울특별시 강북구 도봉로77길6, 403-2호(수유동)",83.028,194368000
7,LDH0187,1,04891,***,(기동) 볼트 등 7종 구매,물품,LDH,육군종합정비창,202403051630,L0FB5,에스엔더블유테크,,명노헌,0517141295,부산광역시 강서구 가리새2로13번길14-0 (생곡동),88.021,4461780
63,MCM0002,2,03025,***,사이버 자산정보 수집 분석체계 라이선스 구매,물품,MCM,4284부대,202403051530,M13E4,에이치제이엘,,이호준,010-6451-5602,서울특별시 영등포구 의사당대로38 (여의도동) 101동 412호,99.61,111650000
12,UMM0099,1,05461,***,(24F047-A) 음식물류 폐기물 위탁처리 용역,용역,UMM,국군재정관리단,202403051530,G51F9,아라환경,ara naturao recycie,이석재,0334354471,강원특별자치도 홍천군 홍천읍 영서로1981-0,80.512,192534790
1155,UMM0104,1,04426,***,24-D- 영선보수자재 구매(241006-F),물품,UMM,국군재정관리단,202403051530,HA988,나우종합관리주식회사,nawoo,홍명옥,0328333300,"인천광역시 연수구 원인재로216, 401동 208,210호 (연수동, 연수1차시영상가)",83.036,226061000
95,UMM0128,1,04265,***,(247055-F) 병리장비운영소모품(3) 구매,물품,UMM,국군재정관리단,202403051530,K4C4F,이엠이컴퍼니,,성원민,01023624072,서울특별시 금천구 가산디지털1로171 (가산동) 3층 306-19,83.336,344098820
552,UMM0086,1,03765,***,24-N-수직 이착륙용 무인기 구매,물품,UMM,국군재정관리단,202403051530,JC3C8,주식회사 한국유에이브이,,김무선,0313539325,경기도 성남시 수정구 대왕판교로815 (시흥동) 361호,88.192,156367000
765,UMM0110,1,03640,***,(246066-D) 튜브밴딩기 CNC 구매,물품,UMM,국군재정관리단,202403051530,H138B,주식회사 하이패스텔,hipasstel,이기관,0319761010,경기도 고양시 일산서구 대산로213-0 (대화동) 302호,83.004,276271172
180,UMM0127,1,03615,***,(247016-E) 2024 병리장비운영소모품(5) 17품목 구매,물품,UMM,국군재정관리단,202403051530,LC03E,주식회사 뮤온,,장진우,0317926564,경기도 하남시 미사강변중앙로204번길45 (망월동) 305-A102호,88.306,87300343
602,UMM0126,1,03570,***,"(246032-E) '15,000LB 디젤 지게차 구매",물품,UMM,국군재정관리단,202403051530,M3522,유한회사 제이엠스토아,,이희경,01021908286,"전북특별자치도 전주시 덕진구 유상로67, 301-1호(팔복동2가, 전주혁신창업허브)",96.601,80744250
99,UMM0114,1,03541,***,(247011-D) 병리장비소모품(11) 92품목 구매,물품,UMM,국군재정관리단,202403051530,IE1E5,주식회사 이레메디칼,,허진무,024032497,"서울특별시 송파구 송이로23길30-20, 1층 2층(가락동, JR빌딩)",83.279,827956000
1470,UMM0109,1,03538,***,(247007-D)병리장비운영소모품(4) 30품목 구매,물품,UMM,국군재정관리단,202403051530,GF98C,케이에스유통,KS Retail,경금순,01054004570,충청남도 예산군 예산읍 창소서두물길19-4,87.998,76696010
127,UMM0129,1,03526,***,(247017-F) 병리장비운영소모품(9) 구매,물품,UMM,국군재정관리단,202403051530,KC6EC,엄마푸드,,윤은희,033-481-1618,"강원특별자치도 양구군 양구읍 중심로58, 1층 2호(신흥주택)",83.005,249619109
94,UMM0103,1,03506,***,(247006-C) 24년 병리장비소모품(1) 96품목 구매,물품,UMM,국군재정관리단,202403051530,K4C4F,이엠이컴퍼니,,성원민,01023624072,서울특별시 금천구 가산디지털1로171 (가산동) 3층 306-19,83.266,344830658
174,UMM0102,1,03489,***,(247010-C) 24년 병리장비소모품(12) 9품목 구매,물품,UMM,국군재정관리단,202403051530,K4C4F,이엠이컴퍼니,,성원민,01023624072,서울특별시 금천구 가산디지털1로171 (가산동) 3층 306-19,88.415,100469222
5756,UMM0116,1,02120,***,(246015-D) 표정지 2종 구매,물품,UMM,국군재정관리단,202403051530,LDDA9,우리 코퍼레이션,,김승겸,01023012884,서울특별시 관악구 봉천로23다길25-18 (봉천동) 101호,88.009,179500473
2,UMM0070,2,01768,***,(24G029-B)24년 전반기 인원수송 버스임차 용역,용역,UMM,국군재정관리단,202403051530,BFBF4,(주)한남관광개발,Hannam travel service INC,이자영,027344141,"서울특별시 강서구 마곡중앙2로35, 722호 (마곡동, 이너매스마곡2)",90.276,240680000
4,MHD0013,1,03869,***,2024 방산기술보호 컨퍼런스 행사 시행,용역,MHD,방위사업청(운영지원과),202403051500,KFE31,주식회사 채널케이,,이윤경,07042685022,"서울특별시 송파구 송파대로201, A동 8층 A-806,807호(문정동, 송파 테라타워2)",,201000000
3,MHD0021,1,05377,***,방위사업 원가계산 외부용역(2차),용역,MHD,방위사업청(운영지원과),202403051500,D817F,서현회계법인,,배홍기,0230111166,"서울특별시 강남구 테헤란로440, 서관 3층(대치동, 포스코센터)",,919000000
215,SCF0175,1,04085,***,감지센샤 등 14종 구매,물품,SCF,해군군수사령부,202403051430,F9D3B,주식회사 유니메인,Unimain,박진우,0314359246,경기도 시흥시 서울대학로59-20 701호 (배곧동),98.785,333915000
358,SCF0173,1,06091,***,"가이드,위치결정용등 20종 / 구매",물품,SCF,해군군수사령부,202403051430,F1BBF,영화상사,,서옥경,0518054447,부산광역시 연제구 거제천로 233(),92.662,308924000
436,SCF0172,1,06081,***,"등, 침대용 등 4종 구매",물품,SCF,해군군수사령부,202403051430,H96EC,주식회사 두산,DUSAN,김주원,0632368503,"전북특별자치도 전주시 덕진구 초포다리로51, 2층(호성동1가)",82.996,217111540
194,LCG0014,1,05429,***,[24-육-34] 군사경찰 특수수사장비세트 등 2종 구매,물품,LCG,육군본부,202403051100,F0F22,(주)비아이엔씨,"BINC.,CO.LTD.",김여기,07074573900,서울특별시 서초구 양재동언남 18길3 (양재동  2층),88.285,30137360
17,LHP0003,1,06347,***,'24년 소방안전점검 용역,용역,LHP,제22보병사단,202403051100,JCB80,주식회사 에프엔방재기술,,장미라,0335330300,"강원특별자치도 원주시 복거리길60-23, 2층 (무실동)",88.019,28947426
34,HDF0022,1,06342,***,24년도 군 숙소 물청소 용역,용역,HDF,공군 제8전투비행단,202403051100,K7065,원클린,,천도원,033-764-3066,강원특별자치도 원주시 북원로2722-0 (태장동),88.97,29387700
37,HCC0012,1,06471,***,"변환기,신호용 등 25품목(025/027/031/032)",물품,HCC,해군제1수리창,202403051100,G409E,대광종합상사,DAGANG JUNGHAB SANGSA,김유람,0336539838,"강원특별자치도 동해시 망상길45, 1동 (망상동)",88.036,17161200
144,LGQ0007,1,06362,***,'24년 렌탈프린터 임차,용역,LGQ,제36보병사단,202403051100,K9A48,동해상사,,최승종,01062487950,강원특별자치도 동해시 서동로721-6(신흥동),88.075,28147770
92,MCN0009,1,06358,***,본관 등 24개소 정기 소독용역,용역,MCN,국방부근무지원단,202403051100,HFA76,주식회사 에이스시스템,ACESYSTEM,김난희,029780401,서울특별시 노원구 동일로173가길124 (공릉동) 4층,88.005,25453820
3,LFK0014,1,06322,***,24년 종합군수학교 용역버스 계약,용역,LFK,육군종합군수학교,202403051100,C7B31,(주)산수관광,sansootour,설경환,0422228881,"대전광역시 중구 대종로509-302 (선화동, 소청1번가)",88.14,23940000
6,LHM0015,1,06192,***,군-재-1 GP 방호철책 보수(건설폐기물),용역,LHM,제15보병사단,202403051100,ADA18,화성개발(주),hwaseong development,김창성,0332619361,강원특별자치도 춘천시 남산면 한치로 432(),88.364,8400000
7,LML0001,1,06134,001,'24년 음식물 쓰레기 위탁처리 용역,용역,LML,제3공병여단,202403051100,H1C17,그린시스템,Greensystem,남정훈,0332643700,강원특별자치도 춘천시 신동면 김유정로1609-0,88.021,156
25,LHP0004,1,06390,***,'24년 물탱크청소 및 수질검사 용역,용역,LHP,제22보병사단,202403051100,D9644,주식회사 대신주택관리,Dae Shin.co.ltd,이대화,0337659880,"강원특별자치도 원주시 서원대로500, 프리미엄아울렛 411~412호 (단구동)",88.011,25171700
187,SFC0021,2,05395,***,24-덕-저수조(물탱크) 청소 용역,용역,SFC,제9691부대,202403051100,AF89B,경우토건(주),kyyngwoo,장경민,0324714032,인천광역시 남동구 앵고개로847번길50-0 (논현동)토브타워401호,88.005,6004200
142,SFH0033,1,05648,***,24년 부대조달부식 구매 납품(대청도),물품,SFH,제9196부대,202403051100,G2265,주식회사 야미푸드,yamifood,손희영,0317048980,경기도 이천시 덕평로691번길46-0 (마장면),83.008,1497424730
218,SFH0032,1,05647,***,24년 개선식 구매 납품(백령도),물품,SFH,제9196부대,202403051100,F8BE5,풀무원식품 주식회사,"Pulmuone Foods Co., Ltd.",이우봉,01071594307,충청북도 음성군 대소면 삼양로730-27,82.997,534047142
163,SFH0031,1,05645,***,24년 가공식품 구매 납품(백령도),물품,SFH,제9196부대,202403051100,DE986,성도교역,sungdo co ltd,최계영,023062353,"서울특별시 서대문구 수색로138-0, 2층(북가좌동)",83.005,1073758625
6,SFC0019,1,05390,***,해병대 역사관 활용 방안 연구,용역,SFC,제9691부대,202403051100,FAC29,한디자인그룹주식회사,handesign@naver.com,신정희,025125690,서울특별시 강남구 학동로42길69-0 (논현동) 2층,88.413,38515000
2,LNS0016,1,06520,***,24년 4~12월 예비군훈련 병력수송 임차용역(1권역),용역,LNS,제55보병사단,202403051100,JDFC5,(주)하나트레블,,임병식,024972477,경기도 김포시 양촌읍 양곡4로139 나-104,99.031,258800000
6,LKG0015,1,05778,***,24년 4~6월 부대급식계약(빵류),물품,LKG,육군제53보병사단,202403051100,I4DF0,주식회사 신라명과,SHILLA MYUNGGUA,박창훈,0314440404,경기도 안양시 만안구 덕천로72번길30 (안양동),88.056,555475566
3,LGP0065,1,05746,***,24년 근거리감시레이더 외주정비 용역,용역,LGP,제1군수지원사령부,202403051100,F0FE2,주식회사 에스코넥,"S Connect Co., LTD",김치원,0317990881,경기도 광주시 오포읍 마루들길172번길 30,85.754,275000000
4,HCF0027,1,05525,***,항공기용 실링 컴파운드 4종 구매,물품,HCF,공군군수사령부,202403051030,B9E9C,클레비오 주식회사,CLEBIO,조봉근,0236633294,서울특별시 강서구 마곡중앙5로1길20 보타닉비즈타워 321호,88.284,121235800
91,SCH0032,1,06365,***,24년 전관방송 유지보수 용역,용역,SCH,해군작전사령부,202403051030,G4CF5,주식회사 하림아이티,halimit,윤진섭,0518176699,부산광역시 연제구 과정로276번길14-0 (연산동) 2층,88.003,51495826
69,SCN0040,1,06363,***,24-진-21 00원 경계울타리 제초용역,용역,SCN,제7001부대,202403051030,I6136,주식회사 에이스개발,ACE,조명순,01041180789,"경상남도 밀양시 하남읍 하남로65 , 1층",88.003,5728755
6,SFD0016,1,06323,***,24-P-01 작전지역 이동식 화장실 임차 용역,용역,SFD,제9227부대,202403051030,A1BD7,한서안전(주),hanseo security. LTD,서상섭,0547738560,경상북도 경주시 원화로501(용강동),88.262,9470800
5,SDF0023,1,06231,***,ABL9 카트리지 등 5종,물품,SDF,제5738부대,202403051030,JEE53,제이비글로벌주식회사,,박대희,01088766052,경기도 남양주시 송산로339번길28-11 (별내동) 101호,95.86,2342200
26,SDF0022,1,06227,***,오피덱스액 1L 등 96종,물품,SDF,제5738부대,202403051030,HC8AA,제이메디케어,Jmedicare,정지혜,07050883007,경기도 구리시 안골로44-1 (교문동) 다건씨티 203호,88.265,35046400
16,SDF0021,1,06343,***,24-항-14 62 실내공기질 측정용역,용역,SDF,제5738부대,202403051030,JC360,주식회사 우리이앤티,,신효영,0316083374,"경기도 성남시 수정구 위례광장로322, 722-723호(창곡동, 아이플렉스)",88.07,3596960
285,SDF0020,1,06151,***,DAY SET 등 2종,물품,SDF,제5738부대,202403051030,J12D9,조이유통,,권민순,01075425238,"경기도 의정부시 송양로94-0 (민락동, 민락엘레트19단지)1903-2602",88.01,4984950
62,SCI0021,1,06307,***,피스톤 로드 등 2종 구매,물품,SCI,제9121부대,202403051030,IE8FB,주식회사팔공물산,,정승욱,055-551-8075,"경상남도 창원시 진해구 충장로442번길2, 1층(이동)",88.004,3736900
24,SCI0020,1,06288,***,시일조립체 4점 구매,물품,SCI,제9121부대,202403051030,J77DF,이동유통,,최민지,01085486442,"경상남도 창원시 의창구 남산로20 (팔용동, 벽산블루밍아파트C단지) 302-105",88.025,6841050
128,SCF0180,1,06508,***,원형좌판(식당) 등 13종,물품,SCF,해군군수사령부,202403051030,K63E7,서정솔루션,,이은서,07047890055,경상남도 창원시 성산구 원이대로580번길3-0 (중앙동) 3층 330호,88.002,11768622
12,LFC0018,1,06453,***,육훈소 오수관로 청소용역,용역,LFC,육군훈련소,202403051030,A300D,유한회사 하얀건설,white  construction,박희재,0417360267,충청남도 논산시 탑정로129-0 (은진면),88.579,17369000
44,SCF0176,1,06353,***,24-보-폐목재 처리용역,용역,SCF,해군군수사령부,202403051030,E87A6,성창보드(주),Sungchang Enterprise Board,우인석,0522553500,울산광역시 울주군 삼남면 강당로 35(),88.026,46744400
42,SDG0008,1,06341,***,24-2 의무대 부대구매(유한로자살탄정 50mg 등81품목),물품,SDG,제2002부대,202403051030,JB386,주식회사 닥터리츠,,최혜식,0234379607,"서울특별시 강동구 구천면로233, 5층 502-1호(천호동), 지층101호(천호동, 한양메디스퀘어)",88.069,11904000
159,SDF0019,1,06149,***,케이블 타이 등 218종,물품,SDF,제5738부대,202403051030,LB1AA,이에스(2S),,배성준,01028988768,"경상북도 포항시 남구 중앙로154, 학산타워 16층 1607-26호",88.003,41168790
7,SDF0018,1,06336,***,24-항-13 62 폐수처리시설 수질검사용역,용역,SDF,제5738부대,202403051030,FB395,주식회사디엠이테크,DMETECH,송영일,0613756857,전라남도 화순군 화순읍 정곡로55-5,88.457,666400
170,SFM0016,1,06338,***,칫솔 등 2품목 구매,물품,SFM,제3170부대,202403051030,I828A,주식회사 신한기업,SHINHAN,류선화,0542742993,경상북도 포항시 남구 중앙로15 (해도동),88.015,36265930
2450,LKH0006,1,06206,***,'24년 운반형 산불진화장비 구매,물품,LKH,제6128부대,202403051030,LCAAD,주식회사 유웰케어,,정우성,07079542253,경기도 하남시 학암로57 (감이동) 2층 202호,88,14277150
14,LCM0007,1,06198,***,'24년 수질 검사 용역,용역,LCM,육군교육사령부,202403051030,K8934,주식회사 신화환경연구원,,이지혜,00015447712,"경기도 안양시 동안구 엘에스로142(호계동, 금정역 SKV1센터) 716호,717호,718호,719호,720호,721호",88.198,16772700
18,DSS0005,1,06225,***,전자도어락 구매,물품,DSS,국군제1068부대,202403051030,DABF3,(주)채널정보기술,CHANNEL,박용진,0232812923,"경기도 부천시 원종로66번길11-23 (원종동, 계남랑데뷰) 1103",88.331,3055851
139,SFL0008,1,06187,***,3색 멀티펜 등 406품목 구매,물품,SFL,제3283부대,202403051030,K003F,수평선,,이기은,054-247-6842,경상북도 포항시 북구 흥해읍 초곡지구로58번길52-0 삼구트리니엔113동205호,88.001,61570080
76,LDC0004,1,06160,***,교전훈련장비 수리부속 구매(24-7차),물품,LDC,육군과학화전투훈련단,202403051030,K2119,주식회사제이케이컴퍼니,,오재국,01075986715,강원특별자치도 동해시 동해대로5464-0 (평릉동)2층 203-35호,88.013,86578280
51,SCI0019,1,06163,***,AL PLATE 등 12종 구매,물품,SCI,제9121부대,202403051030,D217B,주광유통,,허준영,070-4212-6138,경상남도 창원시 진해구 용원로90번길 11-1(),88.782,7554250
169,SFL0007,1,06164,***,행사용장갑 등 57품목 구매,물품,SFL,제3283부대,202403051030,L2295,다모사,,유정근,01085778541,"경상북도 포항시 남구 오천읍 해병로181번길8, 106동 1603호(오천 서희스타힐스)",88.01,71627770
2,LDC0003,1,06159,***,KCTC체계 운영유지용품 구매,물품,LDC,육군과학화전투훈련단,202403051030,KD85A,주식회사 건영,,이동현,0332620941,"강원특별자치도 인제군 인제읍 인제로178번길10 , 203호",98.493,28977770
2,SFC0011,1,03360,***,마린온 4차 성과기반군수지원(PBL) 사업타당성 조사,용역,SFC,제9691부대,202403051030,D6E33,주식회사 베테랑콤,,이재평,02-525-8579,서울특별시 서초구 서초동1432-13 202,62.98,27900000
1,SFC0010,1,03356,***,해병대 리더십 역량 진단 시스템 개발 연구,용역,SFC,제9691부대,202403051030,A8263,(사)한국능률협회,Korea Management Association,최권석,0232749200,"서울특별시 영등포구 의사당대로22, 8층 9층 10층(여의도동, 이룸센터)",95.657,29100000
2,SEE0011,1,06224,***,24-J-얼음냉온정수기 임차 용역,용역,SEE,제9해병여단,202403051030,LF911,루에리상사,,김병훈,01048472709,"제주특별자치도 제주시 조천읍 신촌4길6, 301동 501호",95.047,112950000
15,SCU0022,1,05405,***,철판김치덮밥 등 28종 구매,물품,SCU,해군 기동함대사령부,202403051030,M37D8,제주정석,,김석봉,064-796-0208,제주특별자치도 제주시 신산마을길14(내도동),88.002,203268450
892,SCR0019,1,05666,***,"헤드, 유체 필터용 등 3종 구매",물품,SCR,해군제3함대사령부,202403051030,LBB26,남컴퍼니,,남유리,07046473201,"경기도 부천시 석천로2번길58-0 (상동, 대용화이트빌리지나동) 503호",87.996,27071270
1942,SCN0038,1,05906,***,24-간부숙소 드럼세탁기 168대 구매,물품,SCN,제7001부대,202403051030,D63E8,미다운,midaun,방기숙,0318775747,경기도 양주시 권율로10-0 (장흥면),87.996,106595980
524,SCF0178,1,05662,***,"(긴급)핀,토글용,유두형 등 38종",물품,SCF,해군군수사령부,202403051030,M5EF5,농업회사법인본돈주식회사,,유원경,0315216845,경기도 남양주시 화도읍 재재기로89-74 마동1층,87.997,82029497
505,SCF0179,1,04869,***,"(긴급)판,금속제 등 40종",물품,SCF,해군군수사령부,202403051030,ECC72,동우철강(주),dongwoo steel co.,김수근,055-296-7123,"경상남도 창원시 마산회원구 봉암공단6길75-0 (봉암동, 동우철강)",88.578,58432000
352,SCF0171,1,04694,***,조명스위치 등 19종 구매,물품,SCF,해군군수사령부,202403051030,H5E65,주식회사 수연티앤씨,Suyeon T&C,김세영,07082226315,"서울특별시 성북구 성북로4길52-0 (돈암동, 한진아파트) 210-404",99.192,329980000
1281,SCF0164,1,04637,***,(긴급) 개스킷 등 44종,물품,SCF,해군군수사령부,202403051030,JD53A,다올페이퍼,,여승훈,0222050701,경기도 고양시 덕양구 청초로66-0 (덕은동) 덕은리버워크 B동 1404호,87.995,59353830
710,SCF0163,1,04632,***,"(긴급) 하우징, 액체펌프용 등 64종",물품,SCF,해군군수사령부,202403051030,M1E67,일용상사,,권윤주,010-4611-6464,경상남도 창원시 의창구 북면 동곡로35-0 (창원무동휴먼빌아파트(2단지)) 205-804,89.076,91287344
5762,SCF0162,1,04630,***,"(긴급) 밸브, 나비형 등 37종",물품,SCF,해군군수사령부,202403051030,K68CA,선아골드넷,,김은아,01050659942,"전라남도 순천시 조례연동길5, 315동 801호(조례동, 순천조례3차 대주파크빌)",87.995,88374833
2,SCF0167,1,04160,***,"'24년 수중청음기, 수중음파탐지기용 부품 정비",물품,SCF,해군군수사령부,202403051030,F369C,주식회사턴온전자,"TURN-ON ELECTRONICS CO.,LTD",송수복,0553463930,경상남도 김해시 진례면 테크노밸리길161-43,86.525,63347940
1357,SCF0174,1,04070,***,고무 등 15종 구매,물품,SCF,해군군수사령부,202403051030,H6BB8,더와이지,THE YG,박용구,01072896263,서울특별시 중구 필동로80-0 (필동3가) 301호,87.996,78639700
3051,SCF0169,1,03790,***,클램프 등 11품목 구매,물품,SCF,해군군수사령부,202403051030,JCE2E,세명종합공구,,이정자,0555520631,경상남도 창원시 진해구 용원동로294 (용원동),92.252,12087600
1639,SCF0166,1,03394,***,"밸브,공기,방출제어용 1종 구매",물품,SCF,해군군수사령부,202403051030,I6646,복주,Bokju,박주현,01087885880,"서울특별시 동작구 상도로38길82, 303호(상도동, 상도아트빌라)",87.995,71468000
919,SCF0165,1,03068,***,"펌프조립체,기어식 등 21종 구매",물품,SCF,해군군수사령부,202403051030,HC427,제일테크,JEILTECH,김문길,0512656997,부산광역시 사하구 다대로613-0 (다대동) 자유마트 220호,95.126,111149500
7,SCF0161,1,03030,005,공업용가스 5종 구매,물품,SCF,해군군수사령부,202403051030,I801E,주식회사 삼흥에너지,SamHeung energy,노천섭,0553387618,경상남도 김해시 장유로55번길40-0 (부곡동),88.314,1321.8
10,SCF0161,1,03030,003,공업용가스 5종 구매,물품,SCF,해군군수사령부,202403051030,FB7C0,주식회사 우진가스텍,wjgastech,신은수,0553361261,경상남도 김해시 마사로29-0 (생림면),88.086,14494.45
11,MCF0005,1,06071,***,'24년 봉안함 명패 제조 구매,물품,MCF,국립서울현충원,202403051030,C972F,대광그래픽스,DAE KWANG GRAPHICS,모종근,0222667020,"서울특별시 중구 충무로 29, B동 106호(초동, 아시아미디어타워)",85.46,137600000
55,LQP0017,1,05492,***,24년 과학화경계시스템 외주정비 용역(전라권),용역,LQP,제1891부대,202403051030,EBFE6,주식회사 빛을 꿈꾸는 사람들,Dreamers of Luminale,김상희,07040073209,"전라남도 여수시 대통로47-1,2층(화장동)",87.869,29910130
31,LQP0018,1,05491,***,24년 과학화경계시스템 외주정비 용역(경상권),용역,LQP,제1891부대,202403051030,C8D77,제일정보통신 주식회사,JEILIC.INFORMATION.COM,송원호,0544577008,경상북도 구미시 화신로60-0 (광평동),87.801,56223500
30,LQP0019,1,05490,***,24년 과학화경계시스템 외주정비 용역(충청권),용역,LQP,제1891부대,202403051030,L293D,주식회사 대산정보통신,,양순정,0437422323,"충청북도 영동군 영동읍 기골로7, 101동 102호(서한감고을아파트)",87.884,55736051
20,LQP0020,1,05489,***,24년 과학화경계시스템 외주정비 용역(강원권),용역,LQP,제1891부대,202403051030,KBC8B,주식회사 이원네트웍스,,원춘식,01089196575,강원특별자치도 원주시 문막읍 동화공단로84-0,87.759,56079706
85,LQP0021,1,05487,***,24년 과학화경계시스템 외주정비 용역(경기권),용역,LQP,제1891부대,202403051030,DFFAE,다산정보통신(주),"Dasan Information Comm. Co.,Ltd.",구성철,0315597320,"경기도 남양주시 화도읍 소래비로13번길43-1 ,2층",87.782,55657150
52,LKP0035,1,05141,001,'24년 부대조달후식(맛밤) 구매,물품,LKP,5군수지원사령부,202403051030,J6361,주식회사 멀티열린세상,,주영철,01020118585,"경기도 광명시 광명로786번길4 (광명동),301호",83.047,873.7
234,LKP0034,1,05140,001,'24년 부대조달후식(에너지바) 구매,물품,LKP,5군수지원사령부,202403051030,C8631,(주)신대한관리,SINDAEHAN MANAGEMENT,박천환,025076577,"경기도 과천시 별양상가1로 18, 과천오피스텔 5층 B-2호, 7(별양동)",88.117,733.29
223,LKP0033,1,05139,001,'24년 부대조달후식(초콜렛) 구매,물품,LKP,5군수지원사령부,202403051030,M215A,(주)장원푸드,,강경구,07043345840,"인천광역시 남동구 남동서로53번길38, 제디동 3층 214호(고잔동)",88.01,622
233,LKP0032,1,05138,001,'24년 부대조달후식(과일바) 구매,물품,LKP,5군수지원사령부,202403051030,HD32D,신화상사,shinhwasangsa,모은희,01054318226,경기도 남양주시 별내면 청학로114번길34-0 (청학주공아파트) 706동 301호,88.013,979.52
207,LKP0031,1,05136,001,'24년 부대조달후식(과일푸딩) 구매,물품,LKP,5군수지원사령부,202403051030,L185A,주식회사 동양비즈,,신태권,01022269754,"경상북도 포항시 남구 오천읍 원동로3, 2층 203에이2호",82.996,616.5
159,LKP0030,1,05135,001,'24년 부대조달후식(토핑형 떠먹는 발효유) 구매,물품,LKP,5군수지원사령부,202403051030,L10EE,주식회사 푸드밀,,노수자,01052057712,"경기도 화성시 동탄광역환승로63-0 (오산동, 동탄역 반도유보라 아이비파크 7.0) 106동 3층 302호",83.076,1059.47
217,LKP0029,1,05134,001,'24년 부대조달후식(떠먹는 발효유) 구매,물품,LKP,5군수지원사령부,202403051030,C8631,(주)신대한관리,SINDAEHAN MANAGEMENT,박천환,025076577,"경기도 과천시 별양상가1로 18, 과천오피스텔 5층 B-2호, 7(별양동)",83.016,383.53
229,LKP0028,1,05133,001,'24년 부대조달후식(짜먹는 발효유) 구매,물품,LKP,5군수지원사령부,202403051030,2442F,(주)빙그레,binggrae,김광수,01020565447,경기도 남양주시 다산순환로45 (다산동),83.015,268.14
223,LKP0027,1,05131,001,'24년 부대조달후식(팥빙수) 구매,물품,LKP,5군수지원사령부,202403051030,I384A,농업회사법인 주식회사 원앤원푸드,one&onefood Co.Ltd,장정순,0332648200,강원특별자치도 춘천시 동내면 금촌로94-11,83.008,1560.61
227,LKP0026,1,05130,001,'24년 부대조달후식(컵형 아이스크림) 구매,물품,LKP,5군수지원사령부,202403051030,KC6EC,엄마푸드,,윤은희,033-481-1618,"강원특별자치도 양구군 양구읍 중심로58, 1층 2호(신흥주택)",83.039,1038.23
228,LKP0025,1,05128,001,'24년 부대조달후식(샌드형아이스크림) 구매,물품,LKP,5군수지원사령부,202403051030,L29CD,주식회사 백두상사,,하정매,01020411089,경기도 용인시 수지구 현암로153 (죽전동) 704호-마04호,82.995,946.8
224,LKP0024,1,05127,001,'24년 부대조달후식(팩형아이스크림) 구매,물품,LKP,5군수지원사령부,202403051030,L7685,주식회사 대성에프앤디,,조태광,0519739981,부산광역시 강서구 강동중곡2길9-0 (강동동),83,823.5
220,LKP0023,1,05126,001,'24년 부대조달후식(콘형아이스크림) 구매,물품,LKP,5군수지원사령부,202403051030,JBE8A,더푸드웰(주),,차혜진,0313387227,"경기도 용인시 처인구 경안천로258번길25, 2층(고림동)",82.998,935.35
150,LKP0022,1,05119,001,'24년 부대조달후식(탄산음료) 구매,물품,LKP,5군수지원사령부,202403051030,KEE47,주식회사 삼마기업,,이가은,01025192334,"서울특별시 마포구 월드컵로34길6, 1동 14층 1406호(성산동,태림센트윈2차)",83.006,717.96
222,LKP0021,1,05118,001,'24년 부대조달후식(이온음료) 구매,물품,LKP,5군수지원사령부,202403051030,H138B,주식회사 하이패스텔,hipasstel,이기관,0319761010,경기도 고양시 일산서구 대산로213-0 (대화동) 302호,83.038,515.11
226,LKP0020,1,05117,001,'24년 부대조달후식(바나나맛 우유) 구매,물품,LKP,5군수지원사령부,202403051030,KC6EC,엄마푸드,,윤은희,033-481-1618,"강원특별자치도 양구군 양구읍 중심로58, 1층 2호(신흥주택)",82.998,935.09
109,LGI0008,1,06125,001,'24-2차 부대계약 후식(과일류) 구매,물품,LGI,제3군수지원여단,202403051030,D74A0,(주)비앤에스,B&S (Best Solutions Multi Maintenance),김봉석,0522384413,울산광역시 울주군 서생면 마근길93-0,83.001,4104.33
167,LGI0006,1,06123,001,'24-2차 부대계약 후식(아이스크림류) 구매,물품,LGI,제3군수지원여단,202403051030,K2460,앤줄라이,,우수하,010-8969-3218,"경기도 용인시 수지구 수지로342번길34-0 (풍덕천동) 5층 스페이스어스,573호",83.021,4369.99
3,LBA0026,1,06340,***,‘24년 4~6월 부대조달 부식(잡채어묵) 제조/구매,물품,LBA,제 2167부대,202403051030,BD26B,(주)코주부씨앤에프,kojubu c and f.co.ltd,김정일,0313766464,경기도 이천시 신둔면 경충대로3233번길 145(),88.361,13269463
171,LBA0024,1,06272,***,‘24년 부대조달 후식(유제품 10품목) 구매,물품,LBA,제 2167부대,202403051030,CF4E0,대신로지스틱스 주식회사,DAISHIN LOGISTICS,양임석,0222014000,"서울특별시 송파구 오금로46길5-0 (가락동, 보성빌딩) 3층",83.019,2221208690
171,LBA0025,1,06271,***,‘24년 부대조달 후식(초코바 등 9품목) 구매,물품,LBA,제 2167부대,202403051030,G2475,주식회사 큐엔씨유통,QNC,신현세,0314051426,"경기도 안산시 단원구 달미로10(선부동, 산호상가 137, 138호)",83.005,1329519064
14,LBA0018,2,05072,***,‘24년 4~6월 부대조달 부식(돈가스 7품목) 제조/구매,물품,LBA,제 2167부대,202403051030,F3B2D,(주)진푸드시스템,"JINFOOD SYSTEM CO.,LTD",박관식,0315419172,경기도 포천시 포천로1039,88.224,327426000
6,HCL0017,2,02531,***,"24-015 윤활유, 항공기 피스톤 엔진용 등 2종",물품,HCL,공군사관학교,202403051030,FC6E9,주피터에어로스페이스 주식회사,JUPITER AEROSPACE,조봉근,0226580900,"서울특별시 강서구 마곡중앙5로1길20,  322, 323, 324호(마곡동, 마곡나루역보타닉비즈타워)",83.317,190616020
6,HCF0025,1,05977,***,"24-H-15 총, 가스용",물품,HCF,공군군수사령부,202403051030,H21B2,대전종합총포사,daejeonghonghapchongposa,조용준,0422210112,대전광역시 동구 태전로55-0 (삼성동),88.513,34175000
641,HCF0026,1,05556,***,항공기용 연마제 구매,물품,HCF,공군군수사령부,202403051030,LF036,제이앤제이,,진형조,01043840911,"인천광역시 계양구 효서로324, 102동 1801호(작전동, 작전동풍림아이원아파트)",87.996,170085910
3,LKD0013,1,06040,***,24년 사단 음식물쓰레기 위탁처리 용역 계약,용역,LKD,제32보병사단,202403050930,J9575,주식회사 시온환경,,송미자,01065223562,충청남도 논산시 강변로308번길62-0 (부창동)  103호,84.766,96401179
209,UMM0091,1,02496,***,24-M-고공낙하산(행사용)구매(248008-F),물품,UMM,국군재정관리단,202403041600,B4B8D,한길씨앤씨 주식회사,"hangilcnc co.,ltd",신용인,0231432486,"서울특별시 금천구 서부샛길632-0 (가산동, 대륭테크노타운5)",83.076,358922000
114,SFC0020,1,05396,***,24-덕-기계설비 성능점검 용역,용역,SFC,제9691부대,202403041600,L85DD,기계설비기술단(주),,이기순,02-2615-3206,"서울특별시 금천구 가산디지털1로5, 1512호  (가산동, 대륭테크노타운20차)",88,7094170
1140,LGM0005,1,05976,***,(24-물품-06) 24-1차 의무물자 부대구매,물품,LGM,제11기동사단,202403041600,H022D,주식회사 유일전력,YU IL Electric,전혜정,0332631010,강원특별자치도 춘천시 동면 춘천순환로810,88.001,18587865
10,LCN0008,1,05840,***,'24년 AI/ICT 및 빅데이터 교육장 유지보수 용역,용역,LCN,육군사관학교,202403041600,BE71D,(주)인컴에스엔,incomsn,강인식,0314794100,"경기도 안양시 동안구 엘에스로 76(호계동, 안양 국제 유통단지)디오밸리 413호",88.014,15177770
1291,LCN0007,1,05740,***,24-2차 교육 및 실습재료비 구매,물품,LCN,육군사관학교,202403041600,J63F3,우성실업,,박선형,01062050467,"서울특별시 강동구 올림픽로89길57, 103동 201호(천호동, 강변그대家(가) River View(리버 뷰))",88.005,24491040
85,LGM0006,1,05980,***,(24-물품-07) 24-2차 간편식 활용 훈련식량 구매,물품,LGM,제11기동사단,202403041600,KCC14,주식회사 파파콜렉션,,박영일,01032547040,"서울특별시 은평구 응암로12길15 (응암동, 지층 제2동 비101호)",88.055,63604205
227,HDK0007,1,06088,***,"24-033, 정보통신대대, 전산운영용품",물품,HDK,공군제11전투비행단,202403041600,IF0BE,차이,,홍지유,01073643530,"대구광역시 중구 공평로59, 1충(공평동, 우원빌딩)",88.008,49036436
25,LDH0176,1,04280,***,(화공) 접착제 등 16종구매,물품,LDH,육군종합정비창,202403041300,I91F2,지앤와이일렉텍(주),"G&Y Electech Co.,Ltd",김보영,0260911083,서울특별시 구로구 경인로53길15-0 (구로동) 중앙유통단지 가동 3116호,88.238,30785320
3,LDH0179,1,05607,***,(화공) 붕산 등 10종구매,물품,LDH,육군종합정비창,202403041300,FE04D,주식회사 에이에스씨,"ASC Co.,Ltd",임승수,0316770131,"경기도 안성시 공단1로99 (신건지동, 안성제1산업단지)",88.593,17712200
7,LDH0156,1,04601,***,(자재) 호스피팅 등 2종 구매,물품,LDH,육군종합정비창,202403041300,D0C44,한빛Rubber,"Hanbit Rubber Co., Ltd.",최성원,01032412853,"경기도 시흥시 옥구천서로93번길45-0 (정왕동) , 1마 309-1",88.239,12559800
4,LDH0154,1,04599,***,(자재) 헬리코일 등 24종 구매,물품,LDH,육군종합정비창,202403041300,LB760,에스케이(SK)산업,,박수경,07043008540,경상남도 창원시 성산구 원이대로774 (상남동) 512-304,88.995,3916900
3,LDH0157,1,04597,***,(특무) 케이블 등 13품목 구매,물품,LDH,육군종합정비창,202403041300,E6A75,시온테크,ziontechnology,박혜성,0415221408,충청남도 천안시 서북구 백석공단1로10-0 (백석동),94.913,22169000
2,LDH0158,1,04596,***,(일장) 교량가설단정 호스류 9품목 구매,물품,LDH,육군종합정비창,202403041300,I8C3F,원일종합상사,WONIL,김종화,051-802-7880,부산광역시 사상구 사상로51-0 (주례동),88.625,2842500
5,LDH0169,1,04509,***,"(화공) 화합물,닦기용 등 11종구매",물품,LDH,육군종합정비창,202403041300,FE04D,주식회사 에이에스씨,"ASC Co.,Ltd",임승수,0316770131,"경기도 안성시 공단1로99 (신건지동, 안성제1산업단지)",91.912,45372800
7,LDH0172,1,04495,***,(화공) 수산화나트륨 등 4종구매,물품,LDH,육군종합정비창,202403041300,G23C1,우남환경화학,woonam,정종인,0426375080,"대전광역시 대덕구 대화로147-0, 106호 (대화동)",88.105,30455152
3,LDH0171,1,04320,***,(화공) 크실렌55가론 1종구매,물품,LDH,육군종합정비창,202403041300,FE04D,주식회사 에이에스씨,"ASC Co.,Ltd",임승수,0316770131,"경기도 안성시 공단1로99 (신건지동, 안성제1산업단지)",88.386,29509700
5,LDH0177,1,04293,***,(화공) 알카리착색제 등 5종구매,물품,LDH,육군종합정비창,202403041300,FE04D,주식회사 에이에스씨,"ASC Co.,Ltd",임승수,0316770131,"경기도 안성시 공단1로99 (신건지동, 안성제1산업단지)",88.348,7795700
13,LDH0175,1,04289,***,(화공) 씨록스 등 9종구매,물품,LDH,육군종합정비창,202403041300,A92E4,마창케미칼 주식회사,Machang Chemical,주시연,0552324011,경상남도 창원시 마산회원구 내서읍 중리공단로 183(),88.53,26921500
13,LDH0178,1,04284,***,(화공) 쓰리본드 등 14종구매,물품,LDH,육군종합정비창,202403041300,K85C7,디앤에이(DNA),,강수곤,0226727625,"서울특별시 구로구 경인로54길4(구로동, 공구상가일번지 에이동 H-201호)",88.371,17786390
6,MDD0034,1,03732,***,2024 국군수도병원 유해환경근로자 특수건강진단 용역,용역,MDD,국군수도병원,202403041230,IFDE4,다인병원,,황장회,03180141319,경기도 수원시 장안구 창룡대로159-0 (연무동),89.139,15296858
9,SCI0012,1,04080,***,케이블 조립체 1종 구매,물품,SCI,제9121부대,202403041230,C1500,세현종합상사,,황정욱,055-543-3391,경상남도 창원시 진해구 여명로 6(),88.433,6673000
74,SCI0018,1,06077,***,"시트, 밸브용 등 7종 구매",물품,SCI,제9121부대,202403041230,BCAAC,신영에이텍,SHIN YOUNG A-TECH,이상기,0552510253,경상남도 창원시 마산회원구 봉암공단2길22-5 (봉암동),88,7348620
115,SCI0016,2,05711,***,"덮개, 입구용 1종 구매",물품,SCI,제9121부대,202403041230,I6F66,주식회사조은기업,"JOEUN CO., LTD.",석귀수,010-9939-0113,"경상남도 창원시 성산구 원이대로774-0 (상남동, 성원아파트)",88.073,8282900
36,LKH0005,1,05917,***,'24년 취사장 후드·덕트 청소용역,용역,LKH,제6128부대,202403041230,G8DDF,경창산업개발주식회사,Kyung-chang Industrial Development Coporation,박명규,07071698403,경상남도 창원시 마산합포구 합포로41-1 302(남성동),88.087,40360250
280,SCK0026,1,06096,***,소변기 스프레더 등 149종 구매,물품,SCK,해군교육사령부,202403041230,L994E,창원엔젤,,윤복천,01024401544,"경상남도 창원시 성산구 마디미로9번길10, 2층 203호(상남동, 나이스빌딩)",88.001,42175850
303,SCK0028,1,06117,***,국민스윙 휴지통 등 354종 구매,물품,SCK,해군교육사령부,202403041230,M393C,토브,,김성찬,01072101265,"경상남도 창원시 마산합포구 가포순환로33, 118동 1501호(월영동, 창원월영마린애시앙부영아파트)",88.008,34651761
298,SCK0027,1,06114,***,유리용 걸레 등 324종 구매,물품,SCK,해군교육사령부,202403041230,JAEBB,주식회사 예린,,이중호,07047727683,"경상남도 창원시 성산구 연덕로184번길28, 3동2층6호(5호)(내동)",88.001,22443970
2,LHR0010,1,06021,001,(육성)청주 '24년 작계훈련 수송버스 임차용역,용역,LHR,육군 제37보병사단,202403041230,FB534,주식회사 스카이투어,skytour,박창용,0432879234,"충청북도 청주시 서원구 남지로21번길9-0 (미평동, BJ산림개발)",91.044,18322500
84,LMH0006,1,05987,***,00부대 과학화경계시스템 외주정비용역(C012),용역,LMH,제7군단,202403041230,05372,성훈정보전기,shunghun,주대식,0312580080,경기도 수원시 장안구 경수대로769-0 (영화동) 청송빌딩 1층 104호,88.004,16759590
263,SCK0025,1,06094,***,OMR 카드계수기 등 196종 구매,물품,SCK,해군교육사령부,202403041230,JB7F9,케이컴퍼니,,권진수,010-4414-7833,"경상남도 창원시 진해구 충장로429번길10-1 (이동, 가원빌)",88,28365639
881,SCH0031,1,06058,***,24-6호 심전도계 사단용 구매,물품,SCH,해군작전사령부,202403041230,H40B0,주식회사 부영상사,Bu-Young Sang Sa,성윤미,0557141117,"부산광역시 강서구 미음산단로139번길9 (구랑동), 102호",88,6952210
62,SCI0017,1,05909,***,H-BEAM 등 18종 구매,물품,SCI,제9121부대,202403041230,LB2B2,대호상사,,정재학,0552414710,경상남도 창원시 마산합포구 합포로239-29 (산호동),88.013,7570862
5951,LCZ0002,1,06024,***,24년 안전물자세트,물품,LCZ,동원전력사령부,202403041230,M7213,오희소식,,오슬비,01052991491,"인천광역시 미추홀구 낙섬중로102, 3동 1403호(용현동, 유원용현아파트)",88,39479670
5,MBC0001,2,05591,***,00대대 지하유류탱크 일대 토양정밀조사 용역,용역,MBC,화력여단,202403041230,F7833,재단법인 한국환경조사평가원,Korea Environmental Investigation and Assessment Institute,지창환,0313117768,"경기도 시흥시 포도원로116번길25, 801호(신천동, 프라임캐슬 지식산업센터)",88.336,17583000
2,SFC0016,1,04078,***,24-덕-정신전력 영상교재 제작 용역,용역,SFC,제9691부대,202403041230,D8D03,주식회사 단군픽쳐스,,조상환,027146320,"서울특별시 강서구 금낭화로51, 3층(방화동)",62.194,31000000
2,LHD0005,1,06012,***,24-1차 부대구매(의약품) (X004),물품,LHD,제21보병사단,202403041030,C7045,서일약품(주),seoil,이경모,0332625795,강원특별자치도 춘천시 동내면 향군길 44(),91.215,11851350
38,SFN0021,1,05737,***,의약품 아세트아미노펜 등 63종 구매 납품,물품,SFN,연평부대,202403041030,E186F,주식회사 한스피엠아이,HANS P.M.I Corp.,한경아,0313463092,경기도 군포시 고산로151번길28-0 (당정동) 403호,88.562,30663790
51,SDQ0020,1,06356,***,멀티 스카프 등 16종 구매,물품,SDQ,해군제2수리창,202403041030,L2D3E,와와산업,,김미희,01090684800,경기도 평택시 청북읍 옥길3길117-27,88.062,13970520
115,SCI0016,1,05711,***,"덮개, 입구용 1종 구매",물품,SCI,제9121부대,202403041030,I6F66,주식회사조은기업,"JOEUN CO., LTD.",석귀수,010-9939-0113,"경상남도 창원시 성산구 원이대로774-0 (상남동, 성원아파트)",88.073,8282900
29,LNQ0008,2,04940,***,'24년 3~6월 소방시설 자체점검 용역,용역,LNQ,제17보병사단,202403041030,E07F0,대한화재안전 주식회사,Deahan Fir Protection satety,정진환,0325691000,인천광역시 서구 경명대로704 (공촌동),88.006,25397360
39,LQG0024,1,05984,***,도시지역작전 피복류(흑모 등 6종)구매 납품,물품,LQG,육군 52보병사단,202403041030,G8B30,(주)테스온,TES-on,오선옥,01029482014,"경기도 양주시 부흥로1932, 5층 5801호 (광사동)",88.277,35241600
78,LKT0024,1,06115,***,"24년 산불진화장비세트(기동형, 운반형) 구매",물품,LKT,제1989부대,202403041030,M6A9D,유한회사 정현,,정다운,07086574654,"광주광역시 광산구 임방울대로142-10, 2층 265호(운남동)",88.001,31622720
95,LHD0006,1,06020,***,"24-1차 부대구매(의료기재, 장비운영소모품) (X005)",물품,LHD,제21보병사단,202403041030,J8FD3,준서테크,,조성용,01020595407,"강원특별자치도 원주시 이화4길89, 1층(단계동)",88.004,25623000
4,HCR0009,1,03667,***,24년 하늘회관 식자재 납품,물품,HCR,공군제15특수임무비행단,202403041000,HBCE0,(주)아워홈 동서울영업소,"OURHOME CO.,LTD.",김태원,0269669758,경기도 광주시 초월읍 산수로642-27,70.42,463307890
2,MHD0014,1,04048,***,해성-I 창정비요소개발 사업 비용분석,용역,MHD,방위사업청(운영지원과),202402291500,B633F,사단법인 한국기업연구원,THE KOREA INSTITUTE OF BUSINESS,이승후,025400837,"서울특별시 강남구 도산대로 507, 대신빌딩205호(청담동)",,27000000
286,MDK0018,1,05830,***,군 전용철도 예초용역(3철도대),용역,MDK,국군수송사령부,202402291330,GBE70,주식회사 금오종합건설,kumoh,정현순,0634334603,"전북특별자치도 진안군 진안읍 진장로21, 3층",87.758,93619900
26,LDH0140,1,04236,***,(정비) 배선터미널 등 17종구매,물품,LDH,육군종합정비창,202402291300,E04DE,디엔테크,DN TECH,김해천,0313751790,"경기도 화성시 동탄대로677-5, 8층 812호(영천동, 비전IT타워)",88.031,15243859
8,LDH0147,1,04278,***,(화공) 세라몰 등 14종구매,물품,LDH,육군종합정비창,202402291300,KF57F,그린존,,김근아,0542746100,"경상북도 포항시 북구 칠성로42-1, 2층(남빈동)",89.789,19799034
4,LDH0149,1,04275,***,(화공) 실리콘 백색1급 등 21종구매,물품,LDH,육군종합정비창,202402291300,M825B,여경,,여경숙,010-7338-1106,"경상북도 포항시 북구 칠성천길40, 4층 -110(죽도동)",88.393,21055321
13,LDH0145,1,04272,***,(화공) 페인트가스켓리무브 등 10종구매,물품,LDH,육군종합정비창,202402291300,M825B,여경,,여경숙,010-7338-1106,"경상북도 포항시 북구 칠성천길40, 4층 -110(죽도동)",88.14,37432858
4,LDH0148,1,04267,***,(화공) 세정용세척제 1종구매,물품,LDH,육군종합정비창,202402291300,BD105,선우상사,,도경호,051-319-3915,"부산광역시 사상구 괘감로 37, 산업용품상가 27-228(괘법동)",89.676,33625000
4,LDH0146,1,04262,***,(화공) 흑염스프레이 등 6종구매,물품,LDH,육군종합정비창,202402291300,FE04D,주식회사 에이에스씨,"ASC Co.,Ltd",임승수,0316770131,"경기도 안성시 공단1로99 (신건지동, 안성제1산업단지)",88.147,14630616
60,LDH0142,1,04255,***,(정비) 절연테이프 등 20종구매,물품,LDH,육군종합정비창,202402291300,L4D65,주안산업,,강선자,010-7788-0337,"경상남도 창원시 의창구 반계로104-9 (팔용동, 팔용벽산블루밍A단지)206-505",87.995,12289000
39,LDH0139,1,04250,***,(정비) 컷와이어 구매,물품,LDH,육군종합정비창,202402291300,E8621,(주) 에코 라이프,Eco Life,이성희,0324646898,"인천광역시 남동구 장승로25-0 (만수동, 장승백이상가)5-302",88.004,14530520
5,LDH0143,1,04244,***,(정비) 용접가죽장갑 등 22종구매,물품,LDH,육군종합정비창,202402291300,HB4C2,주식회사 성우,"SUNGWOO CO., LTD.",김은화,0519873828,부산광역시 강서구 신호산단3로88번길68 (신호동),90.232,23844880
6,LDH0144,1,04240,***,(정비) 알곤시린다밸브 등 79종구매,물품,LDH,육군종합정비창,202402291300,I49E3,주식회사 창원상사,CWC,이은석,0542746100,경상북도 포항시 남구 대해로89-1 (대도동),89.335,26766334
5,HDF0019,1,05837,***,24년 공지합동작전훈련지원체계 유지보수,용역,HDF,공군 제8전투비행단,202402291100,BE71D,(주)인컴에스엔,incomsn,강인식,0314794100,"경기도 안양시 동안구 엘에스로 76(호계동, 안양 국제 유통단지)디오밸리 413호",88.103,77843230
12,LFK0007,2,04281,***,24년 1연대 음식물쓰레기 처리용역,용역,LFK,육군종합군수학교,202402291100,G51F9,아라환경,ara naturao recycie,이석재,0334354471,강원특별자치도 홍천군 홍천읍 영서로1981-0,88.192,37733290
29,LFK0012,1,05292,***,3연대 전기안전관리 대행 용역,용역,LFK,육군종합군수학교,202402291100,I3EF6,경기전력주식회사,KGELEC,배용한,0316321973,경기도 이천시 부발읍 부흥로228번길197-0,88.044,8380182
6,LFK0011,1,05275,***,1연대 전기안전관리 대행 용역,용역,LFK,육군종합군수학교,202402291100,HC7B4,삼원전기안전관리주식회사,SAMWONJOO,최상식,033-574-4400,강원도 삼척시 마달1길80-0 (마달동),88.555,5328000
5,LHM0013,1,05759,***,00여단 차륜형 장갑차 패키지 공사(건축/재해),용역,LHM,제15보병사단,202402291100,LE87C,태영기술안전지도사사무소,,김병섭,010-6290-7233,"경기도 용인시 기흥구 서천로201번길31, 1동 10층 1026호(농서동, 이너매스허브시티)",88.586,2503900
24,LHM0012,1,05757,***,TACP진지 공사 감리용역(169호),용역,LHM,제15보병사단,202402291100,H6CD1,(주)세화안전진단건축사사무소,Crop.Sehwa Safety test Architects&Engineers,박영규,0332430071,강원특별자치도 춘천시 후석로420번길7-0 (후평동) 춘천하이테크타워 8층 824호,88.024,8749900
9,LHM0011,1,05760,***,23-신-27 GOP철책 하단 보강(건설폐기물),용역,LHM,제15보병사단,202402291100,C0DE2,(합)우창환경산업,woochang,이명숙,0337472565,강원특별자치도 원주시 지정면 질마재로24-45,88.218,17074000
4,MCX0015,2,04572,***,00지역 실내공기질 측정 용역,용역,MCX,자운대근무지원연대,202402291100,LF1B2,주식회사 에코에이앤이,,박가원,0429334555,대전광역시 유성구 테크노3로65 (관평동) 344호,88.316,69543580
3,MDG0033,1,05258,***,24년 승강기 관리용역(국군함평병원),용역,MDG,국군의무사령부,202402291100,B6C9C,(주)삼성엘리베이터,samsung elevator,김영래,0617217971,전라남도 순천시 서면 백강로801,87.778,9730000
3,MDG0034,1,05257,***,24년 승강기 관리용역(국군대구병원),용역,MDG,국군의무사령부,202402291100,E49B4,바론엘리베이터 주식회사,"Baron Elevator Co., Ltd",김승기,0544720069,"경상북도 구미시 산동면 신당1로24, 306호(바젤파크시티)",87.963,6660300
4,MDG0035,1,05256,***,24년 승강기 관리용역(서울지구병원),용역,MDG,국군의무사령부,202402291100,JF246,경일엘리베이터 주식회사,,이대호,028535922,"서울특별시 금천구 가산디지털2로43-14, 12층 1214~1216호 (가산동, 가산한화비즈메트로2차)",93.45,8518400
2,MDG0036,1,05255,***,24년 승강기 관리용역(경기권),용역,MDG,국군의무사령부,202402291100,JD384,디케이이엘에스(주),,이헌용,0313110312,"경기도 시흥시 승지로60번길17, 704호 (능곡동, 현대프라자)",88.279,21917700
57,UMM0097,1,05300,***,24-N-이동용 잠수펌프 17EA 제조,물품,UMM,국군재정관리단,202402291100,I1832,제이에스피산업,jsp industry,김기철,0633524788,전북특별자치도 장수군 장계면 장무로352-32,88.005,182763900
56,UMM0094,1,04635,***,(24G005-H)24년 MW EMS 유지보수 용역,용역,UMM,국군재정관리단,202402291100,08548,(주)조흥테크,cho heung,박희용,0626549336,"전라남도 강진군 강진읍 영랑로24, 3층",87.889,151215953
89,UMM0088,1,04421,***,(247018-C) 특수수술재료(수술재료 2품목) 구매,물품,UMM,국군재정관리단,202402291100,CE2FB,나이스메드,nicemed,강성주,024928568,경기도 남양주시 가운로1길1-0 (가운동) 드림프라자 505-1호,83.808,339000000
4,UMM0087,1,03707,***,(24F057-A) 유류중대 급유검사 위탁용역,용역,UMM,국군재정관리단,202402291100,C250D,프라임방재주식회사,prime fp,김회택,0226927119,"서울특별시 강서구 허준로217 (가양동) 가양테크노타운 503호, 507~509호",87.99,101235000
1429,UMM0098,1,03547,***,(247008-E) 병리장비운영소모품(6) 20품목구매,물품,UMM,국군재정관리단,202402291100,M0FE3,알파산업,,김진영,0539632238,경상북도 경산시 남천면 남천로421-42,87.996,93884500
1701,UMM0096,1,03539,***,(246065-C) 포밍기 구매,물품,UMM,국군재정관리단,202402291100,JD7BB,에이치에스물산,,김종수,01093892298,강원특별자치도 속초시 만천7길23-6 (교동),87.996,152481750
15,UMM0078,1,03029,***,24-N-항공유 공급펌프 제조,물품,UMM,국군재정관리단,202402291100,BDD52,신신이앤지(주),shin shin E.N.G,고정자,0513230935,부산광역시 강서구 낙동남로533번길89 (녹산동),84.368,244995500
6,UMM0089,1,02476,***,(24G037-I)24년 의료기관종사자 잠복결핵 검진위탁,용역,UMM,국군재정관리단,202402291100,C9177,의료법인 녹십자의료재단,Green Cross Laboratories,이상곤,0312609600,경기도 용인시 기흥구 이현로30번길 107(),88.155,56127000
496,MDK0017,1,05827,***,군 전용철도 예초용역(1철도대),용역,MDK,국군수송사령부,202402291100,HF18F,주식회사 동백엘앤씨,dbl&c,이진숙,0317815272,경기도 성남시 분당구 수내로54-0 (수내동) 보보스쉐르빌 1312,87.746,64216700
258,MDK0016,1,05825,***,군 전용철도 예초용역(2철도대),용역,MDK,국군수송사령부,202402291100,I85D6,(주)서현개발,seo hyeonsanopgaebal,박덕희,0558027079,"경상남도 밀양시 중앙로66-3, 3층(가곡동)",87.747,79136000
3,MDG0033,2,05258,***,24년 승강기 관리용역(국군함평병원),용역,MDG,국군의무사령부,202402291100,B6C9C,(주)삼성엘리베이터,samsung elevator,김영래,0617217971,전라남도 순천시 서면 백강로801,87.778,9730000
3,MDG0034,2,05257,***,24년 승강기 관리용역(국군대구병원),용역,MDG,국군의무사령부,202402291100,E49B4,바론엘리베이터 주식회사,"Baron Elevator Co., Ltd",김승기,0544720069,"경상북도 구미시 산동면 신당1로24, 306호(바젤파크시티)",87.963,6660300
4,MDG0035,2,05256,***,24년 승강기 관리용역(서울지구병원),용역,MDG,국군의무사령부,202402291100,JF246,경일엘리베이터 주식회사,,이대호,028535922,"서울특별시 금천구 가산디지털2로43-14, 12층 1214~1216호 (가산동, 가산한화비즈메트로2차)",93.45,8518400
2,MDG0036,2,05255,***,24년 승강기 관리용역(경기권),용역,MDG,국군의무사령부,202402291100,JD384,디케이이엘에스(주),,이헌용,0313110312,"경기도 시흥시 승지로60번길17, 704호 (능곡동, 현대프라자)",88.279,21917700
263,MDG0032,1,03993,***,24년 의무장비(흡인기 위장관배액용) 구매,물품,MDG,국군의무사령부,202402291100,KF538,이에스솔루션,,이은심,01071535252,"인천광역시 미추홀구 남주길150, 113동 704호(주안동, 힐스테이트 푸르지오 주안)",87.999,6401573
44,MDG0029,1,03876,***,24년 의무장비(전기소작기 치과용) 구매,물품,MDG,국군의무사령부,202402291100,I0EA2,주식회사 소향,"SO HYANG  Co.,  Ltd.",김은율,0315200490,"경기도 안산시 상록구 중보로22-0 (사동, 늘푸른아파트)상가113호",94.97,3292800
403,MDG0028,1,03875,***,24년 의무장비(소독기 중형 치과용) 구매,물품,MDG,국군의무사령부,202402291100,KFB5B,서준코퍼레이션,,윤진영,01088577664,"강원특별자치도 원주시 문막읍 귀문로1269-16, 1층 우측",87.998,4968000
196,MDG0030,1,03823,***,24년 의무장비(치주질환치료기) 구매,물품,MDG,국군의무사령부,202402291100,IDDCF,주식회사 경진유통,,서이현,01040402532,"경상남도 창원시 진해구 여좌로110-2 (여좌동, 수진빌라) 101호",88.028,19985863
14,MDG0031,1,03818,***,24년 의무장비(흡인기 이동식) 구매,물품,MDG,국군의무사령부,202402291100,E5067,동명상사,Dongmyung Trading Co.,김명희,0314533907,"경기도 군포시 금산로13, 4층 오피스밸리 485호",92.255,2280000
487,MDG0027,1,03817,***,24년 의무장비(레이저수술기 이산화탄소) 구매,물품,MDG,국군의무사령부,202402291100,H9270,주식회사백운,BAKWOON,김민지,07073336899,경기도 의정부시 경의로70-0 (의정부동) 5층 A628호,87.995,18384400
199,MDD0032,1,04102,***,2024 의무장비(무균작업대) 구매,물품,MDD,국군수도병원,202402291100,E5067,동명상사,Dongmyung Trading Co.,김명희,0314533907,"경기도 군포시 금산로13, 4층 오피스밸리 485호",95.162,13677000
467,MDD0033,1,04100,***,2024 의무장비(현미경 다안식) 구매,물품,MDD,국군수도병원,202402291100,KC044,하진유통,,윤세봄,01095690909,"충청남도 천안시 서북구 두정역길48, 107동 2105호(두정동, 천안 두정역 푸르지오)",87.999,23033540
151,MDD0031,1,04097,***,2024 의무장비(냉장고 혈액은행용 소형) 구매,물품,MDD,국군수도병원,202402291100,E186F,주식회사 한스피엠아이,HANS P.M.I Corp.,한경아,0313463092,경기도 군포시 고산로151번길28-0 (당정동) 403호,88.639,4918310
142,MDD0030,1,04091,***,2024 의무장비(흡인기 흉부배액용) 구매,물품,MDD,국군수도병원,202402291100,CAAB4,강원상사,KWANG WON,김동국,0332422612,강원특별자치도 춘천시 남춘로17-0 (퇴계동),99.989,6200000
193,MDD0029,1,04090,***,2024 의무장비(추나요법테이블) 구매,물품,MDD,국군수도병원,202402291100,E5067,동명상사,Dongmyung Trading Co.,김명희,0314533907,"경기도 군포시 금산로13, 4층 오피스밸리 485호",93.994,10137000
140,MDD0028,1,04086,***,2024 의무장비(한냉요법장치) 구매,물품,MDD,국군수도병원,202402291100,E5067,동명상사,Dongmyung Trading Co.,김명희,0314533907,"경기도 군포시 금산로13, 4층 오피스밸리 485호",94.485,10137000
2,LKP0018,1,05234,***,'24년 M2 장간조립교 외주정비 용역,용역,LKP,5군수지원사령부,202402291100,E9F79,주식회사 룩스그린,LOOKSGREEN,김권호,0313668050,경기도 화성시 서신면 화남공단로114-13,87.758,70629700
170,LKG0013,1,05671,***,53사단 125-4대대 간부숙소신축 건축감리(비상주)용역,용역,LKG,육군제53보병사단,202402291100,F34E8,수만채건축사사무소,sumanche architects,김재삼,07077285668,부산광역시 동구 고관로100-1 (수정동) 외 1필지,87.75,45226960
2,LGP0058,2,05410,***,24년 부식 및 쉘터차량 외주정비용역(경기 서울 인천),용역,LGP,제1군수지원사령부,202402291100,GC78B,주식회사 금강특장차,KUMKANGMOTORS,오세덕,0325748313,인천광역시 서구 북항로28-46 (원창동),91.929,52568000
3,LGP0051,2,04752,***,"24년 부식, 쉘터차량 외주정비 용역(강원)",용역,LGP,제1군수지원사령부,202402291100,BC96E,016자동차공업사,016kiamotors,안종근,033-747-0016,강원특별자치도 원주시 흥양로102번길3 (태장동),95.542,133500000
2,LGP0053,2,04750,***,"24년 부식, 쉘터차량 외주정비 용역(경기 북부)",용역,LGP,제1군수지원사령부,202402291100,K7948,주식회사 경기상용차서비스,,권기종,0318620485,경기도 양주시 칠봉산로251-15 (봉양동),89.069,146020200
1,LCG0013,1,02680,***,[24-육-23] B부대 지하형탄약고 사업타당성 조사 설계,용역,LCG,육군본부,202402291100,B4984,(주)에스코컨설턴트,"ESCO Consultant & Engineers Co., Ltd.",박치면,0314674114,"서울특별시 서초구 반포대로14길 71, 엘지서초에클라트 2117호(서초동)",99.477,140800000
1,LCG0012,1,02679,***,[24-육-22] A부대 지하형탄약고 사업타당성 조사 설계,용역,LCG,육군본부,202402291100,B4984,(주)에스코컨설턴트,"ESCO Consultant & Engineers Co., Ltd.",박치면,0314674114,"서울특별시 서초구 반포대로14길 71, 엘지서초에클라트 2117호(서초동)",99,140800000
1822,HCF0024,1,01659,***,24-H-01 전원 공급기(B-9) 구매,물품,HCF,공군군수사령부,202402291030,M2C77,은성,,신명화,01048043115,"경기도 고양시 일산서구 산현로17번길38, 1102동 503호(탄현동, 탄현마을)",87.995,27364270
2,SCP0025,1,05839,***,24-00대대 근무지원정 다-000호정 외주정비,용역,SCP,제8385부대,202402291030,B92C1,신아선기,SHIN-A MARINE ENGINEERING CO.,하인태,0542485147,경상북도 포항시 남구 청림서길57번길11-0 (청림동),97.439,7880000
501,SDG0007,1,05749,***,충전 임팩트 라쳇 등 311종 구매,물품,SDG,제2002부대,202402291030,LA88E,로얄브릿지,,윤지환,0236631049,"인천광역시 서구 고산후로398 (불로동, 불로e-편한세상)",88.001,22432967
283,SCK0024,1,05744,***,컬러 클립보드 A4 등 355종 구매,물품,SCK,해군교육사령부,202402291030,JB7F9,케이컴퍼니,,권진수,010-4414-7833,"경상남도 창원시 진해구 충장로429번길10-1 (이동, 가원빌)",88,53834513
103,SCN0037,1,05734,***,귀마개 등  69종 구매,물품,SCN,제7001부대,202402291030,LB8BE,승현물산,,유승현,010-8181-3657,"경상남도 창원시 진해구 냉천로88, 106동 103호(자은동, 대동빌라트)",88.024,4437800
4,LHQ0008,1,05703,***,24년 근무지원단 생활쓰레기 위탁처리용역,용역,LHQ,제2작전사령부,202402291030,C21B7,(주)삼명환경,sammungenv,정애경,0536166680,대구광역시 달성군 옥포읍 원전길52-10,88.054,34134550
1355,LFC0016,1,05767,***,24년 6차 의료기재(무릎보호대 등 55품목) 구매,물품,LFC,육군훈련소,202402291030,J4ACE,헬로우마켓,,조대식,01023164676,"대전광역시 동구 백룡로138 (용운동, 주공아파트) 205-907",88,47982254
34,LKT0022,1,05849,***,24년 공기청정기 필터 제조구매(예비전력),물품,LKT,제1989부대,202402291030,D186C,주식회사 부일필터,"BOOIL FILTER CO.,LTD",정현주,0518513025,부산광역시 금정구 금사로 165(회동동),88.003,17717572
34,LNQ0009,1,05809,***,예비군훈련장 정수기 렌탈 용역,용역,LNQ,제17보병사단,202402291030,DC99F,영인,youngin,장정덕,032-512-0503,인천광역시 서구 원당대로205번길32-6 (오류동),88.925,28080000
4283,SFC0018,1,05801,***,토너 등 51품목 구매,물품,SFC,제9691부대,202402291030,KBEF7,오니오니,,이정화,01086264267,"서울특별시 구로구 오리로17길77-11, A동 1층 B02호 (궁동)",87.995,26427000
11,SCN0036,1,05728,***,'24-관사 및 간부숙소 보일러 설치 납품,물품,SCN,제7001부대,202402291030,BD190,(주)영신엔지니어링,youngsin engineering,강미숙,0552610147,경상남도 창원시 성산구 완암로50 테크동2층 203-1호,83.41,438157075
1229,SCF0159,1,05053,***,"(긴급)압축기,왕복식 등 33종",물품,SCF,해군군수사령부,202402291030,K9E4E,성진유통,,김병석,01096406353,"경상남도 창원시 의창구 남산로20, 302동 105호",87.996,140503460
617,SCF0140,1,04104,***,"램프, 발광용 다이오드용 3종 구매",물품,SCF,해군군수사령부,202402291030,G74AE,와이에스물산 주식회사,"Y.S MULSAN co., ltd",정순연,0557141172,경상남도 창원시 진해구 냉천로235-0 (자은동),88.001,100726592
50,SCF0141,1,04101,***,"온도계, 자체포시실 등 3종 구매",물품,SCF,해군군수사령부,202402291030,M7015,에이스상사,,김일천,010-4387-7885,"부산광역시 사하구 다대로339, 1914호(장림동, 극동정림아파트)",88.182,1412950
880,SCF0157,1,02739,***,전원공급기 등 3종 구매,물품,SCF,해군군수사령부,202402291030,J201F,제이컴,,김지은,07040075334,강원특별자치도 춘천시 충혼길52번길10 (온의동) 드림타워 3층 306-69,87.998,19314880
244,SCF0158,1,02639,***,베어링 등 4종 구매,물품,SCF,해군군수사령부,202402291030,HB6F6,주식회사 엠코엔터프라이즈,"AMKO ENTERPRISE Co., Ltd",안정민,0266779235,서울특별시 서초구 청두곶13길3 (방배동) 202호,84.574,472915000
61,LQG0023,1,05824,***,박달훈련대 교전장비 유지보수 용역,용역,LQG,육군 52보병사단,202402291030,B9E1E,(주)네스랩,NESSLAB,이재호,0428671081,대전광역시 유성구 테크노2로 194(),88.137,85249670
61,LQG0022,1,05822,***,서초훈련대 교전장비 유지보수 용역,용역,LQG,육군 52보병사단,202402291030,B9FD4,(주)두손씨에스티,"DOOSONCST CO., LTD.",최수경,0260119999,서울특별시 금천구 벚꽃로234 에이스하이엔드6차 1001호,87.756,84400200
9,LGT0004,1,05845,***,’24년 음식물류폐기물 위탁처리 용역(24-GS-5),용역,LGT,제2307부대,202402291030,H9D47,리더,leader,한재석,01072218333,강원특별자치도 횡성군 강림면 강림서길41-0,84.34,88904000
7,LFR0005,1,05442,***,"24년 전차(사격,조종) 시뮬레이터 외주정비",용역,LFR,육군기계화학교,202402281700,2400F,(주)심네트,"SIMNET Co., Ltd.",차진섭,07078206555,대전광역시 유성구 죽동로157-0 (죽동),85.464,1144000000
3,LDH0122,1,03911,***,24-7차 물류이동장비(5톤 전동화물운반차) 구매,물품,LDH,육군종합정비창,202402281300,K7851,솔우테크,,송유나,07048373486,"경상남도 김해시 한림면 한림로682-5 , 지하층",99.324,28999000
11,LDH0136,1,04403,***,"K200 펌프,유압식 등 2종 구매",물품,LDH,육군종합정비창,202402281300,M1AEA,금강인터내셔날,,손율겸,0517470814,"부산광역시 해운대구 마린시티3로37-0 (우동), 22층 2312호 (한일오르듀)",92.256,44540000
38,LDH0120,1,04234,***,(정비) PVC장갑 적색 등 17종구매,물품,LDH,육군종합정비창,202402281300,EBF4F,(주)씨티원서비스,ctone,최현준,0328151336,"인천광역시 남동구 앵고개로490번길53, 남동공단142블럭20로트(고잔동)",88.047,19140597
23,LDH0119,1,04233,***,(정비) 우의(하) 등 13종구매,물품,LDH,육군종합정비창,202402281300,IEC5B,유한회사 대성,,안하은,07043667105,"전라남도 장성군 황룡면 강변로452-16, 3증 301호",88.007,11893380
8,LDH0133,1,04226,***,(정비) 프라스틱브러쉬 등 38종구매,물품,LDH,육군종합정비창,202402281300,I91F2,지앤와이일렉텍(주),"G&Y Electech Co.,Ltd",김보영,0260911083,서울특별시 구로구 경인로53길15-0 (구로동) 중앙유통단지 가동 3116호,88.75,14703997
5,LDH0132,1,04224,***,(정비) 동절기 귀마개 등 38종구매,물품,LDH,육군종합정비창,202402281300,HB4C2,주식회사 성우,"SUNGWOO CO., LTD.",김은화,0519873828,부산광역시 강서구 신호산단3로88번길68 (신호동),90.72,16213090
7,LDH0129,1,04222,***,(정비) 초경앤드밀 등 63종구매,물품,LDH,육군종합정비창,202402281300,KF57F,그린존,,김근아,0542746100,"경상북도 포항시 북구 칠성로42-1, 2층(남빈동)",88.947,30418225
5,LDH0126,1,04214,***,(정비) 페이스컷트팁 등 74종구매,물품,LDH,육군종합정비창,202402281300,L76C9,주식회사 서화테크,,최영식,029436346,서울특별시 성북구 아리랑로19길111-0 (정릉동),88.938,34427120
9,LDH0130,1,04208,***,(정비) 케이블타이 등 36종구매,물품,LDH,육군종합정비창,202402281300,I91F2,지앤와이일렉텍(주),"G&Y Electech Co.,Ltd",김보영,0260911083,서울특별시 구로구 경인로53길15-0 (구로동) 중앙유통단지 가동 3116호,88.822,20096290
8,LDH0124,1,04207,***,(정비) 도화용붓 등 56종구매,물품,LDH,육군종합정비창,202402281300,I91F2,지앤와이일렉텍(주),"G&Y Electech Co.,Ltd",김보영,0260911083,서울특별시 구로구 경인로53길15-0 (구로동) 중앙유통단지 가동 3116호,88.064,15295841
17,LDH0128,1,04198,***,(정비) 각반(발덮개토시) 등 15종구매,물품,LDH,육군종합정비창,202402281300,HB4C2,주식회사 성우,"SUNGWOO CO., LTD.",김은화,0519873828,부산광역시 강서구 신호산단3로88번길68 (신호동),93.248,7400520
7,LDH0118,1,04168,***,(자재) 제재목등 5종 제조,물품,LDH,육군종합정비창,202402281300,DF3AB,(주)전일우드텍,jeonil woodtec,문연실,0635463141,전북특별자치도 김제시 백구면 금백로1162,96.535,46769520
4949,LCF0010,1,01856,***,안면보호기 등 3항목 구매(물자),물품,LCF,육군군수사령부,202402281100,M0A95,비에이엠티,,이현경,01045609536,"경기도 평택시 지제동삭1로41, 118동 2404호(지제동, 지제역 더샵 센트럴시티)",87.995,35806916
331,SFJ0004,1,05596,***,안전모 등 49품목 구매 납품,물품,SFJ,제2112부대,202402281100,L1315,청림,,이희재,01099344544,경상북도 영천시 여랑길21 (매산동),88.008,16985119
48,LKG0012,1,05569,***,53사단 전반기 물탱크 청소용역,용역,LKG,육군제53보병사단,202402281100,G93B9,주식회사 청명환경산업,chong myung,장현정,07076225201,부산광역시 사상구 학장동512-1,88.072,8103538
11,MCS0025,1,05508,***,(군수-장비-03) 통통작기 구매,물품,MCS,국방부계룡대근무지원단,202402281100,I5F25,홍성사(주),HONGSUNGSA,김도한,07078032224,충청남도 당진시 서문1길16-0 (읍내동) 4호,88.283,4374110
2,MHP0005,1,05107,***,유품관리실 훈증소독 용역,용역,MHP,국방부유해발굴감식단,202402281100,AEA3B,(주)엔가드,enguard,김은숙,0316748379,경기도 안성시 무어산길125-25 (대덕면),88.194,13169280
2,MHP0006,1,05152,***,출토유품 보존처리 용역,용역,MHP,국방부유해발굴감식단,202402281100,J4A4E,정도문화유산,,정은실,024889981,"서울특별시 강동구 명일로220, 301호 (길동, 진성빌딩)",88.553,35405000
100,LHM0010,1,05669,***,24년 병영식당 청소용역(후드/덕트),용역,LHM,제15보병사단,202402281100,D8CF2,(주)다인오엠,dainom,이경숙,0335911197,"강원특별자치도 정선군 남면 도원3길9, 신진빌딩 202호",88.098,83645470
5,LHM0009,1,05658,***,군-재-1 GP 방호철책 보수(토목/재해),용역,LHM,제15보병사단,202402281100,L7B24,선진건설안전(주),,허훈,031-905-0497,경기도 고양시 일산동구 백마로195-0 (장항동) 섹션동 7004호,88.189,1950080
46,LNR0003,1,05626,***,'24년 소방종합정밀점검 용역,용역,LNR,수도기계화보병사단,202402281100,G0290,주식회사 씨엔방재,"CNfireprevention co.,ltd.",이용수,0312659119,경기도 용인시 수지구 신수로767-0 (동천동) 동천유타워 A동 504호,88.006,18863200
30,UAC0007,1,05017,***,2024년 건물 방제(방역)용역,용역,UAC,국방출판지원단,202402281100,EA842,(주)나너그린,naneogreen,최은분,0415455004,충청남도 아산시 시민로415 (온천동),88.109,5741710
727,UMM0075,1,04524,***,24-F-대형콘크리트 절단기 구매,물품,UMM,국군재정관리단,202402281100,C2981,주식회사 우성텔레콤,WOOSUNG TELECOM,송상의,0319085000,"경기도 고양시 덕양구 동축로70, 4층 에이-에이-04-16호(동산동,현대프리미어캠퍼스 지축역 지식산업센터)",87.999,192183951
63,UMM0068,1,03664,***,"24-N-함정, 병영시설 전문방제 용역",용역,UMM,국군재정관리단,202402281100,4105F,(주)세스코,CESCO,전찬혁,0215881119,서울특별시 강동구 상일로10길46-0 (상일동),78.566,3120340000
1708,UMM0074,1,03206,***,24-N- 친환경 소화기 등 3품목 구매,물품,UMM,국군재정관리단,202402281100,C1E48,주식회사 휴먼시스템,human system,김준형,0315422207,경기도 포천시 원동교길43-1 (동교동),82.997,218772845
23,UMM0079,1,03192,***,24-D-계룡대지역 방제용역,용역,UMM,국군재정관리단,202402281100,L0303,가온에코,,노병남,010-2213-9876,"충청남도 서산시 안견로365-67, 1층 103호 (읍내동)",87.772,70495716
4,UMM0083,1,02940,***,(247021-F)치과기공물 43종 제조,물품,UMM,국군재정관리단,202402281100,M535F,덴트리온 부산,,김주아,07088222827,"부산광역시 북구 만덕1로32-0, 1층 (만덕동)",88.213,116280000
36,UMM0077,1,01836,***,24-F-오폐수처리시설 관리용역,용역,UMM,국군재정관리단,202402281100,A0ECB,(주)영동엔지니어링,"Young Dong Engineering Co., Ltd.",김억조,0513169212,"부산광역시 사상구 백양대로907번길25 (모라동), 2층",86.053,253263998
31,MFH0003,1,05681,***,사무용기기(프린터 등) 임차 용역,용역,MFH,국방시설본부,202402281100,B7389,세진정보통신,SejinJungboTongsin,김영숙,0226881110,"경기도 광명시 하안로60,  C동 911,913호(소하동, 광명테크노파크)",87.954,47927893
111,LMU0005,1,04704,001,(24-급-004) '24-2차 부대계약 식자재(가공품류) 계약,물품,LMU,제7군수지원단,202402281100,EF8B0,(주)캐파맥스,Capamax inc.,이동국,0262033011,경기도 하남시 초이로92번길 70-27(),83.012,1183324
108,LMU0004,1,04703,001,(24-급-003) '24-2차 부대계약 식자재(가공품류) 계약,물품,LMU,제7군수지원단,202402281100,KEE47,주식회사 삼마기업,,이가은,01025192334,"서울특별시 마포구 월드컵로34길6, 1동 14층 1406호(성산동,태림센트윈2차)",83.009,1412628.09
110,LMU0003,1,04696,001,(24-급-002)'24-2차 부대계약 식자재(가공품류) 계약,물품,LMU,제7군수지원단,202402281100,EF8B0,(주)캐파맥스,Capamax inc.,이동국,0262033011,경기도 하남시 초이로92번길 70-27(),82.999,1469388
3,LGP0063,1,05697,***,24년 이동형 기상측정세트 외주정비용역,용역,LGP,제1군수지원사령부,202402281100,F9436,주식회사 와이케이앤텍,"YKNTEC CO.,LTD.",김유순,07046074676,경기도 구리시 이문안로129번길19 (수택동),89.234,44500000
2,LGP0059,1,04748,***,24년 구난차 등 3종 외주정비용역(강원),용역,LGP,제1군수지원사령부,202402281100,GDBDE,합자회사 순호자동차공업사,soonhocar,배경자,033-747-3300,강원특별자치도 원주시 북원로2807-0(태장동),87.901,127230250
4,LGP0062,1,04742,***,"24년 표준 및 상용차량 외주정비용역(경기,서울,인천)",용역,LGP,제1군수지원사령부,202402281100,GC78B,주식회사 금강특장차,KUMKANGMOTORS,오세덕,0325748313,인천광역시 서구 북항로28-46 (원창동),88.893,167545000
104,LBA0022,1,05545,***,‘24년 4~6월 부대조달 부식(빵류 60품목) 구매,물품,LBA,제 2167부대,202402281030,B90FF,해태제과식품(주),Haitai confectionary foods co.ltd,신정훈,027097471,충청남도 천안시 서북구 성거읍 천흥8길 67-26(),83.049,1630540349
5,SCQ0021,1,05582,***,24-체 포기김치 등 3종 제조납품,물품,SCQ,제9911부대,202402281030,JFC8E,농업회사법인 주식회사 태성김치,,이주영,0316476760,경기도 평택시 오성면 교포1길139,88.564,31050000
56,SDQ0019,1,05808,***,"제어장치, 경보기용 등 5종 구매",물품,SDQ,해군제2수리창,202402281030,L0E5F,티이에이치,,한동은,01025960658,"경기도 평택시 안중읍 안현로서6길10, 4층 402-에이치12호(대원빌딩)",88.041,15819430
105,SCF0145,1,05452,***,기화기GX-35 등 27종 구매,물품,SCF,해군군수사령부,202402281030,I42F7,주식회사 이수케이,isukei,김혜진,07076078049,경상남도 창원시 진해구 웅동로162-0,88.063,7851200
12,SCP0024,1,05685,***,지게차 배터리 1대 구매,물품,SCP,제8385부대,202402281030,M85E3,하늘상사,,김형민,01052181431,강원특별자치도 동해시 부곡6길6-0 (부곡동),88.054,6312640
35,SCR0018,1,05673,***,24년 0함대 정수기 임차 용역(28대),용역,SCR,해군제3함대사령부,202402281030,K2239,주식회사퓨놈,,황동휘,031-481-8562,"경기도 평택시 청북읍 안청로4길17, 201-6호(청아프라자)",88.011,43794530
5,LGI0003,1,05680,001,24년 음식물 쓰레기 처리 용역,용역,LGI,제3군수지원여단,202402281030,D5622,금강산업(명),,염기숙,033-633-8886,강원도 고성군 토성면 성대로3-27,88.16,156
2,SCI0014,1,05499,***,24-000사 수조제조시설 안전밸브 POP'G Test 용역,용역,SCI,제9121부대,202402281030,E95F5,"주식회사 에스앰 (SM Co.,LTD)",,이채원,0522650833,울산광역시 울주군 온산읍 명봉거남로108-0,88.324,28930000
5,LGI0002,1,05041,***,'24년 화공가스 구매,물품,LGI,제3군수지원여단,202402281030,IDC42,청주종합가스,,박승용,0432341155,충청북도 청주시 흥덕구 가로수로1311번길32-0 (복대동),89.43,25852555
1942,LMR0011,1,05688,***,24-1차 전장관리체계운영용품 구매,물품,LMR,제5군단사령부,202402281030,H06E1,모두라운드,modoround,이민아,01040035441,"경기도 부천시 오정구 소사로639-0, 106동 808호 (여월동, 여월휴먼시아)",88.001,39550230
5396,SCK0023,1,05683,***,크리스탈 수세미 등 863종 구매,물품,SCK,해군교육사령부,202402281030,GAE6F,주식회사청천뉴테크,Chung-chun New tech.,설재우,07040661993,충청남도 당진시 대덕1로1길20-3 (대덕동),88,60497570
2,LGT0002,1,05640,***,"'24년 예비군 육성,지원 예비군 훈련 수송 버스 임차",용역,LGT,제2307부대,202402281030,CFA5D,(주)새천년고속관광,(주)새천년관광,윤근철,0334329930,강원특별자치도 홍천군 홍천읍 홍천로329-0 2층,88.703,24108000
94,LFA0004,1,05672,***,24년 간편식 활용(전투식량) 납품,물품,LFA,제2신속대응사단,202402281030,J3DFD,주식회사 지호푸드서비스,,이재성,0316523246,경기도 안성시 공도읍 기업단지로18-0 나동 1층 101호,88.025,56102000
183,SCI0015,1,05644,***,별접시 볼트 등 21종 구매,물품,SCI,제9121부대,202402281030,M5DAE,와우(wow)디자인,,최용민,0552924799,경상남도 창원시 마산회원구 무학로707-0 (석전동) 1층,88.02,19726580
2,LGQ0006,1,05649,***,24년 예비군훈련 병력수송 차량임차,용역,LGQ,제36보병사단,202402281030,H5273,주식회사강남관광,kangnam,김윤미,0337668053,강원특별자치도 원주시 북원로2880-0 (태장동),95.719,21280000
30,HFG0001,1,05628,***,'24년 금성 작은도서관 위탁운영 용역,용역,HFG,공군제7항공통신전대,202402281030,K9CE0,제이제이월드 주식회사,,이윤빈,07046491151,경기도 화성시 배양길53-7 (배양동) 1호,88.059,22160320
39,SCU0021,1,05623,***,락카 등 76종 구매,물품,SCU,해군 기동함대사령부,202402281030,M64CA,투비전파트너스,,김지연,010-2255-8271,"제주특별자치도 제주시 광양2길35-0 (이도일동), 102호",88.009,35203170
2829,HDQ0009,1,05531,***,20비 24-15 전원공급기 장비,물품,HDQ,제20전투비행단,202402281030,M53AA,워크디자이니어,,정대건,01055667886,"충청남도 아산시 탕정면 한들물빛도시로69, 103동 1002호(한들물빛도시지웰시티센트럴푸르지오1단지)",88.001,31348897
139,SCF0146,1,05465,***,전문가용 재단가위 등 25종 구매,물품,SCF,해군군수사령부,202402281030,B811E,대한냉동,,서원하,055-546-1472,경상남도 창원시 진해구 충장로 291(),88.017,5404877
103,SCR0017,1,03001,***,"실드, 코일용 등 2종 구매",물품,SCR,해군제3함대사령부,202402281030,JF04C,피엔지,,박인자,01072370467,경기도 시흥시 수풀안길14-4 (조남동),87.996,3728180
1395,SCR0016,1,02998,***,역류 방지 밸브 등 3종 구매,물품,SCR,해군제3함대사령부,202402281030,L5D1E,엠케이(MK),,이미경,07041233068,"서울특별시 강서구 양천로28길29-0 (방화동, 마곡우림필유아파트)102동305호",87.996,35264000
430,SCR0015,1,02988,***,전자 구성품 조립체 등 4종 구매,물품,SCR,해군제3함대사령부,202402281030,LD954,해동건설중기,,서상만,0612770357,"전라남도 목포시 원형서로46-1. (상동, 양우비치팰리스)",87.998,19292487
87,SCR0014,1,02982,***,"다기관, 배기용 등 4종 구매",물품,SCR,해군제3함대사령부,202402281030,M1EB0,투걸(two girls),,김지원,01048481287,경기도 이천시 갈산로87번길39-0 (갈산동),88.018,3382828
1069,SCR0012,1,02978,***,회로 차단기 등 14종 구매,물품,SCR,해군제3함대사령부,202402281030,M8097,이조유통,,조인주,01025937420,충청남도 당진시 석문면 대호만로1438  B동 1층 - 10 호,87.996,33581738
533,SCF0152,1,04840,***,(긴급)회로카드조립체 등 15종,물품,SCF,해군군수사령부,202402281030,KC787,토탈marine,,허광주,055-551-4511,경상남도 창원시 마산회원구 회원동로42-1 (회원동),88.061,81907100
373,SCF0153,1,04838,***,"(긴급)패널,전기전자장비용 등 10종",물품,SCF,해군군수사령부,202402281030,K831B,비트,,이하경,01086755433,"경상북도 구미시 구미중앙로42길5-66, 6층 609-47호(송정동)",87.999,44288264
405,SCF0154,1,04835,***,"(긴급)제어장치,전압조정기용 등 52종",물품,SCF,해군군수사령부,202402281030,B6383,국제전기,kook je electrical industry,김승민,0518184449,부산광역시 강서구 유통단지1로41-0 (대저2동)126동120호,88.73,88168353
555,SCF0151,1,04641,***,"(긴급) 노즐, 연료 분사용 등 26종",물품,SCF,해군군수사령부,202402281030,L0855,르미컴퍼니,,오아름,01051827718,"인천광역시 미추홀구 주승로97-1, 2층(주안동)",87.995,95574290
996,SCF0150,1,04624,***,(긴급) 솔레노이드 방향밸브 등 51종,물품,SCF,해군군수사령부,202402281030,I384A,농업회사법인 주식회사 원앤원푸드,one&onefood Co.Ltd,장정순,0332648200,강원특별자치도 춘천시 동내면 금촌로94-11,87.996,77601688
420,SCF0155,1,04581,***,"(긴급)밸브,조절용,자동살수기용 131종",물품,SCF,해군군수사령부,202402281030,M7211,비와이나인,,염보영,010-8653-6380,"인천광역시 미추홀구 남주길150, 117동 1602호(주안동, 힐스테이트 푸르지오 주안)",88,105816373
462,SCF0148,1,03968,***,냉각제 등 9종 구매,물품,SCF,해군군수사령부,202402281030,KC787,토탈marine,,허광주,055-551-4511,경상남도 창원시 마산회원구 회원동로42-1 (회원동),90.011,69920000
519,SCF0147,1,03369,***,전원공급기 1품목 구매,물품,SCF,해군군수사령부,202402281030,L888B,아이미디,,나희열,01063278479,"인천광역시 강화군 불은면 고능로122-1, 2층",88,8862099
1349,SCF0149,1,02754,***,안전등 등 8종 구매,물품,SCF,해군군수사령부,202402281030,IEEE8,주식회사 공후,,하재룡,07077199915,경기도 수원시 권선구 경수대로54번길77-3 (곡반정동),88.218,76402500
27,LQG0020,1,05695,***,박달훈련대 관제장비 유지보수 용역,용역,LQG,육군 52보병사단,202402281030,08896,주식회사 일렉콤,eleccom,정현영,0552955090,"경상남도 창원시 마산회원구 자유무역3길177,1층,5층(양덕동,표준공장1호동)",87.79,14191870
113,LKP0016,1,04477,001,'24년 1분기 부대계약(증식류) 구매,물품,LKP,5군수지원사령부,202402281030,LB6A3,로아푸드,,강이경,07040621714,"경상남도 창원시 진해구 용원중로25번길6-19 (용원동), 101호",88.003,4457
19,LFR0004,1,05415,***,24년 K200A1 장갑차 조종시뮬레이터 외주정비,용역,LFR,육군기계화학교,202402271700,A0F59,주식회사 정엔지니어링,"JUNG ENGEERING CO.,LTD.",박정철,0515070119,부산광역시 부산진구 성지곡로51번길 27(초읍동),87.768,102600200
2,MHD0004,2,00316,***,2024 한-유럽 · 아시아 방산협력 컨퍼런스 행사,용역,MHD,방위사업청(운영지원과),202402271500,KFE31,주식회사 채널케이,,이윤경,07042685022,"서울특별시 송파구 송파대로201, A동 8층 A-806,807호(문정동, 송파 테라타워2)",,197000000
25,LDH0100,1,03831,***,24-4차 물류이동장비(워키리프트 트럭) 구매,물품,LDH,육군종합정비창,202402271300,H93E9,(주)한국물류로봇,"HAN SUNG ENG Co.,Ltd",황용수,0518322122,부산광역시 강서구 도도본리길68-0 (대저2동),88.131,23889000
523,SCF0130,1,04257,***,(긴급)재생 아크릴판 3MM 등 14종,물품,SCF,해군군수사령부,202402271300,K29E5,디디인터내셔널,,황윤섭,01020467530,인천광역시 부평구 열우물로90-0 (십정동) 109동 23층 4호(더샵부평센트럴시티),88.004,31881225
424,SCF0131,1,04024,***,"(긴급)판,금속제 등 8종",물품,SCF,해군군수사령부,202402271300,KE0F6,경진테크,,정태경,01074007682,"경상남도 창원시 성산구 원이대로495 (반림동, 트리비앙아파트) 230동 1607호",92.672,103200097
406,SCF0129,1,04020,***,"(긴급)박판,금속제 등 33종",물품,SCF,해군군수사령부,202402271300,C0914,(주)동건,DONG GUN CO.,윤영현,0332422612,강원특별자치도 동해시 전천로245-2 (북평동),95.352,50300600
128,LDH0121,1,04199,***,"(정비) 보호복,후드일체형등 9종구매",물품,LDH,육군종합정비창,202402271300,DEACD,태양이엔지 주식회사,TAEYANG ENG,박준희,0553539885,경상남도 밀양시 중앙로 129(),88.003,38092013
94,LDH0107,1,04044,***,(정비) 방독마스크필터 등 15종구매,물품,LDH,육군종합정비창,202402271300,I5E85,주식회사 제이디글로벌,JDGLOBAL,김현영,0552879611,"경상남도 창원시 마산합포구 산호북4길30, 가동 상가212호(산호동, 용마맨션)",88.012,46169000
86,LDH0103,1,04043,***,(정비) 면장갑 구매,물품,LDH,육군종합정비창,202402271300,LC05C,유한회사 대산디컴,,안중성,07086574652,"서울특별시 서초구 강남대로107길21, 2층(잠원동, 대능빌딩)",87.998,9630390
8,LDH0104,1,04042,***,(정비) 벨트사포 등 19종구매,물품,LDH,육군종합정비창,202402271300,J4F9C,상일상사,,조용경,07077666240,경상남도 창원시 마산회원구 합포로274 (양덕동) 401호,88.345,15990411
28,LDH0102,1,04041,***,(정비) 반면형호흡보호구 등 12종구매,물품,LDH,육군종합정비창,202402271300,I49E3,주식회사 창원상사,CWC,이은석,0542746100,경상북도 포항시 남구 대해로89-1 (대도동),89.228,23459139
10,LDH0106,1,04039,***,(정비) 가제수입포 등 12종구매,물품,LDH,육군종합정비창,202402271300,I49E3,주식회사 창원상사,CWC,이은석,0542746100,경상북도 포항시 남구 대해로89-1 (대도동),90.034,30233484
5,LDH0109,1,04035,***,(정비) 에어호스 등 58종구매,물품,LDH,육군종합정비창,202402271300,I49E3,주식회사 창원상사,CWC,이은석,0542746100,경상북도 포항시 남구 대해로89-1 (대도동),89.965,19673781
15,LDH0110,1,04034,***,(정비) 실리콘 건 등 25종구매,물품,LDH,육군종합정비창,202402271300,I91F2,지앤와이일렉텍(주),"G&Y Electech Co.,Ltd",김보영,0260911083,서울특별시 구로구 경인로53길15-0 (구로동) 중앙유통단지 가동 3116호,88.336,19371967
22,LDH0101,1,03835,***,24-5차 물류이동장비(2톤 전동화물운반차) 구매,물품,LDH,육군종합정비창,202402271300,H93E9,(주)한국물류로봇,"HAN SUNG ENG Co.,Ltd",황용수,0518322122,부산광역시 강서구 도도본리길68-0 (대저2동),88.186,34590000
5,LGP0025,2,03712,***,24년 TICN 제어장치 전원공급기 외주정비용역,용역,LGP,제1군수지원사령부,202402271100,E5CB7,(주)설텍,SEOLTECH,설창우,0535807400,대구광역시 달서구 성서로324-0 (갈산동),88.638,134679100
47,LFK0010,1,05112,***,24년 공기청정기 필터 구매,물품,LFK,육군종합군수학교,202402271100,BE469,(주)더원필터,derwon filter,조병덕,0319771872,경기도 고양시 일산동구 공릉천로71번길38-9 (사리현동),88.029,30378000
36,LGM0004,2,05361,***,'24년 전기안전관리 위탁 관리 용역(경기),용역,LGM,제11기동사단,202402271100,D63F5,신우전기안전관리 주식회사,"Shinwoo Electric Safety co., Ltd.",김진선,0318455729,경기도 양주시 외미로16-0 (남방동) 102호,88.01,31917990
37,SFJ0003,1,05345,***,24-항-물탱크 청소 용역,용역,SFJ,제2112부대,202402271100,C9420,아주환경방역공사,ajhg co,서유정,0547744297,경상북도 경주시 원화로501-0 (용강동),88.09,3476900
7,LGM0003,2,05301,***,'24년 전기안전관리 위탁 관리 용역(강원),용역,LGM,제11기동사단,202402271100,HC7B4,삼원전기안전관리주식회사,SAMWONJOO,최상식,033-574-4400,강원도 삼척시 마달1길80-0 (마달동),88.031,35000000
36,LGM0004,1,05361,***,'24년 전기안전관리 위탁 관리 용역(경기),용역,LGM,제11기동사단,202402271100,D63F5,신우전기안전관리 주식회사,"Shinwoo Electric Safety co., Ltd.",김진선,0318455729,경기도 양주시 외미로16-0 (남방동) 102호,88.01,31917990
25,MCS0024,1,05324,***,차량관리용품(불스원유막제거제 등 6종) 구매,물품,MCS,국방부계룡대근무지원단,202402271100,I4CBE,아름종합상사,dkfmawhdgkqtkdtk,한선재,0426331395,충청남도 계룡시 새터산길4-0 (금암동)102,88.112,5344665
7,LGM0003,1,05301,***,'24년 전기안전관리 위탁 관리 용역(강원),용역,LGM,제11기동사단,202402271100,HC7B4,삼원전기안전관리주식회사,SAMWONJOO,최상식,033-574-4400,강원도 삼척시 마달1길80-0 (마달동),88.031,35000000
4,MCX0011,2,04118,***,00지역 산업안전 위탁관리 용역,용역,MCX,자운대근무지원연대,202402271100,M7F43,산업안전기술인증본부 주식회사,,윤철환,0427211100,대전광역시 유성구 관들1길23 2층,88.155,10153183
103,MDR0002,1,05098,***,스테레오 위성영상 구매,물품,MDR,제9965부대,202402271100,F36D2,주식회사 알앤지월드,"R&GWorld, Inc.",이정아,07042236282,"서울특별시 광진구 자양로11길4 ,4층",83.113,437880000
21,UMM0093,1,02860,***,(23F018-B) 24년 일반화물 수송용역,용역,UMM,국군재정관리단,202402271100,CF4E0,대신로지스틱스 주식회사,DAISHIN LOGISTICS,양임석,0222014000,"서울특별시 송파구 오금로46길5-0 (가락동, 보성빌딩) 3층",85.826,275377800
180,UMM0081,1,01696,***,(24F033-A) 조경관리용역,용역,UMM,국군재정관리단,202402271100,L45A1,경기조경 주식회사,,김명선,0312424988,"경기도 수원시 팔달구 향교로73, 201호(매산로3가)",88.007,150805630
27,UMM0080,1,01202,***,(24G006-H)24~25년 교환기 유지보수 용역,용역,UMM,국군재정관리단,202402271100,BCBCF,티에스라인시스템 주식회사,TSLine System,최국현,027833660,"서울특별시 영등포구 영신로220-0, 805호, 806호, 403호,1705호(영등포동8가, KnK디지털타워)",78.237,1163293398
2,UMM0076,1,00896,***,(24G019-A) 외진셔틀버스 민간용역(서부권역),용역,UMM,국군재정관리단,202402271100,G4C9C,(주)굿버스 두레관광,GoodBus,이재찬,02-447-0515,경기도 가평군 가평읍 보납로14 2층,90.835,524960000
103,MDR0002,2,05098,***,스테레오 위성영상 구매,물품,MDR,제9965부대,202402271100,F36D2,주식회사 알앤지월드,"R&GWorld, Inc.",이정아,07042236282,"서울특별시 광진구 자양로11길4 ,4층",83.113,437880000
2,LGP0057,1,04745,***,"24년 유조,급수,살수차 외주정비용역(경기,서울,인천)",용역,LGP,제1군수지원사령부,202402271100,K7948,주식회사 경기상용차서비스,,권기종,0318620485,경기도 양주시 칠봉산로251-15 (봉양동),89.412,132745600
3108,HCF0018,1,01664,***,24-H-07 지게차 저울,물품,HCF,공군군수사령부,202402271030,J3DB3,자야,,최춘자,010-3882-8452,"경기도 고양시 덕양구 화신로233 (화정동, 옥빛마을) 1501동807호",87.995,34479000
250,LKP0019,1,05262,***,'24년 1분기 전산운영용품 구매,물품,LKP,5군수지원사령부,202402271030,M5982,단디,,이욱이,01048986359,"대구광역시 북구 팔거천동로34길13, 1층 102호(동천동)",88,20507190
20,HDF0017,1,05237,***,"24-034, 수송대대, 충전세트,밧데리용 1품목",물품,HDF,공군 제8전투비행단,202402271030,HA63B,제이디카시스템,JDcarsystem,이용준,00016004358,강원특별자치도 강릉시 율곡로2500(청량동),88.092,23899710
7,LDG0015,2,04056,***,00부대 양탄교체용 팔레트 제조 계약,물품,LDG,육군 탄약지원사령부,202402271030,DF3AB,(주)전일우드텍,jeonil woodtec,문연실,0635463141,전북특별자치도 김제시 백구면 금백로1162,88.172,42300000
133,LQP0013,3,04633,***,24-1차 안전물자세트 구매,물품,LQP,제1891부대,202402271030,JA489,주식회사 강원토탈기업,,최연호,07047723010,"강원특별자치도 원주시 오성마을길63-25, 상가동 201-248호(단구동)",88.055,41389900
87,MDQ0003,1,04936,***,막대형 들 것 등 5품목 구매,물품,MDQ,국군의무학교,202402271030,H05B9,주식회사 케이제이,kj,김정옥,07044511187,대전광역시 대덕구 대전로1397번안길70-0 (읍내동),95.707,47190000
28,LNT0002,1,05397,***,'24년 전기안전관리 대행용역,용역,LNT,제28보병사단,202402271030,L2B81,(주)한빛전기안전기술단,,양우연,0315427501,"경기도 포천시 소흘읍 죽엽산로230-2, 202호",88.102,46348290
471,SCQ0019,1,05381,***,와이어로프 3종 구매,물품,SCQ,제9911부대,202402271030,L7275,하니유통,,김한희,010-9419-4788,"경기도 남양주시 진접읍 해밀예당1로145, 1524동 202호(반도유보라메이플타운)",88.003,6208966
8,LQP0015,1,05365,***,00부대 전기안전관리 대행용역(2권역)(B002),용역,LQP,제1891부대,202402271030,K732E,주식회사 지앤이엔지니어링,,주재경,0552476970,"경상남도 창원시 마산회원구 내서읍 광려천남로59 , 820호 (경남로봇랜드재단)",88.296,882248
55,SDQ0017,1,05363,***,"정류기, 반도체, 장치용 등 6종 구매",물품,SDQ,해군제2수리창,202402271030,JD62E,하나솔텍,,전영례,070-4255-0057,경기도 평택시 현신3길75 (용이동),88.314,30793816
56,SDQ0018,1,05372,***,배선장치 등 25종 구매,물품,SDQ,해군제2수리창,202402271030,K9A49,수지상사,,최수지,01062487950,경기도 평택시 포승읍 평택항로517,88.002,23560520
7,LGF0001,2,03437,***,24년 드론전술훈련 시뮬레이터 유지보수 용역,용역,LGF,육군정보학교,202402271030,H5D10,클로버픽쳐스,Clover Pictures,박상훈,01087777781,"경기도 고양시 덕양구 꽃마을로36, 411호 (향동동)",88.193,25056603
13,HDT0007,2,04682,***,체력단련장 농약-마스터키 등 11종(근-24-003),물품,HDT,공군작사근무지원단,202402271030,KE46B,씨앤와이(C&Y),,윤선희,01077938443,"경기도 화성시 동탄첨단산업1로27, B동 1631호(영천동, 금강펜테리움 IX타워)",98.142,21560000
49,SDG0005,1,05392,***,24-인-00지역 물탱크 청소용역,용역,SDG,제2002부대,202402271030,AFB0B,주식회사 선진휴먼테크,sunjin,한기남,0325679955,"인천광역시 남구 한나루로563, 2층(주안동)",88.079,24827800
825,SCK0022,1,05382,***,실리카겔 제습제 등 19종 구매,물품,SCK,해군교육사령부,202402271030,HED41,유어스 컴퍼니,UUS COMPANY,이춘복,07088095966,"경기도 고양시 일산서구 중앙로1560, 303-21호 (대화동, 다산스카이빌)",88.001,6534129
56,SDQ0016,1,05357,***,"펌프, 냉각계통, 엔진용 등 44종 구매(21차)",물품,SDQ,해군제2수리창,202402271030,L4BDF,봉화물산,,유승현,010-8181-3657,"경기도 평택시 중앙2로13, 4층 401-F01호 비즈니스센터센텀(평택동, 세텀스카이빌딩)",88.045,69920200
6,SCK0021,1,05360,***,케이캡 50mg 등 60종 구매,물품,SCK,해군교육사령부,202402271030,E21ED,(주)석호약품,Seokho Pharm,조민석,0233944395,"서울특별시 동대문구 천호대로83길84-0 (장안동,일화빌딩 지층)",96.261,6870000
16,LGP0046,2,04302,***,“마”지역 전기안전관리 대행 용역,용역,LGP,제1군수지원사령부,202402271030,I4BD5,효성전기이앤지주식회사,HYOSUNGENG,김도윤,0324722988,"인천광역시 남동구 남동대로728, 501호(구월동)",88.038,4780000
15,LRC0001,1,04808,001,'24년 음식물류 폐기물 수거 및 위탁처리 용역 계약,용역,LRC,제7862부대,202402271030,L14D8,태민환경,,전혜경,01053897169,"경기도 가평군 가평읍 보납로22, 2층 나호",88.03,154.23
43,SCU0020,1,05037,***,압착기 등 139종 구매,물품,SCU,해군 기동함대사령부,202402271030,H8ACE,주식회사우정상사,WooJungSangSa,오지녕,07046512888,"제주특별자치도 제주시 연북로21-0, 에코에비뉴 1609호",88.057,15894200
439,LKH0004,1,05113,***,'24년 안전물자세트 구매,물품,LKH,제6128부대,202402271030,KFCAB,제이엔엠(J&M),,전혜란,010-7194-4942,"경상남도 창원시 진해구 행암로5, 109동 102호(장천동, 창원한신휴플러스오션파크)",88,26319924
6,LKS0025,1,05162,***,무열대체력단련장 카트 배터리 구매,물품,LKS,육군인사사령부,202402271030,A12D8,주식회사 신한교역히타치골프카트한국총판,"SHIN HAN TRADING CO., LTD.",송덕순,0537569300,대구광역시 수성구 국채보상로1087-1 (만촌동),94.791,8851770
411,SCN0034,1,05031,***,타이어 등 142종 구매,물품,SCN,제7001부대,202402271030,IA1EE,한성유통,hansung,이욱한,0262859808,"서울특별시 송파구 송파대로345, 207동 2503호(가락동, 헬리오시티)",87.995,149640237
3,SFN0019,1,04819,***,톤마대 제조 납품,물품,SFN,연평부대,202402271030,F7967,주식회사 엔티코리아,"NT KOREA CO., Ltd",엄점태,0559742882,경상남도 산청군 금서면 친환경로2461-0,88.373,17431370
2407,SFG0024,1,04817,***,UTP케이블 등 12품목 구매,물품,SFG,제9181부대,202402271030,M0227,디에이치케이알,,김동현,01089460161,"경기도 고양시 덕양구 충장로152번길39 (행신동, 햇빛마을) 2011동 303호",87.995,16189101
150,SCP0023,1,05046,***,수육용 돼지고기 등 9종 구매,물품,SCP,제8385부대,202402271030,G21AD,주식회사 해나람,HAENARAM,서제윤,0319438200,경기도 파주시 장명산길174-18 (오도동),83.011,171818490
80,SCP0022,1,05036,***,오렌지 등 14종 구매,물품,SCP,제8385부대,202402271030,LDC14,농업회사법인주식회사대화농산,,최태은,0312168952,경기도 수원시 영통구 법조로25-0 (하동) SK VIEW LAKE A동 3716호,83.014,95336605
411,SCN0034,2,05031,***,타이어 등 142종 구매,물품,SCN,제7001부대,202402271030,IA1EE,한성유통,hansung,이욱한,0262859808,"서울특별시 송파구 송파대로345, 207동 2503호(가락동, 헬리오시티)",87.995,149640237
371,SCF0138,1,05236,***,안테나 등 4품목 구매,물품,SCF,해군군수사령부,202402271030,3236F,삼영이엔씨주식회사,"SAMYUNGENC CO., LTD.",서동훈,0516015519,부산광역시 영도구 상리로 69(동삼동),98.91,202807000
5,SCF0124,1,04646,001,떡볶이떡 구매,물품,SCF,해군군수사령부,202402271030,IF555,류홀마트(합포점),,최정임,055-221-6798,경상남도 창원시 마산합포구 문화동로1-0 (월포동),88.609,2108
418,SCF0135,1,03826,***,(긴급)콘넥트 조인트 등 33종,물품,SCF,해군군수사령부,202402271030,HC427,제일테크,JEILTECH,김문길,0512656997,부산광역시 사하구 다대로613-0 (다대동) 자유마트 220호,89.569,48822600
322,SCF0136,1,02918,***,"필터 엘리먼트,유체용 1종 구매",물품,SCF,해군군수사령부,202402271030,E4B79,가림산업,K.L.CO,정덕희,0514182351,부산광역시 서구 구덕로186번길 15(),83.834,560148500
881,SCF0137,1,02635,***,오링 등 5종 구매,물품,SCF,해군군수사령부,202402271030,B3A6B,(주) 거승이엔씨,guseung,김주완,023334411,서울특별시 마포구 성산로2길 47(),88.001,23660860
317,SCF0144,1,02287,***,회로카드조립체 등 4종 구매,물품,SCF,해군군수사령부,202402271030,L1A70,해리엔터프라이즈,,신창훈,01021353920,"인천광역시 남동구 용천로87번길23, 3102동 802호(구월동, 구월힐스테이트)",87.998,14050000
1393,SCF0143,1,02149,***,"필터 엘리먼트, 유체용 등 1종 구매",물품,SCF,해군군수사령부,202402271030,F4DD3,(주)케이에이치그룹한국역사문화원,(주)KH GROUP,윤석인,07087875001,"서울특별시 마포구 토정로35길11-0 (용강동, 인우빌딩) 5층",87.998,36713287
14,LQG0019,1,05060,***,작계훈련 무기 등 수송 차량 임차(3권역),용역,LQG,육군 52보병사단,202402271030,F1C4B,주식회사 케이지비이엔지,KGBeng,고민희,0325422672,"인천광역시 부평구 새벌로29, 209호 (청천동, 부평테크노타워)",87.791,25491896
14,LQG0018,1,05059,***,작계훈련 무기 등 수송 차량 임차(2권역),용역,LQG,육군 52보병사단,202402271030,F1C4B,주식회사 케이지비이엔지,KGBeng,고민희,0325422672,"인천광역시 부평구 새벌로29, 209호 (청천동, 부평테크노타워)",87.835,27587120
14,LQG0017,1,05058,***,작계훈련 무기 등 수송 차량 임차(1권역),용역,LQG,육군 52보병사단,202402271030,G093A,삼진익스프레스 주식회사,samjinExpress,정세미,0544449924,경상북도 구미시 고아읍 원대로75-44,87.905,23472780
590,LQG0016,1,05054,***,00훈련대 화장실(흡연부스) 관리 청소 용역(서초),용역,LQG,육군 52보병사단,202402271030,K69A8,주식회사 올바른환경,,안형준,025678881,"서울특별시 강남구 논현로523, 비202호(역삼동, 노바빌딩)",93.241,29770364
649,LQG0015,1,04692,***,00훈련대 화장실(흡연부스) 관리 청소 용역(안양),용역,LQG,육군 52보병사단,202402271030,F9DE9,주식회사 하이스,highest,전용기,0314751458,경기도 안산시 단원구 풍전로37-9 (원곡동) 안산전문유통상가 3단지 지원상가 313동202호,88.002,19585260
3,LNG0001,1,01572,***,2024년 예비군 도시락 제조납품,물품,LNG,육군 제1군단,202402271030,KFD5A,주식회사 더찬,,노은경,031-511-1113,경기도 남양주시 진건읍 진건오남로390번길163-2,,639000000
81,LKT0018,1,04674,***,24년 3~4월 부대조달 급식품목(식육가공품) 구매,물품,LKT,제1989부대,202402271030,JAE2A,푸디스트 주식회사,,박정훈,0221742660,서울특별시 용산구 청파로363(서계동),82.996,43880647
128,LKT0017,1,04670,***,24년 3~4월 부대조달 급식품목(빵류) 구매,물품,LKT,제1989부대,202402271030,E9DB3,수민,soomin,장형선,0553254522,경상남도 김해시 율하로270-61 (율하동),82.996,65961000
227,LBA0015,1,05075,***,‘24년 4~6월 부대조달 부식(스팸형 햄) 구매,물품,LBA,제 2167부대,202402271030,M7469,참조은푸드,,김미라,0522455292,"울산광역시 울주군 범서읍 천상6길28-8, 1층((32블럭5롯트) 1층 101호)",83.13,384959000
8,LBA0019,1,05071,***,‘24년 4~6월 부대조달 부식(마카롱 등) 제조/구매,물품,LBA,제 2167부대,202402271030,FB947,동광푸드,DONG KWANG FOOD,이민숙,0334589972,강원특별자치도 철원군 김화읍 외골길33-41(가동),98.516,126151179
40,HCF0021,1,04983,***,빨간 머플러 제조,물품,HCF,공군군수사령부,202402271030,0192F,주식회사 흥선,HEUNGSUNCOLTD,김용기,0314943365,"경기도 안산시 단원구 만해로169번길28, 603블럭 11-1호 (신길동, 반월공단)",88.055,42301330
475,HCF0020,1,02610,***,"24-H-20  세척기, 압력식, 용제-물용",물품,HCF,공군군수사령부,202402271030,M825B,여경,,여경숙,010-7338-1106,"경상북도 포항시 북구 칠성천길40, 4층 -110(죽도동)",97.328,18620000
288,LCJ0013,1,04548,***,(24군책-물품002)파렛트(황색) 구매,물품,LCJ,종합보급창,202402271000,H0FC9,한스테크,HANSTECH,한연숙,01035699326,"서울특별시 강서구 곰달래로245, 2-3호(화곡동)",83.112,58619989
2,HDK0004,1,05040,***,"복지대대, 광성회관 식자재 김치류",물품,HDK,공군제11전투비행단,202402261330,G466A,중원식품,jjung-won,변재섭,053-629-5133,대구광역시 남구 대명서로42-2 (대명동),90.021,46180000
12,HCQ0007,1,05064,***,'24년 병사식당 부식 공급,물품,HCQ,공군제5공중기동비행단,202402261100,K6F38,주식회사 토리미트,,황순기,0519970083,부산광역시 강서구 제도로975-5 (강동동) 2호,88.073,113415000
22,LHM0008,1,05057,***,'24년 축성도구 5개 품목 물품구매 계약의뢰(협조),물품,LHM,제15보병사단,202402261100,JBEFE,드림즈,,박미경,01046792856,"강원특별자치도 화천군 화천읍 옹기점길17-3, 103동 1401호(화천 건영 아모리움)",88.155,20897000
19,LHM0007,1,05038,***,24년 소방시설 종합정밀점검,용역,LHM,제15보병사단,202402261100,J5AB1,주식회사 영동방재,,허창균,0336535119,"강원특별자치도 강릉시 강릉대로406, 2층 (포남동)",88.005,39001000
29,LMP0007,1,05016,***,24년 전기안전관리 업무대행 용역(경기),용역,LMP,제3보병사단,202402261100,CE2FA,대성이앤이(주),daesung e ＆ e,이삼범,0319656680,경기도 고양시 일산동구 무궁화로43-55 성우사카르타워 507호(장항동),88.077,12845398
272,LFK0009,1,04957,***,24년 1분기 교육지원물품 구매,물품,LFK,육군종합군수학교,202402261100,L4A67,박주호,,박주호,010-2721-3180,"대전광역시 서구 신갈마로102-0 (갈마동, 갈마아파트)303-701",88.015,28463581
3,UMM0060,1,04122,***,24-F-로켓용 폭음통 구매(249011-F),물품,UMM,국군재정관리단,202402261100,C2E07,경기화약 주식회사,"KYUNGGI FIREWORS CO.,LTD.",최중태,0313548526,경기도 화성시 팔탄면 푸른들판로770-9,84.803,258999900
3,UMM0064,1,03017,***,24-F-가스탄 등 6종 구매,물품,UMM,국군재정관리단,202402261100,G62B7,영동화공주식회사,young dong pyrotechnics,이광일,0333754542,강원특별자치도 영월군 북면 밤재로985-33,84.435,767482000
156,UMM0073,1,01925,***,24-N-000사 조경관리 용역,용역,UMM,국군재정관리단,202402261100,DB80C,주식회사청정티엠에스,CHUNGJUNGTMS,인창환,029298060,"서울특별시 강북구 월계로21가길41, 상가동 201호, 202호(미아동, 미아한일유앤아이)",87.998,92867102
1,LCG0009,1,02539,***,[24-육-18] C군지사 부대변천사 연구용역,용역,LCG,육군본부,202402261100,M64F5,군수.획득연구소,,조성호,010-8408-5166,"대전광역시 유성구 가정로43-0, 101동 903호 (신성동, 한울아파트)",98.179,18000000
1,LCG0008,1,02538,***,[24-육-17] B군단 부대변천사 연구용역,용역,LCG,육군본부,202402261100,BDC4E,주식회사 디.아이환경,diclean,권택연,031-514-6401,"경기도 남양주시 별내중앙로36-23, 1706호(별내동)",97.398,17880000
2,LCG0007,1,02537,***,[24-육-16] A군단 부대변천사 연구용역,용역,LCG,육군본부,202402261100,IEBD7,주식회사 사이버앤네트워크연구원,,김한욱,027975010,"서울특별시 용산구 이태원로211, 611호(한남동, 한남빌딩 )",95.201,17265000
54,SEE0007,1,04857,***,프리미엄 고광택 포토용지 등 570품목 구매,물품,SEE,제9해병여단,202402261030,H09F7,제이알사이니지(주),jrsignage,공희진,0647552700,제주특별자치도 제주시 중앙로14길21-0 (삼도이동),88.017,78409850
2,LKM0009,1,05099,***,24년 병력동원소집훈련 수송차량 임차,용역,LKM,제2632부대,202402261030,C9E75,(유)현대고속관광,HYUNDAITOURIST,조점익,0632416677,전북특별자치도 완주군 용진면 봉서로 42(),90.344,22366000
19,SFD0015,1,04308,***,방화도구함등   2품목 제조 납품(직접생산 제품),물품,SFD,제9227부대,202402261030,I12CD,주성엠에스,jusung m/s,이선호,01054936260,"경기도 파주시 파주읍 봉암길223, 1동",88.232,19452200
267,LHD0002,1,04913,***,렌탈프린터 임차용역(X003),용역,LHD,제21보병사단,202402261030,M53B4,해컴퍼니,,임은혜,07088080767,강원특별자치도 동해시 일출로10-0 (발한동) 3층304호,88.015,71279000
5734,LQP0014,1,04652,***,24년 산불진화 개인보호물자 세트 구매,물품,LQP,제1891부대,202402261030,M4D4B,난조아,,노슬기,010-3366-7671,"대구광역시 북구 내곡로89-0 (사수동, 브라운스톤 강북) 306-601",88,29676745
5734,LQP0014,2,04652,***,24년 산불진화 개인보호물자 세트 구매,물품,LQP,제1891부대,202402261030,M4D4B,난조아,,노슬기,010-3366-7671,"대구광역시 북구 내곡로89-0 (사수동, 브라운스톤 강북) 306-601",88,29676745
30,LNQ0007,1,04974,***,전기안전관리 대행 용역(경기),용역,LNQ,제17보병사단,202402261030,L2B81,(주)한빛전기안전기술단,,양우연,0315427501,"경기도 포천시 소흘읍 죽엽산로230-2, 202호",88.006,14030260
8,LNQ0006,1,04973,***,전기안전관리 대행 용역(인천),용역,LNQ,제17보병사단,202402261030,IAF30,주식회사 드림파워이앤씨,dream-power E&C,이진희,0324738256,"인천광역시 남동구 장승로38, 3층 (만수동)",88.031,37092462
3,SCN0033,1,04977,***,의무물자(HeartStart FRX 등 6종) 구매,물품,SCN,제7001부대,202402261030,K0CAA,효성메디,,이은상,070-8098-8719,경기도 고양시 일산동구 중산로252-0 (중산동) 606호,88.061,1624720
17,SFD0014,1,04292,***,권총보관함등 6종 제조 납품(직접생산 제품),물품,SFD,제9227부대,202402261030,IF9EA,주식회사 가경이앤씨,"GagyoungE&C Co., Ltd",곽은경,0535810131,대구광역시 달성군 구지면 달성2차동1로195,88.264,51395760
128,SCI0013,1,04963,***,LED 꼬마전구 등 76종 구매,물품,SCI,제9121부대,202402261030,C262C,대인종합상사,,이용재,010-5566-5658,경상남도 창원시 진해구 여명로 52(),88.024,12056940
2,LGQ0005,1,04955,***,'24년~26년 식기세척기 임차 용역 계약,용역,LGQ,제36보병사단,202402261030,GE8BC,주식회사 건웅시스템(kunwoong Inc.),kunwoong Inc.,오덕수,070-5165-7800,강원특별자치도 원주시 장전길66 (태장동),88.691,82710320
476,LPF0025,1,04951,***,24년 병영식당 청소관리 용역,용역,LPF,제51보병사단,202402261030,LA521,송림티에스씨,,황순정,031-362-5498,"경기도 평택시 고덕면 고덕북로223 , 204a호(대현빌딩)",88,36212770
2,HCG0001,1,02124,***,'24년 호국 인물 영상물 제작용역,용역,HCG,공군본부,202402231400,D8D03,주식회사 단군픽쳐스,,조상환,027146320,"서울특별시 강서구 금낭화로51, 3층(방화동)",71.535,14000000
3,LCF0004,1,02647,***,컨테이너 물류체계 구축 소요판단 정책 연구과제 용역,용역,LCF,육군군수사령부,202402231400,C693D,(사)21세기군사연구소,Korea Research Institute of Military Affairs,김진욱,028423105,"서울특별시 금천구 가산디지털2로184, 10층 1017호(가산동, 벽산디지털밸리2차)",,35275830
3,LCF0004,2,02647,***,컨테이너 물류체계 구축 소요판단 정책 연구과제 용역,용역,LCF,육군군수사령부,202402231400,C693D,(사)21세기군사연구소,Korea Research Institute of Military Affairs,김진욱,028423105,"서울특별시 금천구 가산디지털2로184, 10층 1017호(가산동, 벽산디지털밸리2차)",,35275830
5958,LDH0117,1,04813,***,24-1차 전산소모품 구매,물품,LDH,육군종합정비창,202402231330,K182F,케이앤즈,,강선미,01031985137,"서울특별시 은평구 서오릉로267, 7층 701호 (구산동, 세영아파트)",88,42681300
4,LDH0092,1,03719,***,통신장비 인덕터 등 6종 구매,물품,LDH,육군종합정비창,202402231300,I91F2,지앤와이일렉텍(주),"G&Y Electech Co.,Ltd",김보영,0260911083,서울특별시 구로구 경인로53길15-0 (구로동) 중앙유통단지 가동 3116호,98.835,4158630
3,LDH0089,1,03729,***,통신장비 제어장치 등 7종 구매,물품,LDH,육군종합정비창,202402231300,I91F2,지앤와이일렉텍(주),"G&Y Electech Co.,Ltd",김보영,0260911083,서울특별시 구로구 경인로53길15-0 (구로동) 중앙유통단지 가동 3116호,99.222,4588330
773,LKP0015,1,04812,***,'24년 오성마을 계단청소 용역,용역,LKP,5군수지원사령부,202402231130,C08F7,주식회사 광림티엠에스,kwanglim tms.co.ltd,박상만,0544567412,경상북도 구미시 신시로10길 66(송정동),88,15550587
2,MCD0003,1,03042,***,2024년 국방부 독서통신교육 위탁운영,용역,MCD,국방부(운영지원과),202402231100,J59A0,주식회사 와이즈로,,조석희,0221068877,"서울특별시 금천구 디지털로9길32, 비동 18층 1801호(가산동, 갑을그레이트밸리)",,74910000
43,HCC0011,1,04570,***,파이프 금속제 등 7품목(017),물품,HCC,해군제1수리창,202402231100,IB0EB,서주통상,seoju,최영자,010-5433-8836,강원특별자치도 동해시 지양길80-2 (지흥동),88.081,27120600
38,MCS0022,1,04818,***,(지구병원-006) 의약품 5차 13종 구매,물품,MCS,국방부계룡대근무지원단,202402231100,K0FFA,베스트팜,,이금상,042-584-5010,"충청남도 논산시 중앙로398번길4-8 (취암동), 1층",88.054,14477990
5,LHM0005,1,04850,***,"24년 군장품(명찰, 계급장) 부착 계약",물품,LHM,제15보병사단,202402231100,LBC74,고양체육사,,박선주,031-975-2554,강원특별자치도 철원군 서면 자등로583-1,88.203,28653600
14,UMM0072,1,04376,***,(23F038-B)24년 음식물류 폐기물처리용역,용역,UMM,국군재정관리단,202402231100,J3C56,농업회사법인 주식회사 골드바이오텍,,김영학,01052670719,경기도 포천시 창수면 창동로161번길62,84.249,107442810
30,UMM0063,1,03185,***,24-N-체력단련장 농약  구매(248020-F),물품,UMM,국군재정관리단,202402231100,L5BD5,주식회사 누보이엔지,,윤동혁,07052282505,경기도 용인시 처인구 모현읍 초부로24,88.01,87315810
17,UMM0067,1,03172,***,(246043-C) 인양기 성능시험장비 제조,물품,UMM,국군재정관리단,202402231100,BD75F,에이치시스템 주식회사,,강명희,0417361551,충청남도 공주시 송선농공단지길46(송선동),88.083,63194000
5008,UMM0062,1,02899,***,(246025-F) 교육재료 소모품  구매,물품,UMM,국군재정관리단,202402231100,EAF94,한국칠판교구,KOREABOARD,이정민,01032174011,경기도 양주시 칠봉산로227번길33 (봉양동),87.995,110260300
3384,UMM0065,1,02220,***,(246026-C) 폴리에스터 멀티로프 3종 구매,물품,UMM,국군재정관리단,202402231100,J98EA,(주)엑시토인터내셔널,,이문희,0613738025,"전라남도 화순군 화순읍 자치샘로25, 304호",87.995,144753440
16,UMM0069,1,01613,***,(24F015-I)24년 탄약수송 용역,용역,UMM,국군재정관리단,202402231100,CF4E0,대신로지스틱스 주식회사,DAISHIN LOGISTICS,양임석,0222014000,"서울특별시 송파구 오금로46길5-0 (가락동, 보성빌딩) 3층",83.005,615784046
188,MDG0019,1,03325,***,24년 의무장비(멀티메타계수형 등 2품목) 구매,물품,MDG,국군의무사령부,202402231100,E5067,동명상사,Dongmyung Trading Co.,김명희,0314533907,"경기도 군포시 금산로13, 4층 오피스밸리 485호",94.505,7052000
645,MDG0021,1,03324,***,24년 의무장비(냉장고 혈액은행용 대형) 구매,물품,MDG,국군의무사령부,202402231100,L4A50,디엔지유통,,조창현,01096801253,"경기도 동두천시 생연로28, 306동 203호(지행동, 부영아파트)",88.546,9523870
173,MDG0022,1,03323,***,24년 의무장비(5가지 기능점검기) 구매,물품,MDG,국군의무사령부,202402231100,L9D1B,주식회사 에스엠플래닛,,조현선,05056887272,"경기도 성남시 수정구 창업로43-0 (시흥동)1층, 글로벌비즈니스센터",92.095,11900000
10,MDG0020,1,03322,***,24년 의무장비(슬라이드가온기) 구매,물품,MDG,국군의무사령부,202402231100,E5067,동명상사,Dongmyung Trading Co.,김명희,0314533907,"경기도 군포시 금산로13, 4층 오피스밸리 485호",99.634,1346000
2,MCD0004,1,03054,***,2024년 국방부 전화화상 외국어 위탁운영,용역,MCD,국방부(운영지원과),202402231100,H71E8,브랜트에듀,Brentedu,최미경,028712153,"서울특별시 서초구 서초중앙로22길113 , 201호",,74448000
13,LIK0010,1,04329,***,'24-1차 일반폐기물 위탁처리 용역,용역,LIK,제2군수지원여단,202402231030,KB262,주식회사율곡자원개발,,김지헌,0336533867,강원특별자치도 강릉시 강변로534번길69-0 (입암동),84.283,134341000
4,LNQ0004,1,04839,***,전반기 1차 작계훈련 무기수송 차량 임차 용역,용역,LNQ,제17보병사단,202402231030,G3CAF,에스앤지 주식회사,SNG Co,유은상,0318422484,"경기도 남양주시 별내면 용암도감말길7-49,2층",95.189,64757812
9,SCQ0018,1,04762,***,24-평 폐기물(폐합성수지재활용) 처리 용역,용역,SCQ,제9911부대,202402231030,M2A74,주식회사 도송에너지,,이현숙,0316520099,경기도 안성시 원곡면 지문로84-91,88.06,33313610
4,SCQ0017,1,04761,***,24-평 폐기물(폐합성수지 소각) 처리 용역,용역,SCQ,제9911부대,202402231030,B3776,비노텍(주),vinotec,이정식,0314915000,경기도 안산시 원시동836-9,88.265,23412360
158,SFD0013,1,04755,***,공병지원물품(PE소켓등 282품목) 구매 납품,물품,SFD,제9227부대,202402231030,LE9C8,주식회사 블루엘,,차다얼,01091146862,경상북도 포항시 북구 법원로116번길42(장성동),88,73555308
6,HDF0015,1,04710,***,"24-008, 항공의무대대, 엑스선기 치과용 등 2품목",물품,HDF,공군 제8전투비행단,202402231030,I9DD8,건호상사,gunho,박종호,01033619654,강원특별자치도 강릉시 강동면 풍호안길65-0,88.021,48066770
1470,LMH0005,1,04802,***,24-1차 전산운영용품 구매(C016),물품,LMH,제7군단,202402231030,KEC16,한걸음더,,곽창헌,01052406041,"경기도 성남시 분당구 동판교로123 (백현동, 판교 푸르지오그랑블) 105-1001",88,14323330
37,SCU0019,1,04798,***,아모잘탄정 등 126종 구매,물품,SCU,해군 기동함대사령부,202402231030,G8429,삼성팜,sam sung pharm,이혜란,0538123550,경상북도 경산시 경안로14길2-0 (신교동),88.008,27805620
46,SCU0018,1,04780,***,포장용 테이프 등 183종 구매,물품,SCU,해군 기동함대사령부,202402231030,M5339,승광스토어,,정재배,07047096564,"제주특별자치도 제주시 우도면 우도로64-0 ,  203호",88.003,9371480
2,LMR0010,1,04811,***,24년 예비군 작계훈련 무기 및 물자 수송 차량 임차,용역,LMR,제5군단사령부,202402231030,BCA75,태산솔루션,tasanexpress,이승호,028926666,"경기도 광명시 오리로923, 1층(광명동, 대성빌딩)",88.612,22000000
165,SFD0012,1,04736,***,재난안전물품(등짐펌프등 15품목) 구매 납품,물품,SFD,제9227부대,202402231030,KA462,미정컴퍼니,,손태옥,07040421380,"경상북도 포항시 북구 장량중앙로33 (양덕동, 한양 수자인)206/901",88.017,59242059
80,HDF0016,1,04732,***,"24-011, 항공의무대대, 초음파 진단기 등 2품목",물품,HDF,공군 제8전투비행단,202402231030,GCD7B,주식회사 가람,garam,최욱,0332438204,강원특별자치도 춘천시 동면 가산로41,88.022,50214150
6,LKS0024,1,04671,***,'24년 모범장병 나라사랑 투어 수송버스 임차용역,용역,LKS,육군인사사령부,202402231030,CB1E1,주식회사 뉴평화관광여행사,NEW PYUNGHWA TRAVEL.CO.LTD,조미현,0534222213,"대구광역시 중구 태평로180, 201호(태평로1가) 세화빌딩 2층",88.113,43463480
73,MCS0023,1,04847,***,24-27 공기청정기 임차용역,용역,MCS,국방부계룡대근무지원단,202402231030,M4752,주식회사 대명알앤에스,,오정복,0326721665,경기도 김포시 대곶면 대명항로223-3,88.003,20175671
391,SFG0025,1,04841,***,24-K-잠수훈련장 시설관리 용역,용역,SFG,제9181부대,202402231030,L0276,해오름마리나 주식회사,,김주은,0314951173,"경기도 고양시 일산동구 중앙로1192, 602호(마두동)",88.004,40332930
6,MDJ0003,1,04159,***,24년 의료폐기물 처리용역,용역,MDJ,국군대전병원,202402231030,M43F3,주식회사 에너지로직스중부,,양승한,0417515542,충청남도 금산군 복수면 수영길20,87.765,47683000
2468,SFG0023,1,04066,***,권총보관함 등 9품목 구매,물품,SFG,제9181부대,202402231030,I3F3F,알에프코리아주식회사,"Young eun Corporation Co.,Ltd.",박채령,0313039504,"경기도 용인시 처인구 남사읍 처인성로185번길31 , 2층 201호",87.996,42883000
1117,SFG0021,1,04064,***,연료필터 카트리지 등 91품목 구매(수리부속),물품,SFG,제9181부대,202402231030,L84B5,은빈코퍼레이션,,윤은빈,01073309012,인천광역시 계양구 오조산로89번길6-0 (용종동) 3층 301호,87.995,14957064
2500,SFG0020,1,04062,***,주름관 등 157품목 구매,물품,SFG,제9181부대,202402231030,LE35D,수호천사,,이동현,01056109369,"경기도 김포시 걸포2로74-0 (걸포동, 한강메트로자이2단지)220동 201호",87.995,87728592
6,MDJ0003,2,04159,***,24년 의료폐기물 처리용역,용역,MDJ,국군대전병원,202402231030,M43F3,주식회사 에너지로직스중부,,양승한,0417515542,충청남도 금산군 복수면 수영길20,87.765,47683000
2,LIK0011,1,04349,***,'24-1차 지정폐기물 위탁처리 용역 (수정),용역,LIK,제2군수지원여단,202402231030,EE5C4,(주)케이에스에너지,KSENERGY,김광수,0313171674,경기도 화성시 정남면 내향로240-55 (주)케이에스에너지,85.009,147627030
33,HCC0009,1,04543,***,플로터용지 등 39품목(기품과1호~4호),물품,HCC,해군제1수리창,202402221400,M53B4,해컴퍼니,,임은혜,07088080767,강원특별자치도 동해시 일출로10-0 (발한동) 3층304호,88.199,14772730
14,LDH0099,1,04547,***,24년 00부대 기계설비 성능점검용역,용역,LDH,육군종합정비창,202402221330,EFD36,경상엔지니어링,KYUNGSANG ENGINEERING,조재홍,0552636119,"경상남도 창원시 성산구 삼동로128번길85 (내동, 엑스포상가 307호)",88.375,104813667
4,LDH0048,2,02167,***,"K77지휘차 기어,나선형 구매",물품,LDH,육군종합정비창,202402221300,FACEA,정원사,jungwonsa,최정현,010-4631-1045,"경상남도 창원시 성산구 창원대로780번길23-0 (외동, 두산아파트) 505호",88.404,1885000
281,SCF0123,1,04522,***,직결식마스크 등 292종 구매,물품,SCF,해군군수사령부,202402221300,L2A17,보티드코리아,,김지유,010-6862-3247,"경상남도 창원시 의창구 중동로33, 201동 1403호(중동, 창원중동유니시티2단지)",88.322,23109532
7,LDH0085,1,03359,***,24-1차 정비용 장비 부품 구매,물품,LDH,육군종합정비창,202402221300,F3E58,신동하이텍,shindonghitec,이동열,055-251-0253,경상남도 창원시 마산회원구 봉암공단2길22-5 (봉암동),88.283,40727910
12,UMM0817,2,67901,***,24-F-오ㆍ폐수 처리시설 관리용역,용역,UMM,국군재정관리단,202402221100,A0ECB,(주)영동엔지니어링,"Young Dong Engineering Co., Ltd.",김억조,0513169212,"부산광역시 사상구 백양대로907번길25 (모라동), 2층",87.771,162408140
48,SCG0008,1,02936,***,’24년 컬러프린터 임차 용역,용역,SCG,해군본부,202402221100,K4921,플로르,,박세영,07081225511,충청남도 계룡시 엄사면 계백로3051-0 (블루힐스) 105동 903호,88.081,16145230
5,MCX0016,1,04575,***,생도증식(가지 등 301종) 구매,물품,MCX,자운대근무지원연대,202402221100,DFA97,다해푸드,dahae.food,김기숙,0425876667,대전광역시 유성구 반석서로19번길35-0 (지족동),88.133,58752490
11,HCC0010,1,04554,***,기술품질과 도서구매(1분기),물품,HCC,해군제1수리창,202402221100,FA82A,오피스상사,office corporation,김장호,033-532-9865,강원도 동해시 발한천길12-1 (발한동),90.066,1311829
5,MCX0013,1,04413,***,돈육(대패삼겹살 등 122종) 구매,물품,MCX,자운대근무지원연대,202402221100,LCF43,선진유통,,오승임,0426226897,대전광역시 대덕구 동춘당로52번길14-0 (송촌동) 1층,89.425,58769720
43,HCC0003,1,04390,***,복사지 등 344품목,물품,HCC,해군제1수리창,202402221100,G409E,대광종합상사,DAGANG JUNGHAB SANGSA,김유람,0336539838,"강원특별자치도 동해시 망상길45, 1동 (망상동)",88.823,5607800
38,HCC0007,1,04412,***,램프 등 22품목(008/001/012/021/023),물품,HCC,해군제1수리창,202402221100,IA368,가진테크,GAJIN-TECH,서진수,010-6417-8010,강원특별자치도 동해시 지양길80-2 (지흥동)202호,88.017,7634300
37,HCC0006,1,04407,***,회로카드조립체 구매(019),물품,HCC,해군제1수리창,202402221100,IA6FF,전승 종합상사,junseung,유수현,07088513657,강원특별자치도 동해시 발한로267 (발한동) 104호,88.078,7824700
39,HCC0005,1,04404,***,"센서,압력측정용 등 2품목(010/016)",물품,HCC,해군제1수리창,202402221100,K63E8,준컴퍼니,,이은서,07047890055,강원특별자치도 동해시 동해대로5464-0 (평릉동) 2층 203-51호,88.027,15112656
37,HCC0004,1,04401,***,와이퍼조립체 등 9품목(009/018/022),물품,HCC,해군제1수리창,202402221100,C34B4,영동상사,yong dong sang sa,오민규,033-535-4411,강원도 동해시 중앙로174-0 (천곡동),88,9847600
29,UMM0051,1,03830,***,24-N-의약품 139종 구매,물품,UMM,국군재정관리단,202402221100,A4BD0,서창약품(주),SEOCHANG PHARM,조명호,0222159901,"서울특별시 동대문구 장한로2길 70(문수빌딩 1,2층)",83.256,314673870
42,UMM0059,1,03676,***,(24G007-H)24~25년 국방전화번호검색체계통합유지보수,용역,UMM,국군재정관리단,202402221100,C64AB,주식회사 대한엔지니어링,DAEHAN,김정완,0616622888,전라남도 여수시 봉계대곡길31 (봉계동),87.774,178114064
730,UMM0058,1,02623,***,24-D-고해상도평판스캐너 구매,물품,UMM,국군재정관리단,202402221100,F1280,주식회사 모든통상,modentrade,최광용,07073531610,"서울특별시 구로구 가마산로232 (구로동, 스페스큐브)",98.62,150788000
37,UMM0053,1,01824,***,24-F-체력단련장 농약 44종 구매,물품,UMM,국군재정관리단,202402221100,B7191,동서조경건설 주식회사,Dong su jo keung.co.ltd,김현숙,01035135768,"경기도 파주시 월롱면 아동로151, 102호",88.306,142327795
98,MFK0003,1,03945,***,교육훈련용 물품 구매,물품,MFK,제9912부대,202402221100,H8DED,주식회사 대화포장산업,daehwa packaging industry,문종우,031-366-5595,"경기도 화성시 팔탄면 시청로943, 102호",96.119,41700000
103,LGP0049,1,03385,001,24-2차 식자재 다수품목 단가계약(경기 남부),물품,LGP,제1군수지원사령부,202402221100,LE254,(주)현대그린푸드,,박홍진,0315252195,"경기도 용인시 수지구 문인로30-0 (동천동, 현대그린푸드)",83.031,1507415
97,LGP0050,1,03384,001,24-2차 식자재 다수품목 단가계약(경기 서부),물품,LGP,제1군수지원사령부,202402221100,0320F,대상주식회사,DAESANG,임정배,0222209500,서울특별시 종로구 창경궁로120 (인의동) 종로플레이스 4층,83.005,1486677
30,HDT0006,1,04261,***,'24년 병사식당 브런치 및 자율운영부식 계약,물품,HDT,공군작사근무지원단,202402221100,D3B5E,미가온,MIGAON,변정순,0319438200,경기도 파주시 장명산길174-20 (오도동),88.097,173418490
2,HCF0016,1,02328,***,항공기용 접착제 등 17종,물품,HCF,공군군수사령부,202402221030,H3C69,에스피 에어로,SP AERO,조승우,07041334559,경상남도 진주시 정촌면 연꽃로145번길40-22,89.157,94840000
99,LKT0014,1,04576,***,24년 훈련장 방제용역,용역,LKT,제1989부대,202402221030,D9C05,주식회사 코리아시설물종합관리,LTD.korea,류근호,0617232501,전라남도 순천시 유동1길19-12 (조례동),88,25388640
55,HDF0014,1,04552,***,"24-035, 작전지원과, 염화칼슘",물품,HDF,공군 제8전투비행단,202402221030,LCE3A,원주키즈급식센터,,구자영,0337487001,강원특별자치도 원주시 송림길48-13 (단구동) 가동 1층,88.008,9999334
131,LCJ0012,1,04553,***,(24군책-물품003)자동결속기 구매,물품,LCJ,종합보급창,202402221030,AC13C,그린종합사무기,greeninfo,임근우,0432777000,충청북도 청주시 서원구 남이면 남석로326,88.001,11855724
2809,SCQ0016,1,04534,***,앵커체인 등 3종 구매,물품,SCQ,제9911부대,202402221030,H6951,세븐엠제이,sevenmj,맹지연,01084090126,"서울특별시 강북구 도봉로76가길15, 101동 206호(미아동, 이너스내안에아파트)",88,72402684
48,LHR0009,1,04507,***,24년 예비군 훈련대 청소 용역,용역,LHR,육군 제37보병사단,202402221030,D43CC,(주)일신테크,,신승춘,0438523351,충청북도 충주시 절골길44(용탄동),88.029,32666281
795,LFA0003,1,04492,***,24년 렌탈프린터 임차용역,용역,LFA,제2신속대응사단,202402221030,IB2D0,나니랜드,Nani Land,민채원,01073700730,경기도 성남시 수정구 시민로241번길28-7 (태평동),88,11597680
146,SCQ0015,1,04487,***,24-평 00단련장 방제관리 용역,용역,SCQ,제9911부대,202402221030,KAAA0,다옴협동조합,,백승미,010-2528-8782,경기도 수원시 장안구 영화로26번길21-0 (영화동) 202호,88.019,2238220
2066,LNM0004,1,04406,***,24년 전투장구류(헬멧 클린소독기) 구매 계약,물품,LNM,제5181부대,202402221030,L7450,동해유통,,최승종,01062487950,"경기도 평택시 안중읍 안현로서6길10, 403-디3호(대원빌딩)",88.013,42801600
131,SFD0011,1,04561,***,탄약정비안전물품(탄약실셈기등 49품목)구매 납품,물품,SFD,제9227부대,202402221030,J6037,하우웰,,이정선,0542832563,경상북도 포항시 남구 연일읍 연일로199번길4-23,88.028,73821678
184,LGD0001,1,04469,***,24년 1분기 교육물품 구매,물품,LGD,육군종합행정학교,202402221030,M711D,비오스SH,,박선화,07088040077,"충청북도 청주시 청원구 율중로7번길77, 906동 1401호(율량동, 청주율량2 LH9단지아파트)",88.002,15393757
21,LKS0023,1,04384,***,특별진급 결정서 표지 등 2종 제조 납품,물품,LKS,육군인사사령부,202402221030,IE1B7,일신인쇄사,,안미나,044-865-6863,"세종특별자치시  조치원읍 조치원4길168, 상가동 1층 103호",88.083,7520000
74,LBB0008,2,04282,001,'24-2차 민수용 작전식량 구매,물품,LBB,육군제7789부대,202402221030,L68AF,삼일앨엔에스,,손용익,01024502789,"경기도 안양시 동안구 관악대로249번길11, 2층 201호 (비산동)",83.073,4151.09
74,LBB0008,1,04282,001,'24-2차 민수용 작전식량 구매,물품,LBB,육군제7789부대,202402221030,L68AF,삼일앨엔에스,,손용익,01024502789,"경기도 안양시 동안구 관악대로249번길11, 2층 201호 (비산동)",83.073,4151.09
67,SFN0017,1,04510,***,수도꼭지 등 244종 구매 납품,물품,SFN,연평부대,202402221030,L0855,르미컴퍼니,,오아름,01051827718,"인천광역시 미추홀구 주승로97-1, 2층(주안동)",88.009,30565810
113,SFN0016,1,04484,***,튜브형 PE롤비닐 등 408종 구매 납품,물품,SFN,연평부대,202402221030,KD6C4,비와이컴퍼니(BY COMPANY),,윤보연,01094612572,"인천광역시 미추홀구 경원대로875번길48, (주안동) 퍼스트팰리스 602호",87.998,156291070
11,SFN0015,1,03483,***,24-Y-김치류 제조 납품,물품,SFN,연평부대,202402221030,3577F,농업회사법인 한백냉장식품 주식회사,"hanback catering service co.,ltd",김정희,0314992050,경기도 안산시 단원구 시화로109-0 (성곡동),88.038,296816698
65,SFN0011,1,03465,***,24-Y-개선식 구매 납품,물품,SFN,연평부대,202402221030,E3EDC,주식회사 대흥푸드,"DAE HUNG FOOD Co.,Ltd.",정점례,0327155785,인천광역시 서구 검단로93번길9(오류동),88.058,148888170
176,SFN0010,1,03463,***,24-Y-기호식품 구매 납품,물품,SFN,연평부대,202402221030,F15BF,큐엔씨(주),QNC,신우철,0314020088,"경기도 안산시 단원구 선이로14, 1층(선부동, 안산제일종합시장내 1층)",83,701148642
170,SFN0009,1,03459,***,24-Y-두채류 구매 납품,물품,SFN,연평부대,202402221030,B9B22,주식회사 천일,Chunil  Co.,이민자,0318712624,"경기도 고양시 일산서구 대산로213-0  302호 (대화동,중앙프라자)",83.007,231851779
178,SFN0008,1,03456,***,24-Y-가공식품(부대) 구매 납품,물품,SFN,연평부대,202402221030,JAE2A,푸디스트 주식회사,,박정훈,0221742660,서울특별시 용산구 청파로363(서계동),82.997,651320134
97,SFH0030,1,04520,***,24-B-소규모 급수시설 유지관리용역(도서지역),용역,SFH,제9196부대,202402221030,A6415,알파건설(주),Alpha,박현심,0328514773,"인천광역시 연수구 능허대로136, 1층(옥련동, kt송도지사)",87.806,189164780
223,SCP0021,1,04562,***,배맛음료 등 142종 구매,물품,SCP,제8385부대,202402221030,JF1B1,주식회사 에스엘상사,,송영각,0425511580,"충청남도 계룡시 서금암3길5, 925호(금암동, 쉐리움오피스텔)",83.006,820279855
254,SCF0120,1,02932,***,플라스틱판 등 2종 구매,물품,SCF,해군군수사령부,202402221030,L3038,주식회사강원,,김동국,07070792933,"서울특별시 강서구 공항대로45가길11-0 (등촌동, 강서메트로칸), 4층 423호",99.463,5473000
774,SCF0121,1,02617,***,"랜턴,전기식 2종 구매",물품,SCF,해군군수사령부,202402221030,KB0C5,해솔,,김수봉,07042595378,"경기도 포천시 소흘읍 호국로717, 301호",87.995,153955200
431,SCF0122,1,02333,***,샤워기 헤드 등 5품목 구매,물품,SCF,해군군수사령부,202402221030,K8BB7,영해산업,,김창수,07078930167,"부산광역시 북구 화명신도시로39, 703동 2502호(화명동, 대림쌍용강변타운)",87.997,5300600
84,MDS0002,1,04505,***,703체계 수리부속(TRU) 구매,물품,MDS,제3707부대,202402221030,K50BB,주식회사 칼라투,,김동국,07070792933,"경기도 고양시 덕양구 중앙로558번길16-16, 308-A호(행신동, 능곡종합프라자)",99.609,58593000
74,LBB0008,3,04282,001,'24-2차 민수용 작전식량 구매,물품,LBB,육군제7789부대,202402221030,L68AF,삼일앨엔에스,,손용익,01024502789,"경기도 안양시 동안구 관악대로249번길11, 2층 201호 (비산동)",83.073,4151.09
6,HCF0014,1,04242,***,손톱깎이 제조,물품,HCF,공군군수사령부,202402221030,D901B,로얄금속공업(주),Royal metal. Corp,정갑선,0323463738,인천광역시 서구 백범로701번길1-0 (가좌동),98.768,42828220
5,LKF0001,2,00403,***,'24년 예비군 도시락 제조납품(1권역),물품,LKF,제6755부대,202402220900,G3C8B,주식회사 경북캐터링,Gyung buk Food Service System Co.Ltd,김말예,0539630006,대구광역시 동구 반야월북로2길10-0 (율암동),,586960000
5,LKF0003,2,00405,***,'24년 예비군 도시락 제조납품(3권역),물품,LKF,제6755부대,202402220900,EAE89,(주)캠퍼스,campus,박근형,0535530071,대구광역시 서구 와룡로90길 8-9(),,621048000
5,LKF0002,2,00404,***,'24년 예비군 도시락 제조납품(2권역),물품,LKF,제6755부대,202402220900,FF950,청구도시락,cgdosirak,권오섭,0532148000,대구광역시 수성구 희망로142-0 (중동),,629008000
12,MFL0003,1,04470,***,24년 워게임망 SW 구매,물품,MFL,합동참모본부,202402211500,M1494,주식회사 원아이티엠,,김훈,027470607,서울특별시 구로구 디지털로34길27 (구로동) 대륭포스트타워3차 1303호,88.045,42990200
8,LDI0001,1,04173,001,음식물쓰레기 수거 및 위탁처리 용역(단가제),용역,LDI,육군 1군 102기갑여단,202402211330,G51F9,아라환경,ara naturao recycie,이석재,0334354471,강원특별자치도 홍천군 홍천읍 영서로1981-0,88.228,183.26
35,LGP0045,1,04307,***,“다”지역 전기안전관리 대행 용역,용역,LGP,제1군수지원사령부,202402211330,CE373,한빛전기안전(주),,박상봉,031-384-9322,"경기도 안양시 동안구 평촌대로 117, 맵시프라자 3층 303-2호(호계동)",88.058,15524400
2,LDH0074,1,03024,***,"세척기, 로드휠 외주정비 용역",용역,LDH,육군종합정비창,202402211300,IF538,지티티산업,,정윤우,0552761346,경상남도 창원시 성산구 공단로474번길86 (상복동) 산업기계 재제조 지원센터 305호,99.006,44611560
5,LDH0082,1,03675,***,(자재) 정비용철재 환봉 등 13종 구매,물품,LDH,육군종합정비창,202402211300,E6419,주식회사 우경엔텍,"WOO KYUNG METAL CO.,LTD",박순성,0513132340,부산광역시 사상구 학감대로177번길19(학장동),88.457,4796000
6,LDH0073,1,03026,***,레이저가공기 외주정비 용역,용역,LDH,육군종합정비창,202402211300,M2E84,동창원산업(주),,정창,0553459455,경상남도 의령군 용덕면 의합대로123-7,88.156,44672690
34,LGP0041,1,03857,***,“라”지역 전기안전관리 대행 용역,용역,LGP,제1군수지원사령부,202402211115,A5F5D,(주)한국전기,hankook,김소희,0312620471,"경기도 용인시 수지구 고기로203-0 (동천동, 한국빌딩)",88.188,30435100
2,LCF0009,1,01691,***,"포장재료, 방수, 가요성 1품목 제조(물자)",물품,LCF,육군군수사령부,202402211100,M5FF0,유아이엘,,유승덕,032-677-6161,경기도 부천시 오정로130-0 (삼정동),90.432,10460097
50,HDP0010,1,04409,***,(24-용역-10) 24년 은성 작은도서관 위탁 용역,용역,HDP,공군제19전투비행단,202402211100,M367D,주식회사 선진지방자치연수원,,박동명,01075795959,"충청북도 청주시 서원구 경신로43, 2층(개신동, 개신동우체국)",88.25,22887200
102,HDL0007,1,04405,***,24년 영내관사 및 간부숙소 청소용역,용역,HDL,공군제16전투비행단,202402211100,B94E9,(주)공신,(INC)GongSin,정윤락,0547738006,경상북도 경주시 원화로322 (성동동)(3층),88.053,22143490
12,LFK0008,1,04285,***,24년 3연대 음식물쓰레기 처리용역,용역,LFK,육군종합군수학교,202402211100,H438C,에봇농장,ephode,김성희,010-7370-8333,경기도 연천군 청산면 평화로151번길43-0,88.127,35032000
6146,SCG0007,1,03060,***,캐릭터 열쇠고리 등 2종,물품,SCG,해군본부,202402211100,LCC2A,서연툴,,김소희,07075750432,대구광역시 중구 동덕로181 (동인동1가) 103동 3203호,88,24222020
52,MCX0012,1,04378,***,00지역 취사식당 청소 용역,용역,MCX,자운대근무지원연대,202402211100,D34DE,(주)케이오에스씨,KOSC,장은선,0422730171,대전광역시 동구 우암로248-0 (가양동),90.009,12685538
58,SCG0006,1,04268,***,Toner bottle 등 20종 구매,물품,SCG,해군본부,202402211100,J7A39,위듀,,윤석길,010-2304-4500,"충청남도 계룡시 장안로39,(금암동) 309호",88.007,33116200
28,MHP0004,1,04029,***,조사/탐사 물자 구매,물품,MHP,국방부유해발굴감식단,202402211100,JEBE3,조이스툴,,이나은,0222784433,"서울특별시 서대문구 포방터2길24, 201호(홍은동)",88.236,6247300
8,MCX0010,1,04113,***,00지역 임목 폐기물 처리 용역,용역,MCX,자운대근무지원연대,202402211100,DA35E,대신산업주식회사,dae shin,정효순,01035123833,충청남도 금산군 복수면 복수로1015-137,88.13,73767298
79,UMM0054,1,02637,***,(247019-D)특수수술재료(골이식재료1) 구매,물품,UMM,국군재정관리단,202402211100,K818B,주식회사 위플메드,,조보현,07051542514,대전광역시 중구 대종로550번길5-0 (선화동) 유원오피스텔 1102호,91.215,271500000
25,UHD0007,1,04366,***,'24년 오수/폐수처리시설 관리 용역,용역,UHD,공군 작사예하 방포사예하 제3여단,202402211100,D9DF6,(주)동산환경,"DONGSANENVIRONMENT Co.,Ltd.",한운철,0316547324,경기도 평택시 배미2길21-1 (합정동),87.839,143372360
115,LKG0009,1,04196,***,53사단 의무근무대 신축 건축공사감리(상주)용역,용역,LKG,육군제53보병사단,202402211100,BE35A,예담종합건축사사무소,YEDAM,장동근,051-202-9009,부산광역시 사하구 낙동대로398번길6-0 1층(당리동),87.755,199359300
102,LCF0008,1,02266,***,물통(플라스틱) 등 13항목 구매(물자),물품,LCF,육군군수사령부,202402211100,F397B,알티하이텍,rthitech,박영민,07046934105,"서울특별시 강동구 구천면로192, 720호(천호동,천호역 한강 푸르지오시티)",87.997,12552280
102,LCF0006,2,01853,***,"전지,재충전불가식(PC-132A건전지)등 3항목 구매(물자",물품,LCF,육군군수사령부,202402211100,J7641,케이엠글로벌,,박미영,0415770063,"충청남도 천안시 서북구 검은들3길46, 8층 803-2(8020)호(불당동, 미래시티빌딩)",88.818,5454260
35,LGP0040,1,03856,***,“나”지역 전기안전관리 대행 용역,용역,LGP,제1군수지원사령부,202402211045,I3EF6,경기전력주식회사,KGELEC,배용한,0316321973,경기도 이천시 부발읍 부흥로228번길197-0,88.067,14028036
2,HCF0013,1,02332,***,항공기용 실링 컴파운드 구매,물품,HCF,공군군수사령부,202402211030,H3C69,에스피 에어로,SP AERO,조승우,07041334559,경상남도 진주시 정촌면 연꽃로145번길40-22,92.056,180321787
134,SFD0010,1,04385,***,염소(아비타)등 720품목 구매 납품,물품,SFD,제9227부대,202402211030,J5FC6,미소산업,,김다혜,0542476842,경상북도 포항시 남구 상공로233번길61-3 (해도동),88.009,43562645
45,HDQ0005,1,04343,***,"20비 24-18 필터, 엘리먼트 등 46종",물품,HDQ,제20전투비행단,202402211030,M7DFF,계룡대상,,강형석,01093153039,"충청남도 계룡시 엄사면 번영3길73-12, 102동 536호(삼진아파트)",88.01,25047672
159,SFD0009,1,04339,***,1/4분기 통합구매(티타튬코팅육각드라이버등 132품목),물품,SFD,제9227부대,202402211030,J30AC,경북그래픽,,조미정,01025238129,경상북도 포항시 북구 우창로166 (창포동),88.043,45654670
228,SCK0020,1,04319,***,"도서(세상은 이야기로 만들어졌다 등 1,126종) 구매",물품,SCK,해군교육사령부,202402211030,LD02C,주식회사 이현코리아,,이순화,07042422949,경상남도 창원시 마산합포구 해안대로11 (해운동) 401-10호,90.004,23928700
3,LNM0003,1,04312,***,'24년 음식물 쓰레기 처리 용역,용역,LNM,제5181부대,202402211030,G9CDE,주양제이앤와이 주식회사,jooyangjny,조호상,0319708189,"경기도 고양시 덕양구 충장로7, 6층 606호 (행신동)",88.097,25667250
2570,SCK0019,1,04277,***,수중자동청소기 2대 구매,물품,SCK,해군교육사령부,202402211030,KF2E4,이룸유통,,김민서,01085749838,"인천광역시 남동구 운연천로11, 1305동 601호",88,76397700
526,DSS0003,1,04266,***,24-1차 도서구매,물품,DSS,국군제1068부대,202402211030,LD6AF,마리컴퍼니_용인,,유정현,01023331426,"경기도 용인시 기흥구 동백중앙로191, 8층 에이8530호(중동, 씨티프라자)",90,3076340
344,SFG0019,1,04061,***,24-K-방역소독 및 청소용역,용역,SFG,제9181부대,202402211030,G75ED,주식회사 탐스,TAMS,김연재,0312028258,경기도 화성시 영통로50번길41-0 (반월동) 반달마을 두산위브 상가1동 304-1호,88,7437840
10,LGP0042,1,03861,***,“가”지역 전기안전관리 대행 용역,용역,LGP,제1군수지원사령부,202402211030,KE590,인하전력기술 주식회사,,선주환,0337471281,강원특별자치도 원주시 삼광1길31-1 (봉산동),88.019,10642700
2,LGF0002,1,03521,***,24년 교육장비 시뮬레이터 유지보수 용역,용역,LGF,육군정보학교,202402211030,BE71D,(주)인컴에스엔,incomsn,강인식,0314794100,"경기도 안양시 동안구 엘에스로 76(호계동, 안양 국제 유통단지)디오밸리 413호",88.11,21451540
92,SCH0027,1,04377,***,24-4호 특전장비운송용 배낭 등 2종 구매,물품,SCH,해군작전사령부,202402211030,JE867,에스에이치테크,,김상호,01043907780,"경상북도 포항시 남구 동해면 일월로11번길22, 102호(천호골든아파트)",88.082,6610460
328,LNS0009,1,04411,***,24년 동원훈련장 및 예비군훈련대 방제용역,용역,LNS,제55보병사단,202402211030,FF9EA,주식회사 우리비엠씨,wooribmc,정연순,0318988021,경기도 화성시 효행로990 (진안동)112호,88.009,18543160
373,SCP0018,1,04396,***,냉난방기 4대 구매 설치,물품,SCP,제8385부대,202402211030,L0D9D,호야,,김민영,01064844498,강원특별자치도 원주시 흥업면 흥업밤골길11-0 108동 1102호,88.045,18290480
295,HDQ0008,1,04371,***,20비 24-23 일반타이어 등 15품목,물품,HDQ,제20전투비행단,202402211030,L87AF,소담코프,,김현승,07089852814,"충청남도 천안시 서북구 백석4길12, 602호 (백석동, 거성캐슬B빌딩)",88.006,47828280
339,HDQ0007,1,04368,***,20비 24-26 상체식 안전벨트 등 71종,물품,HDQ,제20전투비행단,202402211030,J873B,제이제이물산,,김영기,07047727683,"충청남도 천안시 동남구 목천읍 충절로892, 104동903호(프라임아파트)",88.001,20422510
5,LGN0001,1,04328,***,'24년 음식물쓰레기 처리 용역 계약,용역,LGN,제5925부대,202402211030,J9557,두미르환경,,김나경,01053897169,강원특별자치도 춘천시 동면 소양강로398-0,88.009,60435760
166,LNM0002,1,04150,***,2024년 렌탈프린터 임차 계약,용역,LNM,제5181부대,202402211030,L4BDC,신한헤센스마트 공인중개사사무소,,윤영진,031-994-8945,경기도 고양시 일산서구 일현로41번길16-0 (탄현동)102호,88.005,37478489
12,LKS0018,1,04220,***,모범장병 나라사랑 투어 기념품(시계) 제조,물품,LKS,육군인사사령부,202402211030,KE1B2,브랜뉴와치,,김남호,0222145393,"서울특별시 중랑구 신내역로111, A동 104호(신내동, SK V1 center)",88.793,24101831
2,LKS0017,1,04162,***,'24년 체력단련장 운영용 주류 구매(경남권),물품,LKS,육군인사사령부,202402211030,G1343,주식회사 화창주류,hwachang,이정한,053-557-8877,대구광역시 달서구 문화회관5길74 (장기동),98.856,7880000
2,LKS0021,1,04253,***,'24년 체력단련장 운영용 주류 구매(경북권),물품,LKS,육군인사사령부,202402211030,G1343,주식회사 화창주류,hwachang,이정한,053-557-8877,대구광역시 달서구 문화회관5길74 (장기동),98.694,41085000
15,LHR0008,1,04249,***,24년 소방시설 종합정밀점검 용역,용역,LHR,육군 제37보병사단,202402211030,EE618,(주)21세기소방,21sobang,윤장헌,0438772119,충청북도 음성군 대소면 멍심이길102,88.009,11662792
42,LHR0007,1,04229,***,24년 동원훈련장 및 예비군훈련대 방제 용역,용역,LHR,육군 제37보병사단,202402211030,KAB48,에코크린,,연성호,010-9950-3747,"충청북도 청주시 흥덕구 풍년로96번길21, 101호 (가경동)",88.011,17789100
35,SFN0006,1,04380,***,24-Y-얼음냉온정수기 임차 용역(24~27년),용역,SFN,연평부대,202402211030,I3FF7,지뉴 주식회사,ji new,박혜은,0314818562,"경기도 안산시 상록구 샘골로136, 2층 204-401호(본오동)",87.774,93804610
78,SFH0028,1,04369,***,24-B-무인감시장비 및 열 영상카메라 유지보수 용역,용역,SFH,제9196부대,202402211030,K106E,주식회사 에이아이네트웍,"AI Network Co., Ltd.",김은형,0313339885,경기도 용인시 처인구 모현읍 능원로91,85.608,249759360
8,SCN0029,2,03299,***,24-진-03 음식물류 폐기물 처리용역,용역,SCN,제7001부대,202402211030,E2F27,누리바이오텍주식회사,bedel,김유정,055-635-5853,경상남도 거제시 피솔길 193(),84.359,94561429
781,SCF0116,1,02247,***,디스플레이 유닛 1종 구매,물품,SCF,해군군수사령부,202402211030,F9CD2,포레SC,Fore SC,강진강,01020625579,전라남도 순천시 이수1길46-0 (덕암동),88.075,70454010
3778,MCS0021,1,02812,***,방향제 등 97종 구매,물품,MCS,국방부계룡대근무지원단,202402211030,LEC37,트루플렉스,,도형욱,01074602077,경상북도 구미시 인동19길35-1 (인의동) 금강타운305호,87.995,47521260
9,LHN0005,1,04119,***,24년 음식물류 폐기물 위탁처리용역,용역,LHN,제7보병사단,202402211030,I549D,(주)푸른농장,GREEN FARM,이관영,0337332238,강원특별자치도 춘천시 동면 소양강로304-12,80.527,332591100
15,LDF0004,1,04013,***,'21년 사이버 온라인 교육센터 교체 유지보수 용역,용역,LDF,육군정보통신학교,202402211030,GA21E,구루멘토링 주식회사,GuruMT,최동양,0222247321,"서울특별시 구로구 디지털로243, 705호(구로동, 지하이시티)",88.323,19266000
15,LDF0003,1,04012,***,'19년 사이버 대응 훈련센터 보강사업 유지보수 용역,용역,LDF,육군정보통신학교,202402211030,EBFE6,주식회사 빛을 꿈꾸는 사람들,Dreamers of Luminale,김상희,07040073209,"전라남도 여수시 대통로47-1,2층(화장동)",87.803,42515000
18,LDF0002,1,04011,***,'18년 사이버 온라인 교육센터 교체 유지보수 용역,용역,LDF,육군정보통신학교,202402211030,H279B,(주)두두아이티,"DuDu Information Technologies, Inc.",박영선,0269292210,"서울특별시 금천구 가마산로96, 207호, 212호, 213호, 214호(가산동, 대륭테크노타운8차)",87.823,37353142
23,LDF0001,1,04010,***,'17년 사이버대응 훈련센터 구축 유지보수 용역,용역,LDF,육군정보통신학교,202402211030,A722E,영현정보통신(주),a,김두식,028699501,"서울특별시 구로구 공원로6나길12-0 (구로동,경방빌딩) 301호",87.768,27078623
223,HCL0016,1,03846,***,"24-011, 012 낙하산 보관함 등 3종",물품,HCL,공군사관학교,202402211030,B8EF8,선진산업 주식회사,SUN JIN,성연제,0415744331,충청남도 천안시 서북구 성진로462-0 (직산읍),88.03,38519400
471,HCF0015,1,02338,***,[시동용 발전기 부품]배출구 등 19종,물품,HCF,공군군수사령부,202402211030,J69B1,굿메이드,,김정섭,01092189728,"경기도 의정부시 송양로76 (민락동, 의정부민락우미린더스카이) 2002-3104",87.995,96930620
2,MHD0008,1,02166,***,'24년 사이버보안 취약점 진단 사업,용역,MHD,방위사업청(운영지원과),202402201500,FD9C5,주식회사 에프원시큐리티,F1SECURITY INC.,이대호,0262233543,"서울특별시 금천구 벚꽃로234, 14층 1402호 (가산동, 에이스하이엔드타워6차)",,2700000000
5,HDN0010,1,04033,***,24-노후 시설물 보수공사 설계용역,용역,HDN,공군제18전투비행단,202402201300,H7B28,주식회사 영화엔지니어링,Younghwa engeering.LTD,이규호,024091230,"강원특별자치도 양양군 양양읍 미륵길40-0 105, 106호",88.098,16225500
7,HCM0014,2,04051,***,24년 하늘사랑 작은도서관 위탁운영,용역,HCM,공군교육사령부,202402201300,KFEB3,하늘바라기,,김인옥,010-9172-9106,경상남도 진주시 대밭골로39번길7-46 (충무공동),88.397,35882270
7,HCM0014,1,04051,***,24년 하늘사랑 작은도서관 위탁운영,용역,HCM,공군교육사령부,202402201300,KFEB3,하늘바라기,,김인옥,010-9172-9106,경상남도 진주시 대밭골로39번길7-46 (충무공동),88.397,35882270
16,LCP0014,1,03921,***,'24년 음식물류 폐기물 위탁처리 용역,용역,LCP,육군항공사령부,202402201130,M61B0,부자농장,,김승규,01052124800,경기도 연천군 미산면 동이리274-1 (마동로127번길 130-33),88.067,45175220
2,LGP0028,2,03134,***,"24년 특수무기 전력변환기(천마, 비호) 외주정비 용역",용역,LGP,제1군수지원사령부,202402201100,2886F,(주)이화일렉콤,"E-HWA ELECOMM CO.,LTD.",이정상,0317989800,경기도 광주시 회안대로1061-55 (송정동),83.847,693460000
27,LCN0005,1,03345,***,24년 사이버 교육장 유지보수 용역,용역,LCN,육군사관학교,202402201100,L4E4F,아이티 월드((IT. WORLD),,김영우,07044359737,부산광역시 동래구 여고로63번길86-0 (사직동) 1층,88.074,37109571
66,SCG0004,1,03881,***,고리자석 등 410종 구매,물품,SCG,해군본부,202402201100,D2BBF,선경종합상사,sunkyungjonghaysangsa,배정주,042-551-1494,충청남도 계룡시 엄사면 번영11길 6(),88.012,25016100
64,SCG0005,1,04006,***,UTP 케이블 등 160종,물품,SCG,해군본부,202402201100,E9019,드림으뜸상사,Dreamtop Corp.,김범규,07077172948,"충청남도 계룡시 신도안면 신도안1길43, 1층",88.022,47952700
17,UEK0001,1,03880,***,24년 음식물쓰레기 위탁처리용역,용역,UEK,제6953부대,202402201100,L14D8,태민환경,,전혜경,01053897169,"경기도 가평군 가평읍 보납로22, 2층 나호",84.247,86094680
6,LQH0017,1,03950,***,24년 작계훈련 무기수송 차량 임차,용역,LQH,제3697부대,202402201100,I00E3,주식회사 동성물류,DongSungGLS,이병국,03180540026,경기도 평택시 포승읍 평택항만길73 평택항마린센터 1102호,88.364,105765000
14,LNR0002,1,04089,***,'24년 음식물류 폐기물 수집 및 위탁처리 용역,용역,LNR,수도기계화보병사단,202402201100,LEBFF,주식회사 데일리환경,,공현진,01059192237,"경기도 가평군 청평면 경춘로871-0, 5층 503-22호",84.407,174203660
10,HCF0012,2,03455,***,탄도탄 조기경보레이다 냉각체계 유지보수,용역,HCF,공군군수사령부,202402201030,BACAD,(주)신우이엔지,shinwooeng,하민호,0613801500,전라남도 담양군 대전면 갈전길22,86.659,411899920
71,SDF0015,1,04099,***,라텍스 코팅장갑 등 19종,물품,SDF,제5738부대,202402201030,JD547,글로컨비스,,이상배,01028407645,"경상남도 창원시 성산구 대정로99, 202-703 (남양동, 성원2차아파트)",88.049,1881450
10,HCQ0005,1,04059,***,'24년 작은도서관 위탁 운영,용역,HCQ,공군제5공중기동비행단,202402201030,D6583,예일문화,Yeilbooks,허관욱,0514684848,"부산광역시 부산진구 시민공원로19번길65, B104호 (부암동, 타워베르빌)",88.096,35659790
3,SDG0001,3,03355,***,24-인-일반폐기물 처리 용역,용역,SDG,제2002부대,202402201030,M2A74,주식회사 도송에너지,,이현숙,0316520099,경기도 안성시 원곡면 지문로84-91,88.201,38772891
7,LKD0010,1,04000,***,24년 32사단 대전 전기안전 대행 용역,용역,LKD,제32보병사단,202402201030,C6344,(주)우신전기안전관리,woosin-ele,김지원,0426233145,대전광역시 동구 송촌남로11번길 167(),89.212,12453000
158,SDF0014,1,03995,***,재생잉크 등 1518종,물품,SDF,제5738부대,202402201030,D90C1,다온종합상사,,김기범,0542742581,경상북도 포항시 남구 효성로88 (효자동) 302-904,88.092,81147890
4,SFM0015,1,03992,***,상륙화 등 3품목 제조,물품,SFM,제3170부대,202402201030,L138A,주식회사 네오홀딩스,,박형익,0314270966,"경기도 의왕시 경수대로209-0 (고천동), 월드비젼 401호",88.106,43806597
57,SCI0009,1,03960,***,"시트,나선형 압축용수철용 등 2종 구매",물품,SCI,제9121부대,202402201030,GA94F,성화종합상사,sunghwa,이애숙,0518054447,"경상남도 창원시 성산구 신촌로95-0 (신촌동, 동성임대아파트) 102-507",88.014,5386000
18,SDG0003,1,03772,***,24-인-음식물류 폐기물 처리 용역,용역,SDG,제2002부대,202402201030,GA0A7,우리산업,Woori Industry,김순희,01062460327,경기도 여주시 흥천면 이여로1115-19,88.009,39842000
3,SDG0001,2,03355,***,24-인-일반폐기물 처리 용역,용역,SDG,제2002부대,202402201030,M2A74,주식회사 도송에너지,,이현숙,0316520099,경기도 안성시 원곡면 지문로84-91,88.201,38772891
1102,LQH0018,1,04053,***,(육성)소독용 티슈 구매,물품,LQH,제3697부대,202402201030,G4CE2,금성기업,KUMSONG,김은애,0318110024,경기도 고양시 덕양구 주교동616-1 신양빌딩304호,88,18992170
82,SCH0020,3,03129,***,24-7호 낙센에스정 등 114종 구매,물품,SCH,해군작전사령부,202402201030,L565F,주식회사 스카이팜,,박만훈,07088052192,경기도 안양시 동안구 갈산로41(호계동) 101호,88.026,18320500
3,LKD0009,1,03984,***,24년 32사단 충남하부 전기안전 대행 용역,용역,LKD,제32보병사단,202402201030,EEF9D,(주)대륜이에스티,,양정규,0417369947,충청남도 논산시 계백로1146번길6-29 (지산동),88.265,21951960
58,SCI0010,1,03969,***,개스킷 등 2종 구매,물품,SCI,제9121부대,202402201030,FEE59,피앤에스,p&s,성기우,01055013502,"경상남도 창원시 성산구 중앙대로37, 519호 -5호(중앙동, 경남오피스텔)",88.006,20920710
172,SFM0014,1,03845,***,섬유유연제 등 2품목 구매,물품,SFM,제3170부대,202402201030,K0ED2,행복세상,,김영규,01035449955,"경상북도 포항시 북구 장량중앙로33 (양덕동, 한양 수자인)206/901",88,63494210
9,SFD0008,2,03326,***,24-P-체력단련장 전기안전관리 대행 용역,물품,SFD,제9227부대,202402201030,FA5FD,주식회사 한동씨앤이,HANDONG C&E,김진국,0542834572,경상북도 포항시 북구 해안로221번길7-0 (두호동),88.032,1847400
8,LKD0011,1,04005,***,24년 32사단 충남상부 전기안전 대행 용역,용역,LKD,제32보병사단,202402201030,LA0F5,(주)대정전기안전,,김세웅,0418533882,"충청남도 공주시 반포면 반포초교길75, 2층 2호",88.215,40185625
65,LFA0002,1,03900,***,24년 전반기 소방시설 점검 용역,용역,LFA,제2신속대응사단,202402201030,A76EC,주식회사 세종씨엠건축사사무소,SJGT,박양진,0226011153,"서울특별시 금천구 가산디지털2로43-14, 914호(가산동, 한화비즈메트로2차)",88.033,12737300
5270,SFC0012,1,03703,***,24-덕-홍보물품(리유저블백 등 8품목) 구매,물품,SFC,제9691부대,202402201030,L66A3,홍연상사,,이홍연,01077426009,"충청북도 청주시 서원구 구룡산로319, 108동 201호(수곡동, 산남주공아파트)",87.995,43206870
5242,SFC0013,1,03700,***,24-덕-홍보물품(키링 등 7품목) 구매,물품,SFC,제9691부대,202402201030,IF564,대한상재,,민해옥,01039342740,인천광역시 남동구 만수서로29번길16-0 (만수동),87.995,43438760
15,SFC0014,1,03699,***,24-덕-체 농약 13종 구매,물품,SFC,제9691부대,202402201030,KE46B,씨앤와이(C&Y),,윤선희,01077938443,"경기도 화성시 동탄첨단산업1로27, B동 1631호(영천동, 금강펜테리움 IX타워)",88.131,20539000
444,SFC0015,1,03697,***,24-덕-체 비료 8종 구매,물품,SFC,제9691부대,202402201030,KA4C0,크레용 컴퍼니,,윤대연,01089100933,"인천광역시 서구 서로3로277, 2804동 1702호(원당동, 검단신도시 로제비앙라포레)",88.004,17716890
677,SFC0009,1,03298,***,24-덕-기념휘장 셋트 구매,물품,SFC,제9691부대,202402201030,GA41E,지우실업 주식회사,soyosan,김지우,0318672533,경기도 동두천시 신천로366번길13-0 (상봉암동),95.03,28619000
978,SCF0113,1,02199,***,"(긴급) 시일 조립체, 굴대용, 용수철 부하식 등 50종",물품,SCF,해군군수사령부,202402201030,J367B,글리터캐슬,,박지민,01053430804,"경기도 광주시 회안대로637-36 (탄벌동, 경남아너스빌 2단지)",87.998,139186010
519,SCF0114,1,02196,***,(긴급) 캠 롤러 등 5종,물품,SCF,해군군수사령부,202402201030,I7030,비에스상사,B.S.sangsa,공영자,01047185051,"부산광역시 남구 천제등로38번길67-0 (대연동, 청운빌라) , 302",88.026,50868850
493,SCF0115,1,02181,***,"고정물, 전등용 2종 구매",물품,SCF,해군군수사령부,202402201030,M6074,다로컴퍼니,,이미경,010-8883-1538,"경기도 시흥시 인선길63, 222동 204호(장곡동, 숲속마을 아파트)",87.997,181555760
6162,SCF0109,1,02165,***,"납땜인두,가스식 등 18종 구매",물품,SCF,해군군수사령부,202402201030,I733A,제이딜(J.Deal),J.Deal,김소연,01025232329,"경기도 고양시 일산동구 정발산로15, 415호 (장항동,드림월드빌딩)",87.996,65643860
580,SCF0110,1,02156,***,"바이스,수동식 등 13종 구매",물품,SCF,해군군수사령부,202402201030,ECF32,세종상사,,노정래,010-9384-8831,경상남도 창원시 진해구 여명로52 (여좌동),92.86,46000000
2373,SCF0111,1,02142,***,"필터조립체,정수용 345EA 구매",물품,SCF,해군군수사령부,202402201030,IA95A,스토리라인,Story line,채범준,01063366252,"서울특별시 양천구 중앙로45길28-12,603호 (신정동, 정은스카이빌3차)",88.002,177940000
4082,SCF0112,1,01850,***,리어카(몸체) 등 3종 구매,물품,SCF,해군군수사령부,202402201030,L2925,파이(Phi),,정인채,01029020185,"경기도 화성시 동탄순환대로22길45 (청계동, 동탄역 호반 써밋) 1205동 1203호",87.995,11409275
2,LPF0023,1,04027,***,24년 작계훈련 무기수송차량 임차(3권역),용역,LPF,제51보병사단,202402201030,BCA75,태산솔루션,tasanexpress,이승호,028926666,"경기도 광명시 오리로923, 1층(광명동, 대성빌딩)",88.585,15411660
3,LPF0024,1,04026,***,24년 작계훈련 무기수송차량 임차(2권역),용역,LPF,제51보병사단,202402201030,G9362,주식회사 덕수기업,DEOKSU Co.Ltd.,이진하,0312674107,경기도 화성시 안녕동 안녕북길39-11,87.895,44605440
2,LPF0022,1,04025,***,24년 작계훈련 무기수송차량 임차(1권역),용역,LPF,제51보병사단,202402201030,BCA75,태산솔루션,tasanexpress,이승호,028926666,"경기도 광명시 오리로923, 1층(광명동, 대성빌딩)",87.862,41234300
21,MFL0001,1,04046,***,24년 워게임망 장비 구매,물품,MFL,합동참모본부,202402191500,D4C4B,(주)온컴네트웍스,"Oncomm Networks Co., Ltd",정연선,02-769-1260,서울특별시 동작구 여의대방로26길24 드림타워 3층,98.132,48488000
77,ETAE001,1,4708P,***,해상감시레이더-Ⅱ 철탑공사(울릉2) 정보통신감리용역,용역,ETA,감시전자총괄계약팀,202402191500,H2ED3,이수이엔지 주식회사,"LEESUENG CO., LTD",이정숙,0557560239,"경상남도 산청군 단성면 목화로902, 부1동 5호",88.023,74950798
548,LKP0014,1,03605,***,'24년 후드ㆍ덕트 청소용역,용역,LKP,5군수지원사령부,202402191130,C21DD,대현건설산업(주),"DAE HYUN CONSTRUCTION CO.,LTD",조남철,0312215282,경기도 수원시 권선구 권광로109번길6 (권선동),88,12186620
2,HCQ0004,1,03832,***,'24년 음식물류 폐기물 처리 용역,용역,HCQ,공군제5공중기동비행단,202402191100,B8A2C,(주)피마,"FeMa Co., Ltd",유대현,0518312857,부산광역시 강서구 녹산산업북로465-0 (송정동),84.928,139190700
4,LFT0002,1,03855,***,'24년 공병학교 소방시설 종합점검 용역,용역,LFT,육군공병학교,202402191100,F98FF,주식회사 덕양,DEOKYANG,장성영,0614322119,전라남도 강진군 성전면 별뫼로268-2,99.531,8880000
59,SCG0003,1,03874,***,안테나 지시봉 등 431종 구매,물품,SCG,해군본부,202402191100,KDFB4,오피스 유통,,주민정,01022291369,충청남도 계룡시 엄사면 번영3길73-12 (삼진아파트),88.026,38197740
456,LDA0002,1,03560,***,24년 00부대 제초(예초)관리용역,용역,LDA,지상작전사령부,202402191100,DEE48,(주)삼림,samrim,강언모,0312925984,경기도 화성시 하가등길20-2 (봉담읍),87.755,88268227
2,HCS0001,1,03130,***,24년도 김치 계약(장교회관),물품,HCS,제3훈련비행단,202402191100,1365F,주식회사 삼화식품,"samhwa foods co., ltd",정태성,0558828440,경상남도 하동군 옥종면 옥단로1653-1,88.785,24885000
14,HCS0002,1,03126,***,24년도 공산품 및 채소류 및 육류 계약(장교회관),물품,HCS,제3훈련비행단,202402191100,D3B5E,미가온,MIGAON,변정순,0319438200,경기도 파주시 장명산길174-20 (오도동),83,437693270
31,LNS0008,1,03812,***,24년 전기안전관리 대행 용역,용역,LNS,제55보병사단,202402191030,CC9A5,주식회사 코윈파워,"COWIN POWER,INC.",오경숙,031-265-7008,"경기도 용인시 수지구 신봉1로 62, 엘지프라자 304호(신봉동)",88.016,22234392
113,LBB0006,1,03764,***,'24년 1분기 전산운영용품 구매,물품,LBB,육군제7789부대,202402191030,LDBB8,조달의민족,,홍현빈,010-3154-7042,"경기도 고양시 일산서구 대화2로121-0 (대화동, 킨텍스휴먼빌) 605-1301",88.002,10768361
34,LAZ0002,1,03825,***,24-1차 드론장비 비보급품 구매(조종기 등 8종),물품,LAZ,드론작전사령부,202402191030,I89A4,주식회사 뚜루뚜,Tourou,이건희,0417333113,충청남도 논산시 부적면 계백로1575-0 (2층),94.153,87629226
2,SCQ0014,1,03878,***,24-평 선저폐수 처리 용역,용역,SCQ,제9911부대,202402191030,I4624,(주)청해환경,cheong hae,허준도,0514182272,부산광역시 영도구 태종로50번길35-0 (대교동1가),88.396,68402000
102,SCQ0013,1,03877,***,24-평 소방시설 점검 용역,용역,SCQ,제9911부대,202402191030,F98FF,주식회사 덕양,DEOKYANG,장성영,0614322119,전라남도 강진군 성전면 별뫼로268-2,88.019,66680460
413,LBB0007,1,03854,***,'24년 취사장 청소 용역,용역,LBB,육군제7789부대,202402191030,H13D2,크렉스,clex,박학순,0312633233,경기도 용인시 수지구 풍덕천로186 (풍덕천동) 102,88.002,12736550
6,SCN0019,2,02289,***,의무물자(EyeScan Blue Lightbar  등 3종) 구매,물품,SCN,제7001부대,202402191030,E8E46,동진상사,dong jin sang sa,윤영현,07070792933,"경기도 평택시 평택5로34번길48, 402호(합정동)",98.419,2793000
90,MCR0008,1,03741,***,24-1차 1분기 국외도서 구매,물품,MCR,국방대학교,202402191030,H5E79,주식회사 엘케이테크,LK,김정숙,07044510580,충청남도 계룡시 엄사면 번영3길91-0 (대동황토방아파트)제상가동205호,88.007,18944370
232,MCR0007,1,03740,***,24-1차 1분기 국내도서 구매,물품,MCR,국방대학교,202402191030,LC079,다진,,최유석,010-3635-3796,"충청남도 계룡시 서금암5길9-0 (금암동, 신성2차미소지움아파트) 210동 506호",90.002,31891630
3,SDL0003,2,03140,***,24-00대대 정화조 유지관리용역,용역,SDL,재경근무지원대대,202402191030,H2F8E,주식회사 수앤테크,suentech,김귀식,029360230,"서울특별시 노원구 동일로239길41-17 (상계동, 양지빌딩),101호",89.916,8452190
6,SCH0018,2,03055,***,24-함정 식기세척기 2대 임차 용역,용역,SCH,해군작전사령부,202402191030,GE8BC,주식회사 건웅시스템(kunwoong Inc.),kunwoong Inc.,오덕수,070-5165-7800,강원특별자치도 원주시 장전길66 (태장동),88.232,8018000
6,LPF0017,1,03864,***,"24년 군장품(명찰,계급장 부착) 제조",물품,LPF,제51보병사단,202402191030,FAA2E,대성,,이수경,01022220291,경기도 포천시 호국로1354번길11 (어룡동),88.545,26132640
3,SCH0026,1,03476,***,24-함정 조수기(먹는물) 수질검사 용역,용역,SCH,해군작전사령부,202402191030,GCDD7,아이센 주식회사,isen,김도형,0553722994,경상남도 양산시 하북면 초산로30,89.512,38624100
2,SCL0008,1,01916,***,'24-해사 학보 제작 용역,용역,SCL,해군사관학교,202402191000,H1F5C,주식회사 리컴퍼니,RE company,최성미,0552389401,"경상남도 창원시 의창구 용동로83번안길7, 308호, 309호(사림동, 미래드림)",,33256650
5,LDH0063,1,02589,***,고속코어머신 제조,물품,LDH,육군종합정비창,202402161300,L33B4,혁신산업,,김윤정,0553443044,경상남도 김해시 한림면 한림로515번길224-0,88.163,26727500
25,LDH0064,1,02595,***,스프링 시험기 구매,물품,LDH,육군종합정비창,202402161300,K8BB4,주식회사 대경코리아,,조민구,07078581122,경상남도 창원시 의창구 원이대로271 (봉곡동) 3층 314-C호,88.029,30982400
37,LCG0011,2,03336,***,[24-육-21] 경계시스템 외주정비용역,용역,LCG,육군본부,202402161100,BA9E2,온세계정보통신(주),ONSEGEJUNGBO,박미경,0426393400,대전광역시 동구 태전로147번길9(삼성동),87.903,95044620
37,LCG0011,1,03336,***,[24-육-21] 경계시스템 외주정비용역,용역,LCG,육군본부,202402161100,BA9E2,온세계정보통신(주),ONSEGEJUNGBO,박미경,0426393400,대전광역시 동구 태전로147번길9(삼성동),87.903,95044620
17,UMM0047,1,03610,***,(24F030-A) 육로수송용역(일반화물),용역,UMM,국군재정관리단,202402161100,CD7B4,용마로지스주식회사,yongmalogis,이종철,0232906433,"경기도 김포시 고촌읍 아라육로78, 2동",82.995,587670600
17,UMM0040,1,03197,***,(24F017-I) 24년 일반화물 수송 용역,용역,UMM,국군재정관리단,202402161100,2350F,(주)한익스프레스,"HAN Express co.,ltd",유인철,0234005495,경기도 화성시 양감면 초록로103,78.499,876566000
3,UMM0037,1,02983,***,24-M-부식 민간위탁 배송 용역,용역,UMM,국군재정관리단,202402161100,CD7B4,용마로지스주식회사,yongmalogis,이종철,0232906433,"경기도 김포시 고촌읍 아라육로78, 2동",90.34,1593000000
12,UMM0042,1,02406,***,(24F002-G) 24년 영구기록물 DB구축용역,용역,UMM,국군재정관리단,202402161100,J0842,랜드소프트 주식회사,,강세영,025334770,"서울특별시 서초구 서래로37, 2,3층(반포동)",78.286,1238400000
2353,UMM0045,1,02160,***,(247012-E)전투부상자 전신마네킹 등 3종 구매,물품,UMM,국군재정관리단,202402161100,H0FC9,한스테크,HANSTECH,한연숙,01035699326,"서울특별시 강서구 곰달래로245, 2-3호(화곡동)",87.995,48007198
13,UMM0049,1,02126,***,(24F035-B) 24년 음식물류 폐기물 위탁처리 용역,용역,UMM,국군재정관리단,202402161100,GA0A7,우리산업,Woori Industry,김순희,01062460327,경기도 여주시 흥천면 이여로1115-19,80.692,200885520
535,UMM0050,1,01964,***,'24 폐쇄식 잠수기셋 구매(U),물품,UMM,국군재정관리단,202402161100,ID19D,네오상사,,김민애,01093588645,경상북도 포항시 남구 포스코대로147-6 (대잠동),88.001,66104064
159,UMM0046,1,01831,***,24-N-00사 제초용역,용역,UMM,국군재정관리단,202402161100,IFF23,주식회사 온숲조경,,김문현,0552373235,경상남도 창원시 의창구 하남천서길45-0 (도계동),87.995,203386500
6,UMM0048,1,01762,***,(24F013-B) 24년 사업장 비배출시설계 폐기물처리용역,용역,UMM,국군재정관리단,202402161100,HD1AD,동원실업,dongwon,최광섭,0332577121,강원특별자치도 춘천시 칠전동산 32,82.103,440944000
3,UMM0044,1,01611,***,(24F008-B) '24년 지뢰(불발탄)제거 인원보험 가입,용역,UMM,국군재정관리단,202402161100,F4EFA,농협손해보험 주식회사,"NongHyup Property Casualty Insurance Co., Ltd",송춘수,0237868090,서울특별시 서대문구 충정로60-0 (미근동),64.821,291233320
6,LQH0011,2,03517,***,금곡 예비군훈련대 VR영상모의사격장비 유지보수,용역,LQH,제3697부대,202402161100,CE0C5,(주) 투데이게이트,"TodayGate Co.,LTD.",김익훈,0221043535,"서울특별시 금천구 디지털로9길32-0 (가산동, 갑을 그레이트밸리) 비동 804호",87.888,86783390
7,LQH0010,2,03514,***,노고산 금곡 예비군훈련대 교전훈련장비 유지보수,용역,LQH,제3697부대,202402161100,B9E1E,(주)네스랩,NESSLAB,이재호,0428671081,대전광역시 유성구 테크노2로 194(),88.302,114265800
6,LQH0009,2,03509,***,노고산 예비군훈련대 스마트관제장비 유지보수,용역,LQH,제3697부대,202402161100,CE0C5,(주) 투데이게이트,"TodayGate Co.,LTD.",김익훈,0221043535,"서울특별시 금천구 디지털로9길32-0 (가산동, 갑을 그레이트밸리) 비동 804호",89.139,62184086
6,LQH0008,2,03493,***,노고산 예비군훈련대 영상모의사격장비 유지보수,용역,LQH,제3697부대,202402161100,IF172,주식회사 코테스,,고기종,0432357292,충청북도 청주시 흥덕구 비하로59-2 (비하동),87.786,77600000
807,LHN0004,1,03658,***,24년 비상수원 식수(생수) 구매계약,물품,LHN,제7보병사단,202402161030,2468F,주식회사 에치와이,KOREA YAKULT.CO.LTD,변경구,0234496579,서울특별시 서초구 강남대로577-0 (잠원동),82.996,493429895
42,MCT0008,2,03720,***,하키부 운동용품(유니폼 등 6종) 구매,물품,MCT,국군체육부대,202402161030,D4F3F,미성종합체육산업 주식회사,Misungsports,전옥녀,0222529191,서울특별시 중구 을지로 294(),90.696,10190000
36,MCT0010,2,03722,***,전자식 주유기 구매,물품,MCT,국군체육부대,202402161030,LC499,제이엘,,이원성,01044842590,"경상남도 창원시 진해구 신항2로114, 717호(용원동, 다인로얄팰리스 부산 신항2차)",88.055,6006340
3841,MCT0012,2,03724,***,레슬링부 운동용품(경기복 등 4종)구매,물품,MCT,국군체육부대,202402161030,K7340,미래컴퍼니,,박영숙,01051339960,"경기도 수원시 권선구 서수원로99 (오목천동, 수원권선 꿈에그린 아파트) 105동 501호",88,13164570
40,MCT0009,2,03721,***,럭비부 운동용품(유니폼)구매,물품,MCT,국군체육부대,202402161030,H2224,스포션,sposean,김경춘,070-8028-3735,"대전광역시 서구 복수동로88번길8-13 (복수동), 103호",99.137,9568000
63,MCT0011,2,03725,***,탁구부 훈련용품(러버 등 6종)구매,물품,MCT,국군체육부대,202402161030,D4F3F,미성종합체육산업 주식회사,Misungsports,전옥녀,0222529191,서울특별시 중구 을지로 294(),91.805,13738000
5211,MCT0007,2,03727,***,1분기 시설물 보수자재 구매,물품,MCT,국군체육부대,202402161030,LD5D0,코리엔탈라이프,,강영희,07040429417,대전광역시 대덕구 계족산로5번길72-0 (법동) 2층,88.001,34594901
101,MCT0013,2,03723,***,여자축구부 훈련용품(테이핑 등 20종) 구매,물품,MCT,국군체육부대,202402161030,B454B,진영상사,,전옥순,02-541-9584,서울특별시 서초구 신반포로43길23-14 (잠원동) 재산빌딩 402호,88.46,10180000
24,LQG0014,1,03698,***,00부대 취사식당 신축공사 소방 감리용역,용역,LQG,육군 52보병사단,202402161030,AECA6,주식회사 나라기술단,NARA ENGINEERING CONSULTANT,안숭원,025112041,"서울특별시 강남구 논현로142길 34, 논현빌딩(논현동)",88.004,23300300
62,SCP0017,1,03695,***,공마대 등 4종 구매,물품,SCP,제8385부대,202402161030,K4FB1,동해스토어,,장수연,01093169916,강원특별자치도 동해시 봉정2길67-2 (단봉동),88.071,24046680
4,HCR0008,1,03687,***,24년 병사식당 식자재(육류) 납품,물품,HCR,공군제15특수임무비행단,202402161030,IE3C9,주식회사 담터안심먹거리조합,,권은중,0313146742,"경기도 시흥시 복지로91번길7, 지하층(대야동)",88.081,42576000
160,LQG0012,1,03691,***,정비고 및 무기고 신축 건축공사 감리용역,용역,LQG,육군 52보병사단,202402161030,J91B8,빈아트건축사사무소,,이수동,07088453880,"서울특별시 강남구 선릉로107길14, 2층 103호(역삼동)",88.006,25563043
301,SCN0032,1,03392,***,포토용지 고광택 등 978종 구매,물품,SCN,제7001부대,202402161030,KEA13,국일광고산업,,류민근,01035899191,경상남도 창원시 마산회원구 양덕북1길3 (양덕동),88.004,78514410
163,SFM0013,1,03584,***,삽 등 6품목 구매,물품,SFM,제3170부대,202402161030,L61E9,주식회사 도토리,DOTORI Inc.,한덕기,0547278500,경상북도 포항시 남구 오천읍 하원로46번길19-8,88.011,49738788
535,LQH0013,1,03648,***,24년 렌탈프린트 임차,용역,LQH,제3697부대,202402161030,C972F,대광그래픽스,DAE KWANG GRAPHICS,모종근,0222667020,"서울특별시 중구 충무로 29, B동 106호(초동, 아시아미디어타워)",88.001,59564520
163,LCT0004,1,03350,***,24년 C-MUX 노후장비 교체,물품,LCT,육군포병학교,202402161030,JE466,새물결,,양희준,01020450606,"경기도 화성시 송산면 송산포도로150번길8-5, 송산아이빌 B동 404호",88.005,60801546
11,SCP0015,1,03639,***,24-0함대(경북) 전기안전관리대행 용역,용역,SCP,제8385부대,202402161030,FA5FD,주식회사 한동씨앤이,HANDONG C&E,김진국,0542834572,경상북도 포항시 북구 해안로221번길7-0 (두호동),88.006,5095580
11,SCI0004,1,03474,***,24-000사 시설 및 함정 실내공기질 측정용역,용역,SCI,제9121부대,202402161030,G6A48,주식회사 대한생활환경시험원,dhat,정용우,0515576907,부산광역시 동래구 아시아드대로255번길9-0 (온천동)B동 201호,88.003,16587900
7,HDC0009,1,03620,***,24-8 쇄석 구매,물품,HDC,공군제1전투비행단,202402161030,FE9BB,유진산업유한회사,YU JIN CO,윤정한,0626556739,광주광역시 서구 금화로278-0 (풍암동) 306호,89.552,19196000
29,LMH0003,1,03587,***,전기안전관리대행 용역(C014),용역,LMH,제7군단,202402161030,DA2E3,(주)무림전기,moorim,박종성,0319038511,"경기도 고양시 덕양구 화중로 32-31, 효원빌딩 507호(화정동)",88.018,23892919
313,LCT0003,1,03348,***,24년 교육훈련예산(교육재료비등 5개 사업) 구매,물품,LCT,육군포병학교,202402161030,I1BA6,돈데크만,dondekman,배성인,01063373574,전라남도 순천시 참샘약수길24(옥천동),88.017,35485210
210,LKM0007,1,03689,***,24년 신병교육훈련예산 물품 통합 구매,물품,LKM,제2632부대,202402161030,M71D6,유한회사 현성테크,,이정현,01062375161,전북특별자치도 전주시 덕진구 백동5길23-0 (인후동2가),88.004,19810000
27,LKM0006,1,03681,***,"24년 전반기 소방안전관리(작동점검, 종합점검)",용역,LKM,제2632부대,202402161030,HE64E,유한회사 우리미래기술단,MIRAEBANGJAE,이현숙,0638425119,"전북특별자치도 익산시 서동로6길13, 2층 (동산동)",88.055,16137360
552,LQH0015,1,03678,***,(육성)노고산훈련대 청소 용역,용역,LQH,제3697부대,202402161030,L11EC,우리티에스씨,,정민옥,07050809490,"경기도 안산시 단원구 광덕3로178-0 (고잔동), 610호 일부",88.008,39649200
544,LQH0014,1,03679,***,(육성)금곡훈련대 청소 용역,용역,LQH,제3697부대,202402161030,C00CF,우리조경,WOORI La,김은경,0317938160,"경기도 하남시 하남대로855번길62-0 (덕풍동, 2층)",88.001,39426000
38,SCI0005,1,03625,***,복사용지 등 52종 구매,물품,SCI,제9121부대,202402161030,C2102,한성,han sung sang sa,김재선,055-545-3365,경상남도 창원시 진해구 이동572-1,88,1625792
15,SCP0016,1,03641,***,24-0함대 실내공기질 측정 용역,용역,SCP,제8385부대,202402161030,KDF37,주식회사 더조은생활환경연구소,,김혁,0613361773,"전라남도 나주시 교육길13(빛가람동) 스마트파크지식산업센터 디2동 302호, 303호",88.026,9143000
2284,SFG0017,1,03495,***,A4 등 421품목 구매,물품,SFG,제9181부대,202402161030,C2F98,(주)이코엠에스,ECOMS,김광수,0319154401,경기도 고양시 일산서구 장자길136번길 43(),87.995,20908100
346,LQG0013,1,03696,***,00부대 취사식당 신축공사 건축 감리용역,용역,LQG,육군 52보병사단,202402161030,CDAD4,이안건축사사무소,EAN ARCHITECTURE,원명숙,0317900023,"경기도 성남시 수정구 위례동로135, 802-35호(창곡동, 신성위캐슬타워)",87.755,178736870
2,MHD0011,1,02655,***,해안복합감시체계 사업 비용분석,용역,MHD,방위사업청(운영지원과),202402151500,C7CD2,사단법인 안보경영연구원,SMI,김주형,025445937,"서울특별시 강남구 언주로527, 10층 (역삼동)",,29000000
14,MDK0008,1,03577,***,24년 LED 전광판 설치 납품,물품,MDK,국군수송사령부,202402151130,G44DE,우주정보통신 주식회사,"Woojoo Telecom Co.,Ltd.",강병열,0519875006,"부산광역시 사하구 오작로46, 4동 201호 (괴정동, 신익타운상가)",88.105,15565200
2,LGP0039,1,03111,***,24년 민수용 감시장비 외주정비 용역,용역,LGP,제1군수지원사령부,202402151100,DD047,(주)유투에스알,U2SR,윤사빈,0319771034,"경기도 고양시 일산동구 하늘마을로158-0 (중산동) 대방트리플라온 C동 1101호, 1103호",88.584,17840000
86,LPT0001,1,03692,***,'24년 3월 ~ 12월 렌탈프린터 임차 용역,용역,LPT,제75보병사단,202402151100,LE1E3,라이커블,,김소영,01050006066,경기도 남양주시 별내중앙로30-0 (별내동) 별내로데오몰 204-B92호,88.007,42437066
52,MCX0008,1,03556,***,레스텔(2개소) 방제 용역,용역,MCX,자운대근무지원연대,202402151100,K6774,주식회사 창대건설산업,,유기태,0426371852,대전광역시 대덕구 대전로1064-0 (오정동),88.08,4529100
170,HCR0006,1,03558,***,00비 토양오염방지시설 등 2건 설계용역,용역,HCR,공군제15특수임무비행단,202402151100,C5E47,엔씨티종합건축사사무소,Registered architects office nct,정순철,0318985449,경기도 화성시 효행로1056-0 (병점동) 탑프라자 602호,88.001,78907900
214,SFH0024,1,02802,***,24년 부대조달부식(두채류) 제조 납품(도서 지역),물품,SFH,제9196부대,202402151100,K60F8,주식회사 일신웰스,,박병서,023335511,충청북도 청주시 흥덕구 강내면 부용남이길111-30,82.998,520611383
169,SFH0022,1,02801,***,24년 부대조달부식(부대 가공식품) 납품(도서 지역),물품,SFH,제9196부대,202402151100,1694F,광동제약(주),"KwangDong Pharm Co.,Ltd",최성원,0260067777,경기도 과천시 과천대로7다길52-0 (갈현동),83.013,1430494783
173,SFH0023,1,02807,***,24년 부대조달부식(기호식품) 납품(도서 지역),물품,SFH,제9196부대,202402151100,IDAFB,농업회사법인 자연과농부주식회사,,김민우,0438386061,충청북도 괴산군 사리면 사리로81-0,83.023,1384549007
214,SFH0024,2,02802,***,24년 부대조달부식(두채류) 제조 납품(도서 지역),물품,SFH,제9196부대,202402151100,K60F8,주식회사 일신웰스,,박병서,023335511,충청북도 청주시 흥덕구 강내면 부용남이길111-30,82.998,520611383
169,SFH0022,2,02801,***,24년 부대조달부식(부대 가공식품) 납품(도서 지역),물품,SFH,제9196부대,202402151100,1694F,광동제약(주),"KwangDong Pharm Co.,Ltd",최성원,0260067777,경기도 과천시 과천대로7다길52-0 (갈현동),83.013,1430494783
2,SFH0020,1,02788,***,24년 부대조달부식(빵류) 제조 납품(도서 지역),물품,SFH,제9196부대,202402151100,B9497,(유)목양,mokyang,이상근,0417426111,충청남도 논산시 연무읍 연무로 320(),97.669,349560000
9,SFH0017,1,02776,***,24년 부대조달부식(김치류) 제조 납품(도서 지역),물품,SFH,제9196부대,202402151100,3577F,농업회사법인 한백냉장식품 주식회사,"hanback catering service co.,ltd",김정희,0314992050,경기도 안산시 단원구 시화로109-0 (성곡동),88.055,419581732
167,MDG0014,1,03022,***,24년 의무장비(두부진찰등 휴대용) 구매,물품,MDG,국군의무사령부,202402151100,C0914,(주)동건,DONG GUN CO.,윤영현,0332422612,강원특별자치도 동해시 전천로245-2 (북평동),93.43,8567000
27,MDG0013,1,02717,***,24년 의무장비(기구세척기 초음파 치과용) 구매,물품,MDG,국군의무사령부,202402151100,I0EA2,주식회사 소향,"SO HYANG  Co.,  Ltd.",김은율,0315200490,"경기도 안산시 상록구 중보로22-0 (사동, 늘푸른아파트)상가113호",91.673,3236000
1126,MDG0015,1,02715,***,24년 의무장비(자동시력측정기) 구매,물품,MDG,국군의무사령부,202402151100,L6912,봄테크,,유경란,01040978290,"경기도 부천시 상일로72-0 (상동, 반달마을)1834동504호",87.995,16223644
4,MCD0001,2,00768,***,국제 해양영역인식 협력 방안 연구,용역,MCD,국방부(운영지원과),202402151100,CF6DD,호원대학교 산학협력단,INDUSTRY-ACADEMIC COOPERATION FOUNDATION HOWON UNIVERSITY,정의붕,0634507170,"전북특별자치도 군산시 임피면 호원대3길 64,",,29000000
94,HCM0013,1,03508,***,계약) '24년 교육사 병사식당 급식류 식자재 구매,물품,HCM,공군교육사령부,202402151030,DFA97,다해푸드,dahae.food,김기숙,0425876667,대전광역시 유성구 반석서로19번길35-0 (지족동),83.014,558058250
15,LGC0008,1,03557,***,24년 소방안전점검 용역,용역,LGC,육군학생군사학교,202402151030,HD88B,주식회사 에이탑소방,ATOP Fire Protection System Managemet Corp.,노승진,0432175119,"충청북도 청주시 청원구 1순환로282번길26, 2층(내덕동)",88.005,52626000
17,SCQ0012,1,03555,***,24-평 토양오염도 검사 용역(도서 포함),용역,SCQ,제9911부대,202402151030,HCA9E,재단법인 대경환경연구소,Foundation Daegyeong environment research institute,안교원,0549722599,경상북도 칠곡군 동명면 봉암1길27-1,88.013,10288000
3,LGC0007,1,03550,***,24년 학군장교 임관식 인원수송 셔틀버스 임차용역,용역,LGC,육군학생군사학교,202402151030,G1847,천일관광여행사 주식회사,citour,박경우,043-838-8113,충청북도 증평군 증평읍 안골길138(증천리),89.921,52910000
149,SCI0003,1,03426,***,야자매트 구매,물품,SCI,제9121부대,202402151030,HC6AE,대광테크,DAEKWANGSANGSA,김종선,0552220933,경상남도 창원시 마산합포구 산호동2길50-0 (산호동),88.003,6154520
17,LHZ0001,1,03462,***,24년 음식물쓰레기 처리용역,용역,LHZ,제5767부대,202402151030,I549D,(주)푸른농장,GREEN FARM,이관영,0337332238,강원특별자치도 춘천시 동면 소양강로304-12,88.253,64847100
256,LHQ0003,1,03471,***,24년 안전물자세트 구매,물품,LHQ,제2작전사령부,202402151030,J42C0,성경,,박경규,01028237819,"대구광역시 동구 율하서로1길14, 301호(율하동)",88,16510770
5,HDC0008,1,03452,***,24-용-18 작은도서관 위탁운영 용역,용역,HDC,공군제1전투비행단,202402151030,E1EA9,유한회사 창해,"chang hae Co., Ltd",류제성,0626118816,광주광역시 광산구 풍영철길로15(콜롬버스월드 302호),89.033,35665320
164,SFL0006,1,03450,***,유성매직 등 232품목 구매,물품,SFL,제3283부대,202402151030,L1E78,포포,,최영주,0542541470,경상북도 포항시 북구 법원로63번길9-6 (장성동),88.004,40643170
5,SFL0005,1,03399,***,의약품(게보린 정 등 74품목) 구매,물품,SFL,제3283부대,202402151030,FA5A1,선진약품,sunjinpharm,최원수,0538148663,경상북도 경산시 원효로42길54-0 (사동),88.339,21947770
219,LCT0002,1,03187,***,전반기 교육훈련예산(교육장비구입비 등 3개)구매,물품,LCT,육군포병학교,202402151030,F8BE9,대종건설 주식회사,daejong construction,임동조,0617826661,전라남도 구례군 구례읍 택지2길4-5,88.112,12419880
13,SCN0031,1,03567,***,24-00원 기계설비 성능점검 용역,용역,SCN,제7001부대,202402151030,L5A19,주식회사 에프엠,,조경희,0557158489,"경상남도 창원시 성산구 용지로90, 4층 38호(중앙동, 공성상가)",88.018,18650403
4,SCN0030,1,03566,***,24-진-19 체단장 무인경비 용역,용역,SCN,제7001부대,202402151030,CE36C,케이티텔레캅주식회사,"KT Telecop Co., Ltd.",장지호,0215880112,"서울특별시 구로구 가마산로291, 1층(구로동)",88.196,10862280
79,LHZ0002,1,03511,***,24년 프린터 임차용역,용역,LHZ,제5767부대,202402151030,L27D4,원파워 주식회사,,김명희,07047722900,"강원특별자치도 원주시 오성마을길63-25, 상가동 201-249호(단구동)",88.092,20336500
6,LIK0008,1,03510,***,'24년 화공가스 구매 및 용기검사,물품,LIK,제2군수지원여단,202402151030,A65DF,한국수소(주),hangook,이종근,0326736223,경기도 부천시 오정구 석천로398번길39-0 (삼정동),88.102,29114878
4,LIK0007,1,03504,***,'24년 의료용 산소 충전 및 용기 재검사 계약,물품,LIK,제2군수지원여단,202402151030,BCB51,(주)대일가스,DEAILGAS,최봉순,0336457050,강원특별자치도 강릉시 강동면 아래장작골길68-0,88.135,19960300
2411,MDW0006,1,03502,***,24년 1학기 2차 교재 구매,물품,MDW,국군간호사관학교,202402151030,JFC80,엠에스토탈,,문숙,01089783235,"경기도 안산시 단원구 석수로138 (선부동), 201동 1115호 (선부동, 안산 메트로타운 푸르지오 힐스테이트 오피스텔)",90.001,30456900
385,LNS0007,1,03427,***,24년 취사장 후드ㆍ덕트 청소 용역,용역,LNS,제55보병사단,202402151030,J6F6D,와이에스종합관리 주식회사,,손일현,0314818562,"경기도 성남시 수정구 위례광장로300, 514-96호(창곡동, 위례중앙타워5층)",88.008,19382360
7,SFL0004,1,03381,***,공업용 헬륨가스 구매,물품,SFL,제3283부대,202402151030,HAB2F,가스쏠루나 주식회사,MODERN INDUSTRIAL GAS CO,이희광,0542938686,경상북도 포항시 남구 연일읍 연일로342-7,88.128,52822479
55,SCP0014,1,03535,***,Epson L6170 잉크 등 33종 구매,물품,SCP,제8385부대,202402151030,LDA97,소망유통,,최인숙,01062487950,강원특별자치도 동해시 서동로721-6 (신흥동),88.015,18929180
4,LBB0005,2,03559,***,24-1차 지정폐기물 위탁처리 용역,용역,LBB,육군제7789부대,202402151030,EE5C4,(주)케이에스에너지,KSENERGY,김광수,0313171674,경기도 화성시 정남면 내향로240-55 (주)케이에스에너지,84.749,106804398
4,LBB0005,1,03559,***,24-1차 지정폐기물 위탁처리 용역,용역,LBB,육군제7789부대,202402151030,EE5C4,(주)케이에스에너지,KSENERGY,김광수,0313171674,경기도 화성시 정남면 내향로240-55 (주)케이에스에너지,84.749,106804398
2257,SFG0016,1,03195,***,타이어 구매,물품,SFG,제9181부대,202402151030,K6014,대성리테일,,김진혁,01073113842,"인천광역시 미추홀구 소성로256번길18 (학익동, 청운아파트) 3동 202호",87.995,94868000
370,SFG0015,1,03171,***,엔진블로어 등 13품목 구매,물품,SFG,제9181부대,202402151030,M48DC,베로니카상사,,윤서현,01051165593,"경기도 가평군 청평면 경춘로807-18, 104동 703호(청구아파트)",88.005,48784450
2,SFC0003,1,01458,***,24-해병-군악연주회 시행 대행 용역,용역,SFC,제9691부대,202402151030,J92EA,주식회사 이음에듀테인먼트,,박하늘,0232852224,"서울특별시 관악구 은천로93, 502동201호(봉천동, 벽산블루밍아파트)",87.266,103000000
50,SDG0002,1,03568,***,24-인-내진보강 등 3건 설계용역,용역,SDG,제2002부대,202402151030,DE75F,건축사사무소예가,Architect Firm YEGA,곽영구,027858879,경기도 평택시 서정로 282(),87.757,88713000
26,MCS0017,1,02272,***,'24년 병영식당 자율운영부식 식자재 구매,물품,MCS,국방부계룡대근무지원단,202402151030,G89EF,이레축산,Irye,임순희,0513218800,부산광역시 사상구 새벽시장로103번길24-0 (감전동),88.011,104660900
16,LNQ0003,1,03505,***,'24년 음식물류 폐기물 수거 및 위탁처리 용역,용역,LNQ,제17보병사단,202402151030,M61B0,부자농장,,김승규,01052124800,경기도 연천군 미산면 동이리274-1 (마동로127번길 130-33),80.909,178169130
4,LBB0005,3,03559,***,24-1차 지정폐기물 위탁처리 용역,용역,LBB,육군제7789부대,202402151030,EE5C4,(주)케이에스에너지,KSENERGY,김광수,0313171674,경기도 화성시 정남면 내향로240-55 (주)케이에스에너지,84.749,106804398
20,LBB0004,1,03448,***,24-1차 일반폐기물 위탁처리 용역,용역,LBB,육군제7789부대,202402151030,J9225,주식회사 조은환경개발,,김애경,0318576160,경기도 양주시 칠봉산로314번길101-0 (봉양동),84.393,121658600
5,LDH0052,1,02276,***,24-1차 물류이동장비(리치트럭) 구매,물품,LDH,육군종합정비창,202402141300,H93E9,(주)한국물류로봇,"HAN SUNG ENG Co.,Ltd",황용수,0518322122,부산광역시 강서구 도도본리길68-0 (대저2동),88.291,25339000
3,LQH0003,2,00633,***,24년 예비군 도시락 제조 납품(2권역),물품,LQH,제3697부대,202402141300,G44BF,(주)기락,girak,송옥섭,0315724737,경기도 남양주시 별내면 송산로넉바위길6,,898904000
5,LQH0002,2,00632,***,24년 예비군 도시락 제조 납품(1권역),물품,LQH,제3697부대,202402141300,G44BF,(주)기락,girak,송옥섭,0315724737,경기도 남양주시 별내면 송산로넉바위길6,,444440000
2,LDH0066,1,02492,***,(일장) 다목적굴착기 절연체류 등 25품목 구매,물품,LDH,육군종합정비창,202402141300,DC147,DGI산업,DGI.CO,백지윤,0519042500,"부산광역시 동래구 차밭골로21번길36, 1층 (온천동)",90.938,11720000
8,LDH0058,1,02369,***,"K21 집적회로,디지털형 등 23종 구매",물품,LDH,육군종합정비창,202402141300,J662F,구구컴퍼니,,김수현,02-6091-1083,경기도 광명시 시청로29번길8-1 (철산동),88.429,3049996
16,LDH0053,1,02277,***,"24-2차 물류이동장비(6,000LB 디젤 지게차) 구매",물품,LDH,육군종합정비창,202402141300,KEE47,주식회사 삼마기업,,이가은,01025192334,"서울특별시 마포구 월드컵로34길6, 1동 14층 1406호(성산동,태림센트윈2차)",88.087,41542189
4,LDH0069,1,02769,***,(자재) 도장자재 포리빠데 등 11종 구매,물품,LDH,육군종합정비창,202402141200,I49E3,주식회사 창원상사,CWC,이은석,0542746100,경상북도 포항시 남구 대해로89-1 (대도동),88.886,8465204
7,LDH0068,1,02772,***,(자재) 특수윤활유 윤활그리스 등 16종 구매,물품,LDH,육군종합정비창,202402141200,HB4C2,주식회사 성우,"SUNGWOO CO., LTD.",김은화,0519873828,부산광역시 강서구 신호산단3로88번길68 (신호동),91.432,22401600
3,LCP0013,1,03246,***,'24년 자동차 임차용역(1차),용역,LCP,육군항공사령부,202402141130,B2427,주식회사 레드캡투어,redcaptour,인유성,0427142392,"서울특별시 중구 을지로100, 비동 19층(을지로2가, 파인에비뉴)",96.215,35100000
896,MDG0011,1,02299,***,24년 의무장비(수술등 천정식) 구매,물품,MDG,국군의무사령부,202402141100,DE625,현 메디칼(주),"Hyun Medical Co., Ltd.",임종범,0424766560,대전광역시 유성구 노은서로2-0 (노은동) 201호,88.004,37815000
49,SFC0006,1,02509,***,24-덕-소방시설 점검 대행 용역,용역,SFC,제9691부대,202402141100,C06AF,주식회사 신성씨엔씨,sin sung cnc,김성봉,0315745760,경기도 남양주시 진접읍 경복대로454,88.033,18685550
28,LKG0008,1,03200,***,53사단 의무근무대 신축 공사 소방감리용역,용역,LKG,육군제53보병사단,202402141100,FA6EC,주식회사 우일엔지니어링,uil engineering,양덕경,0519132000,부산광역시 해운대구 삼어로133번나길14-0 (반여동),88.015,19466190
25,UMM0038,1,03094,***,24-M-육로화물 수송 용역,용역,UMM,국군재정관리단,202402141100,3277F,현대글로비스 주식회사,HYUNDAI GLOVIS,이규복,0261919114,"서울특별시 성동구 왕십리로83-21 (성수동1가, 아크로 서울포레스트)",78.261,1081910000
297,UMM0033,1,01770,***,24-F-체력단련장 비료 구매,물품,UMM,국군재정관리단,202402141100,J5CB5,씨에스컴퍼니,,나철수,07088610044,"서울특별시 강동구 천호대로1139,11층 알1156호(길동)",87.995,166081810
35,UMM0035,1,01657,***,24-D-체력단련장 농약 14종 구매,물품,UMM,국군재정관리단,202402141100,IE4A4,주식회사 비즈아그로,,배형욱,07044385744,울산광역시 울주군 온산읍 화산로121-5 마동,88.021,182559950
6,UMM0041,1,01520,***,24-M-윤형철조망 등 4품목 제조,물품,UMM,국군재정관리단,202402141100,CDFD3,주식회사동서에코글로벌,"DONGSEOECOGLOBAL.CO.,LTD.",우승헌,0419310345,충청남도 보령시 산업단지길10-81 (웅천읍),88.118,154752000
3,UMM0043,1,01481,***,24-F-공군 체력단련장 체육시설업자 배상책임보험,용역,UMM,국군재정관리단,202402141100,A5A9E,삼성화재해상보험 주식회사,SAMSUNG FIRE & MARINE INSURANCE,이문화,027587488,서울특별시 서초구 서초대로74길14 (서초동),70.176,106312100
1562,UAC0006,1,02540,***,인쇄용지 3종 수시구매(스노아트지120gB 등 3종),물품,UAC,국방출판지원단,202402141100,L33D9,아이테르,,이종석,01083466323,"인천광역시 서구 심곡로135, 101동 1601호(심곡동, 대동아파트)",87.996,41332900
874,MDG0012,1,02300,***,24년 의무장비(도상검안경) 구매,물품,MDG,국군의무사령부,202402141100,LF0ED,호호아(HOHOA),,조현자,01030085641,"경기도 용인시 수지구 죽전로172, 3층 335호-B0008호 (죽전동, 단국프라자)",87.998,19764332
61,LCH0005,1,03119,***,00부대 간편식 구매(1-24-물-1),물품,LCH,특수전사령부,202402141030,J84F0,아주상사,,정선희,0313764700,"경기도 화성시 동탄광역환승로63, 106동 301호(오산동)",88.073,36992370
80,SCN0028,1,03083,***,녹화끈 등 15종 구매,물품,SCN,제7001부대,202402141030,LC059,지상물산,,김상지,010-2744-5703,"경상남도 창원시 의창구 북면 무동로267번길9, 102동 1005호(창원의봄)",88.015,5521700
5,SFD0007,1,03251,***,24~26년 호텔마린 등 2곳 정수기 임차용역,용역,SFD,제9227부대,202402141030,D73D5,정수프라자,jsplaza,정차용,0542815115,경상북도 포항시 남구 상도로5 (상도동)  1층,88.028,4717400
3,SFD0006,1,03241,***,24-P-호텔마린 무인경비 용역,용역,SFD,제9227부대,202402141030,B169D,에스케이쉴더스 주식회사,,민기식,03151805000,경기도 성남시 분당구 판교로227번길23(삼평동),88.079,11961720
2,SFG0013,1,03170,***,24-K-공사감독관 업무용차량 임차용역,용역,SFG,제9181부대,202402141030,B2427,주식회사 레드캡투어,redcaptour,인유성,0427142392,"서울특별시 중구 을지로100, 비동 19층(을지로2가, 파인에비뉴)",88.47,7933500
215,LFC0015,1,03145,***,24년 1분기 전산운영용품 구매,물품,LFC,육군훈련소,202402141030,J888D,예지컴,,김연제,010-9201-5350,"인천광역시 중구 흰바위로34, 1003동 302호(운서동, 영종주공스카이빌10단지아파트)",88.097,16301421
5,SCP0012,1,03314,***,24-동 매입관사 및 간부숙소 도배 및 장판 설치 납품,물품,SCP,제8385부대,202402141030,C355F,일탑(주),iltop,이창우,0335358127,강원특별자치도 동해시 평릉1길16-0 (평릉동),89.092,72033200
164,DSS0002,1,03188,***,00부대 물탱크청소 용역,용역,DSS,국군제1068부대,202402141030,C072C,태원기업(주),"TAEWON CO.,LTD.",박기욱,0315438144,경기도 포천시 소흘읍 아랫용상2길 17-14(태원기업(주)),88.009,25249867
5,SCP0013,1,03319,***,24-0함대(강원) 전기안전관리대행 용역,용역,SCP,제8385부대,202402141030,L6E1B,주식회사 우리전기,,김현식,0336710136,강원특별자치도 양양군 서면 북평길31,88.091,25639410
7,SFN0003,1,03282,***,24-Y-유해(작업)환경측정 위탁 용역,용역,SFN,연평부대,202402141030,I1A19,주식회사 이엔직업환경연구소,EN occupational environment lab,이신우,0518070201,부산광역시 부산진구 서면문화로47 (부전동) 6층,88.423,16879222
2,LFN0006,2,03215,***,24년 교육정보 종합시스템 SW유지보수,용역,LFN,육군3사관학교,202402141030,JFE3E,주식회사 엘앤비소프트,,이창건,01076751023,"경기도 화성시 동탄대로446, 1123호(청계동, 동탄역 그란비아스타)",88.271,31002640
2,LFN0006,1,03215,***,24년 교육정보 종합시스템 SW유지보수,용역,LFN,육군3사관학교,202402141030,JFE3E,주식회사 엘앤비소프트,,이창건,01076751023,"경기도 화성시 동탄대로446, 1123호(청계동, 동탄역 그란비아스타)",88.271,31002640
15,LFC0014,1,03053,***,24-4차 교육재료(실습용 장갑) 제조 납품,물품,LFC,육군훈련소,202402141030,G5335,주식회사 서진산업,"Seojin Industry Co., Ltd",강대용,0326841550,"경기도 부천시 오정구 원종로131(고강동, 3층 3호)",88.093,43387750
262,SCH0024,1,03339,***,24-10호 녹제거제 등 416종 구매,물품,SCH,해군작전사령부,202402141030,LC215,코다,,견진석,0514141999,"부산광역시 영도구 동삼동로10, 101동 1109호(동삼동, 경전아파트)",88.033,12232079
218,SCH0025,1,03343,***,24-11호 방한장갑 등 513종 구매,물품,SCH,해군작전사령부,202402141030,H4339,주식회사보승글로벌,bosungglobal,위나영,07087065666,"경상남도 창원시 진해구 웅동로162-0, 105동 501호(두동, 청안해오름아파트)",88.009,50077600
281,SCH0023,1,03335,***,24-9호 17cm 가위 등 398종 구매,물품,SCH,해군작전사령부,202402141030,LE536,아성기업,,길아성,07047160143,"부산광역시 기장군 기장읍 차성동로168-7, 205호",88.001,23506490
4529,MCT0006,1,03340,***,여자축구부 훈련용품(롱패딩 등  20종)구매,물품,MCT,국군체육부대,202402141030,K5CC9,삼안시스템,,정영섭,07048371919,전라남도 여수시 소라면 도원로80 (죽림 양우내안애아파트) 109동 703호,88,36629247
305,SFC0005,1,02748,***,의무장비(산소소생기 자동식) 구매,물품,SFC,제9691부대,202402141030,K37F8,주식회사 한마음플러스,,이희준,0315419630,"경기도 포천시 소흘읍 광릉수목원로836번길4-13, 1층",87.995,3432696
784,SCR0011,1,03413,***,회로카드 조립체 등 7종 구매,물품,SCR,해군제3함대사령부,202402141030,K0053,우성종합상사,,이동건,061-243-1722,전라남도 목포시 삼학로141 (산정동) 2층,87.995,6290562
913,SCR0006,1,02461,***,패킹 등 20종 구매,물품,SCR,해군제3함대사령부,202402141030,J2F67,더 까까주까 우승오피스마트,,오순옥,0315730321,경기도 남양주시 퇴계원읍 도제원로98-0,88.008,14094410
1036,SCR0010,1,02445,***,금속 방부제 등 8종 구매,물품,SCR,해군제3함대사령부,202402141030,F9CD1,한울커머스,hanwool,정명환,01036636350,"전라남도 순천시 원가곡2길17, 제108동 제지1층 제101호 한울커머스(가곡동, 가곡동 영무예다음 아파트)",87.997,38020120
813,SCR0009,1,02430,***,피니슁 오일 등 7종 구매,물품,SCR,해군제3함대사령부,202402141030,JE7B4,희현코퍼레이션,,허미희,01033396291,인천광역시 남동구 선수촌로56(구월동) 501-2102,87.999,7576276
1039,SCR0007,1,02420,***,"펌프, 회전식 등 12종 구매",물품,SCR,해군제3함대사령부,202402141030,L93F0,야은물산,,전계영,01077538864,"광주광역시 남구 제중로111, 103-1401 (서동, 남구 서동 영무예다음)",87.997,41175970
15,SCQ0011,1,03101,***,24-평 폐기물(음식물류) 처리 용역,용역,SCQ,제9911부대,202402141030,E5CF9,이엘투엘주식회사,"e-LtoL CO.,LTD",원관호,0316111034,경기도 안성시 원곡면 산하리395번지,84.898,111540000
13,SCI0002,1,02669,***,"AIP수소(9,200KG) 납품",물품,SCI,제9121부대,202402141030,G0C24,신라특수가스,SHILLA SPECIAL GAS,김경희,0314984600,경기도 시흥시 오이도로22-29 (정왕동),88.402,165360800
22,SCH0022,1,03328,***,24-3호 반판두부 등 22종 구매,물품,SCH,해군작전사령부,202402141030,L0E88,주식회사 담올,,김대현,0519722017,"부산광역시 강서구 낙동북로102번길5-0 (강동동), 1층",83.129,134363000
443,SCF0108,1,01689,***,"펌프, 회전식 1종 구매",물품,SCF,해군군수사령부,202402141030,KB0C5,해솔,,김수봉,07042595378,"경기도 포천시 소흘읍 호국로717, 301호",87.995,128271500
1701,MDW0005,1,03485,***,24년 1학기 1차 교재 구매,물품,MDW,국군간호사관학교,202402141030,L839B,연남기획,,변상준,028661679,서울특별시 중구 중림로2길13-3(중림동),90,84961512
19,MDK0007,1,02633,***,23-3차 아크부대 재보급물자 수송관리 용역,용역,MDK,국군수송사령부,202402141030,F3425,(주)에스티해운,"ST SHIPPING CO.,LTD.",오성택,027559384,서울특별시 서초구 서초동1660-26 골드빌딩 2층,87.8,152580500
6,MCF0002,2,02786,***,'24년 충혼당용 유골함 제조 구매,물품,MCF,국립서울현충원,202402141030,C16B1,화림경산업(주),"HWALIMKYOUNG INDUSTRY CO,LTD",유한근,024169602,"서울특별시 송파구 송파대로416, 301호(송파동)",85.568,71225200
10,LCH0009,1,03410,001,음식물류폐기물 위탁처리 용역(경기남부권역),용역,LCH,특수전사령부,202402141030,H438C,에봇농장,ephode,김성희,010-7370-8333,경기도 연천군 청산면 평화로151번길43-0,84.533,143.2
2,LCH0011,1,03121,***,00부대 버스 임차 용역(13-24-용-1),용역,LCH,특수전사령부,202402141030,C6CD1,(주)대원고속관광,daewon tour.co,김동현,0422425050,"대전광역시 중구 태평로44번길27, 309호(유천동, 현암에버드림)",90.285,61546500
3,LCH0010,1,03120,***,00부대 버스 임차 용역(11-24-용-1),용역,LCH,특수전사령부,202402141030,FBF44,(유)나라고속,nara express,지상룡,0625267700,광주광역시 남구 송암로24번가길10(송하동),88.147,114723400
2,LHR0001,1,00283,001,24년 예비군 도시락 제조납품(1권역),물품,LHR,육군 제37보병사단,202402141000,EE943,주식회사행복담은네모,happy cube.corp,곽호근,0432687500,충청북도 청주시 흥덕구 1순환로614번길12 (봉명동),100,8000
2,UAB0018,1,03262,***,’24년 국방컨벤션 주류 계약,물품,UAB,국군복지단,202402141000,HE758,유한회사 금호주류상사,kumho,도현승,03115887960,경기도 광주시 오포읍 되치미길13-0,99.934,111266700
2,LHR0003,1,00285,001,24년 예비군 도시락 제조납품(3권역),물품,LHR,육군 제37보병사단,202402141000,EE943,주식회사행복담은네모,happy cube.corp,곽호근,0432687500,충청북도 청주시 흥덕구 1순환로614번길12 (봉명동),100,8000
2,LHR0002,1,00284,001,24년 예비군 도시락 제조납품(2권역),물품,LHR,육군 제37보병사단,202402141000,EE943,주식회사행복담은네모,happy cube.corp,곽호근,0432687500,충청북도 청주시 흥덕구 1순환로614번길12 (봉명동),100,8000
5,SCN0196,2,67174,***,24-진 해상식당 민간위탁 급식 용역,용역,SCN,제7001부대,202402131100,C6195,주식회사 풀무원푸드앤컬처,"Pulmuone Food & Culture Co.,Ltd",이동훈,0234007790,서울특별시 송파구 송파대로34길29(송파동),,19557257600
116,HCR0005,1,03105,***,24-여성화장실 설치공사 설계용역,용역,HCR,공군제15특수임무비행단,202402131100,KD345,에이플러스(A+)건축사사무소,,류수환,031-573-5250,경기도 남양주시 진접읍 해밀예당1로30-9 폴리프라자 706호,88.037,13687470
7,MCX0006,1,03033,***,매크 세척건조기 등 3종 구매,물품,MCX,자운대근무지원연대,202402131100,L5B92,도수파워,,안재홍,07047970581,"대전광역시 유성구 학하남로91번길6-6, 1층 123호(학하동)",88.5,12551960
43,MCS0020,1,03104,***,아이콘 펜슬 케이스 등 398종 구매,물품,MCS,국방부계룡대근무지원단,202402131100,L0943,이젠진상사,,김진혁,0425513100,"충청남도 계룡시 엄사면 엄사중앙로66, 3동 104호",88.006,13301700
53,HCR0004,1,03103,***,24-공-00비 내진성능평가용역,용역,HCR,공군제15특수임무비행단,202402131100,A4FC1,주식회사 만유방재엔지니어링,manyou,김원기,0234737683,경기도 광명시 새빛공원로67 광명역 자이타워 B동 1510호(일직동 515-1),88.026,23327500
5,SCN0196,1,67174,***,24-진 해상식당 민간위탁 급식 용역,용역,SCN,제7001부대,202402131100,C6195,주식회사 풀무원푸드앤컬처,"Pulmuone Food & Culture Co.,Ltd",이동훈,0234007790,서울특별시 송파구 송파대로34길29(송파동),,19557257600
54,MHP0002,1,02573,***,DNA시료채취 키트 구매,물품,MHP,국방부유해발굴감식단,202402131100,LC05C,유한회사 대산디컴,,안중성,07086574652,"서울특별시 서초구 강남대로107길21, 2층(잠원동, 대능빌딩)",88.269,46589820
3,MHP0001,1,02566,***,실험실감정장비(LIMS)유지보수 용역,용역,MHP,국방부유해발굴감식단,202402131100,BD192,경안이엔지(주),"KyungAhn ENG.,Ltd.",금동중,024524927,"서울특별시 광진구 아차산로78길110-0 (광장동, 리버힐오피스텔) 310",87.905,21923300
3,LHR0005,1,02916,***,(육성)청주 '24년 예비군 수송버스 임차용역,용역,LHR,육군 제37보병사단,202402131100,FB534,주식회사 스카이투어,skytour,박창용,0432879234,"충청북도 청주시 서원구 남지로21번길9-0 (미평동, BJ산림개발)",88.42,173872500
179,MCS0014,1,02764,***,PVC 바닥타일 등 2종 납품 설치,물품,MCS,국방부계룡대근무지원단,202402131030,K876D,케이엠컴퍼니,,임국묵,07076129238,충청남도 당진시 계성1길54-7 (읍내동)4층,87.998,63455283
134,SFD0005,1,03107,***,1/4분기 통합구매(저장용기 등 103품목) 납품,물품,SFD,제9227부대,202402131030,L338E,호암,,경도현,01053950336,경상북도 포항시 남구 송림로6번길41-0 (송도동),88.015,80314139
11,SCH0017,1,03056,***,24-비데 11대 임차 용역,용역,SCH,해군작전사령부,202402131030,K89C6,주원글로벌,,서진주,01074300888,"경상남도 창원시 성산구 원이대로774 (상남동, 성원아파트) 201동 2002호",88.084,8174000
438,LFP0001,1,02961,***,24년 전반기 학교 교육예산 비품 구매,물품,LFP,육군보병학교,202402131030,EDE2B,노벨문구,,박진옥,0622684026,광주광역시 동구 무등로531-1 (산수동),88,84135730
32,LQP0009,1,02984,***,'24년 비보급품유지비 사후원가 정산 원가검증 용역,용역,LQP,제1891부대,202402131030,D4822,재단법인 한국재정경제연구원,Korea Institute of Finance and Economy,김현철,024555405,"서울특별시 광진구 능동로259, 5층(군자동, 성운빌딩)",88.022,42830900
121,SCL0014,1,03481,***,도서(한국전쟁 등 3종) 구매,물품,SCL,해군사관학교,202402131030,KA2E9,케이에이치 커머스,,윤석인,07087875001,경상남도 창원시 마산회원구 내서읍 광려천북로198-2  월드비즈타운,90.002,7476923
46,SDQ0015,1,03305,***,"샌딩 스펀지, 연마재 100톤 구매",물품,SDQ,해군제2수리창,202402131030,E8E46,동진상사,dong jin sang sa,윤영현,07070792933,"경기도 평택시 평택5로34번길48, 402호(합정동)",88.001,20166400
38,SDQ0014,1,03304,***,연마석 등 18종 구매,물품,SDQ,해군제2수리창,202402131030,IA871,시논인터네셔널,sinon3636,류영숙,01048450325,경기도 평택시 안중읍 송담7길12-0,88.003,7031950
38,SCP0009,1,03108,***,이지롱 등 109종 구매,물품,SCP,제8385부대,202402131030,K0CAA,효성메디,,이은상,070-8098-8719,경기도 고양시 일산동구 중산로252-0 (중산동) 606호,88.001,23640930
10,SCQ0010,1,03100,***,24-평 폐기물(폐목재류) 처리 용역,용역,SCQ,제9911부대,202402131030,H38F0,주식회사 에프알에너지,FRENERGY,임상재,0316629199,경기도 평택시 삼봉로106-10 (독곡동),88.009,15603394
36,HDF0011,1,03087,***,'24년도 청나래 작은도서관 용역,용역,HDF,공군 제8전투비행단,202402131030,M52EB,이에스종합관리 주식회사,,박응석,0336337765,"강원특별자치도 속초시 미시령로3337번길2-0 (교동), 3층 302호",88.006,25955480
158,SFM0012,1,03067,***,노트북 거치대 등 420품목 구매,물품,SFM,제3170부대,202402131030,K6528,연동상사,,전희정,01089561221,"경상북도 포항시 남구 오천읍 원동로34, 1층 중간",88,80572350
7,MCR0006,1,03038,***,직무교육과정 현장학습 버스 임차용역,용역,MCR,국방대학교,202402131030,BB879,(주)올림픽관광,olympictour,안승호,0422528888,"대전광역시 중구 충무로173, 3층(문창동)",88.488,27980000
162,SFM0011,1,02872,***,스테플러 등 136품목 구매,물품,SFM,제3170부대,202402131030,J30AC,경북그래픽,,조미정,01025238129,경상북도 포항시 북구 우창로166 (창포동),88.008,96073170
148,SFM0010,1,02862,***,CARBURETOR UPPER 등 111품목 구매,물품,SFM,제3170부대,202402131030,M17BE,주식회사 비케이,,김민정,010-6393-7728,경상북도 포항시 북구 중앙상가1길6 (대흥동) 2층 202-13호,88.095,64060727
15,SCH0021,1,03133,***,24-8호 콜벨수신기모니터 등 6종 구매,물품,SCH,해군작전사령부,202402131030,M746A,주식회사 뮤플렉스,,김두환,0226025150,"서울특별시 양천구 지양로46, 2층 (신월동,한양빌딩)",88.07,1148116
16,LBA0004,1,03084,***,'24년 음식물류 폐기물 수거 및 위탁처리 용역,용역,LBA,제 2167부대,202402131030,J3C56,농업회사법인 주식회사 골드바이오텍,,김영학,01052670719,경기도 포천시 창수면 창동로161번길62,88.009,61870030
10,SDQ0013,1,03073,***,"희석제, 페인트 제품용 등 5종 구매",물품,SDQ,해군제2수리창,202402131030,K7E87,휴이,,이명교,07043231705,경기도 평택시 중앙2로13 (평택동) 602-1-310,97.846,10110000
22,MCS0015,1,02811,***,콤비롤스크린 등 2종 납품 설치,물품,MCS,국방부계룡대근무지원단,202402131030,C2329,새한커텐상사,saehan curtain saung sa,김현옥,0632225966,전북특별자치도 전주시 완산구 중화산로111-0 (중화산동2가),88.036,57009000
206,LCF0005,1,01987,***,"탐지기,가스용 1항목 구매(화생방)",물품,LCF,육군군수사령부,202402081600,I0561,윈앤윈,winandwin,강석범,01020897318,"서울특별시 동작구 사당로23아길66, 202호(사당동, 대도빌라)",88.004,13158000
6,LDH0049,1,02208,***,특무 발칸 핀 등 10종구매,물품,LDH,육군종합정비창,202402081300,BDFC7,현대정밀가스켓,,이의정,051-802-7662,부산광역시 사상구 가야대로175번길29-0 (감전동),88.001,7874800
52,LDH0880,2,59255,***,00공장 크레인체계 개선 관급자재,물품,LDH,육군종합정비창,202402081100,J0267,미성엔지니어링,,김미솔,07042528388,경기도 김포시 양촌읍 황금3로7번길36-0,83.641,277924530
10,MCX0005,1,02843,***,24-00지역 사업장 폐기물 처리 용역,용역,MCX,자운대근무지원연대,202402081100,B6CDE,대길환경 주식회사,,유만종,0418563001,충청남도 공주시 이인면 백제큰길 1096(),88.289,44000000
2509,LFK0003,1,02901,***,24년 전반기 교육실습재료비 구매,물품,LFK,육군종합군수학교,202402081100,KC9EB,주니유통,,이준영,07046513947,"부산광역시 해운대구 해운대로219번길21 (재송동, 삼흥맨션)",88,45667420
15,UMM0036,1,02861,***,(24F023-B) '24년 음식물류 폐기물 위탁처리 용역,용역,UMM,국군재정관리단,202402081100,H229C,중원산업,JUNGWON Industry,김경민,01062460327,충청북도 충주시 주덕읍 화개1길16 (서충주신도시 삼일파라뷰 그랜드센트럴) 220동 212호,80.523,357698523
14,UMM0031,1,00899,***,(24F016-A) 창정비장비 및 위탁용역 수송,용역,UMM,국군재정관리단,202402081100,2374F,주식회사 한진,"Hanjin Transportation Co., Ltd.",노삼석,027285114,서울특별시 중구 남대문로63-0 (남대문로2가)),83.242,441987703
27,MDD0026,1,02941,***,2024년 음식물폐기물 위탁처리 용역,용역,MDD,국군수도병원,202402081100,L8AA7,오션환경,,김진태,010-9439-9299,경기도 광명시 범안로1035-0 (하안동),84.287,99335000
6,MDD0025,1,02895,***,2024년 의료폐기물 위탁처리 용역,용역,MDD,국군수도병원,202402081100,M43F3,주식회사 에너지로직스중부,,양승한,0417515542,충청남도 금산군 복수면 수영길20,85.497,130479500
70,LDH0881,2,59922,***,00부대 갠트리크레인 제조설치(2024),물품,LDH,육군종합정비창,202402081100,J0267,미성엔지니어링,,김미솔,07042528388,경기도 김포시 양촌읍 황금3로7번길36-0,83.554,296077850
2174,SCF0106,1,02204,***,(긴급)폴리톤 합판 4.8MM 등 16종,물품,SCF,해군군수사령부,202402081030,D0AF1,윈아트,winart,오민탁,0313933100,"경기도 군포시 고산로 166, 103동 905호(당정동, SK벤티움)",88,24396000
16,MCS0016,1,02945,***,24-폐기물(폐합성수지류) 처리용역,용역,MCS,국방부계룡대근무지원단,202402081030,EF915,(유)태광산업,taekwangsanup,임광재,0638617871,전북특별자치도 익산시 함열읍 박전길43-15,88.989,26294500
5752,SCN0027,1,02712,***,티꽂이매트 등 2종 구매,물품,SCN,제7001부대,202402081030,L29C8,다다,,권우재,01022605997,경기도 이천시 신둔면 서이천로874-9,88,22185910
51,HDF0010,1,02939,***,"24-007, 공병대대, 종량제봉투 등 2종",물품,HDF,공군 제8전투비행단,202402081030,L1B1C,누리다,,엄준호,01085771723,"강원특별자치도 원주시 흥업면 한라대길28, 2관307호(한라대학교 창업보육센터)",98.951,66800000
3,LNT0001,1,02891,***,저시력자 안경렌즈 제조,물품,LNT,제28보병사단,202402081030,K8AB8,안경가게,,김주현,031-402-5383,경기도 안산시 단원구 민속공원로79-0 (고잔동) 103호 안경가게,88.059,31155720
9,SFM0009,1,02848,***,정비화 제조,물품,SFM,제3170부대,202402081030,L096E,주식회사 칼로스,,김혜진,0325478693,"인천광역시 계양구 효서로45, 지하1층(효성동, 효성빌딩)",88.077,84699600
45,SCN0025,1,02714,***,심블 등 5종 구매,물품,SCN,제7001부대,202402081030,M6988,아톰시스템즈,,서지영,050701784842,"경상남도 창원시 성산구 동산로115, 111동 1602호(상남동, 대동아파트)",90.05,12248051
278,SCN0026,1,02713,***,백셀건전지 등 113종 구매,물품,SCN,제7001부대,202402081030,M1935,앤즈,,김정학,01083964860,경상남도 창원시 의창구 창이대로321번길18-1 (봉곡동),88.004,37321191
9,LQP0006,1,02907,***,00부대 전기안전관리 대행용역(3권역)(B003),용역,LQP,제1891부대,202402081030,AD77B,대한일렉트릭(주),daehanelectric,조수명,033-746-8889,"강원도 원주시 흥양로30, 203동관리소(태장동, 대흥아파트)",88.797,10665280
9,LKS0014,1,02834,***,'24년 체력단련장 위생용품(타월) 제조납품,물품,LKS,육군인사사령부,202402081030,G4655,한진타올,hanjintowel,김보경,0432692857,충청북도 청주시 서원구 현도면 현도시동길76-0,88.284,19504098
8,LHD0001,1,02815,***,군장품(신병 명찰 및 계급장) 제조납품(X002),물품,LHD,제21보병사단,202402081030,E50AC,청운,CHUNG UN,장은비,0807075541,강원특별자치도 철원군 김화읍 청양로88,88.931,21332000
20,SFG0009,1,02572,***,병기보관 목상자 제조 구매,물품,SFG,제9181부대,202402081030,LD4F6,바라크,,오용근,01062702919,경기도 남양주시 화도읍 재재기로71번안길12-52,88.222,18051000
1080,SFG0008,1,02570,***,펀치 등 142품목 구매,물품,SFG,제9181부대,202402081030,JADB8,(주)씨엘시스템,,이규철,03151757812,"경기도 김포시 태장로755-0 (장기동), 4층 407호 지타워 지식산업센터",87.995,26807080
1870,SFG0007,1,02568,***,열쇠보관함 등 18품목 구매,물품,SFG,제9181부대,202402081030,L199B,제이더블유(JW)아키,,강정우,0312847770,"경기도 용인시 기흥구 중부대로382-0 (신갈동), 2층 206호",87.995,32876777
1085,SFC0004,1,02519,***,의무장비(시력측정기 자동식 등 2종) 구매,물품,SFC,제9691부대,202402081030,L0A77,삼성케어,,이병선,0619012262,"전라남도 목포시 하당로99 (상동), 2층",87.995,25734920
4,MHD0106,1,66775,***,유도무기 신뢰수준 및 시험사격 적정수량 연구,용역,MHD,방위사업청(운영지원과),202402071500,C693D,(사)21세기군사연구소,Korea Research Institute of Military Affairs,김진욱,028423105,"서울특별시 금천구 가산디지털2로184, 10층 1017호(가산동, 벽산디지털밸리2차)",,45000000
4,LFN0005,1,02653,***,24년 생도증식(차돌박이 등 85종)구매,물품,LFN,육군3사관학교,202402071400,GFE87,주식회사 세븐스타컴퍼니,seven star company.co,김동진,0549774123,경상북도 칠곡군 왜관읍 현대로93,88.618,176348427
187,UMM0818,1,65486,***,24-M-이동식화장실 및 샤워장 임차용역,용역,UMM,국군재정관리단,202402071100,JC210,강산하우징,,강신대,031-8042-2570,충청북도 충주시 신니면 신덕로56,87.753,132176175
41,UAC0005,1,02728,***,박스포장용 테이프 2종 구매,물품,UAC,국방출판지원단,202402071100,HF8B1,주식회사 도도앤컴퍼니,DODO & COMPANY,김도헌,01047607987,충청남도 보령시 보령북로17-1 (동대동),88.004,4944940
57,MCS0013,1,02750,***,(군수-장비-01) 축전지식 의전차(카트) 구매,물품,MCS,국방부계룡대근무지원단,202402071100,LCC80,오성기획,,오병효,0425513683,충청남도 계룡시 서금암1길8호,88.001,29677100
39,LFH0004,1,02723,***,1분기 교육예산(교육 및 실습재료비) 구매,물품,LFH,육군부사관학교,202402071100,L32CF,케이유컴퍼니,,김영미,07076129238,"전북특별자치도 익산시 번영로10길31 (평화동, 익산 평화 제일 오투그란데 에버) 102동 901호",88.091,33585221
2,LMP0004,1,02829,***,24년 장비운영 소모품(AED 소모품)구매,물품,LMP,제3보병사단,202402071100,L8C31,지평,,김승환,01096614808,강원특별자치도 철원군 갈말읍 호국로5605-15,88.796,10564200
5,UMM0022,1,01648,***,24-M-페인트 18종 제조(248002-F),물품,UMM,국군재정관리단,202402071100,D78FE,동서화인켐 주식회사,*,이영관,0553750010,경상남도 양산시 상북면 소토3길 8(),88.323,155310000
106,UMM0023,1,01550,***,24-M-병영시설 민간 전문방제 위탁 용역,용역,UMM,국군재정관리단,202402071100,DCAE7,주식회사 케어원,,김호영,025535200,"서울특별시 강남구 역삼로148, 3층 (역삼동, 굿잡빌딩)",78.18,761606048
135,UMM0027,1,01452,***,24-N-해군지 제작 용역,용역,UMM,국군재정관리단,202402071100,B666F,방형식디자인,Banghyoungshic Design,이승환,0220826388,"서울특별시 금천구 가산디지털2로 98, 2동 1203호(가산동, IT캐슬)",87.752,127894710
3,LGP0019,1,02831,***,24년 도하장비 외주정비 용역(강원),용역,LGP,제1군수지원사령부,202402071100,E9F79,주식회사 룩스그린,LOOKSGREEN,김권호,0313668050,경기도 화성시 서신면 화남공단로114-13,87.963,166850000
62,HDT0003,1,02865,***,"'24년 독수리회관 농, 수, 축, 공산 납품 계약",물품,HDT,공군작사근무지원단,202402071100,JED52,주식회사 아름상사,,박정석,0313764700,경기도 화성시 동탄광역환승로63 (오산동),83.003,605447550
98,HDM0004,2,02392,***,'24년 에이스가든 식자재 구매,물품,HDM,공군제17전투비행단,202402071030,J1935,파머스 미트,,조성겸,01075973832,"부산광역시 강서구 맥도강변길912-43, 별관 1층(대저2동)",82.995,616578600
41,SCL0013,1,02805,***,의무약품(뮤시딘 캡슐 등 142종) 구매,물품,SCL,해군사관학교,202402071030,C7045,서일약품(주),seoil,이경모,0332625795,강원특별자치도 춘천시 동내면 향군길 44(),88.003,19820040
3,LHP0001,1,02757,***,"금화정,동호리 간부숙소 신축 등 2건 타일 제조납품",물품,LHP,제22보병사단,202402071030,KAFC6,주식회사 마도세라믹스,,김태연,0313554742,경기도 화성시 마도면 화성로785번길32,95.32,89333000
54,SCL0012,1,02800,***,입시홍보물품(모집요강 등 3종) 구매,물품,SCL,해군사관학교,202402071030,G7A8C,(주)미래피앤피,"MIRAE PNP CO., LTD",최애경,0555463115,경상남도 창원시 진해구 충장로487-0 (덕산동),88.181,11991200
14,LPS0002,1,02740,***,24년 음식물쓰레기 위탁처리용역,용역,LPS,제60보병사단,202402071030,J416F,주식회사 다온환경,,이정민,0319669984,경기도 고양시 일산동구 일산로38-0 (백석동) 우림보보카운티 1동 715호,88.57,30545000
472,SEE0005,1,02735,***,실내사격장 피탄지 고무판 구매설치,물품,SEE,제9해병여단,202402071030,J9EC7,더블유원,,박원호,01036498707,전라남도 순천시 해룡면 해룡산단6로138,88.001,25753500
295,SCP0008,1,02809,***,더스트프리 지우개 등 844종 구매,물품,SCP,제8385부대,202402071030,L0EFE,씨에스 강원,,김도연,01052181431,강원특별자치도 동해시 부곡6길6 (부곡동),88.002,21261870
56,SFG0010,1,02658,***,동물퇴치기 구매,물품,SFG,제9181부대,202402071030,HFABB,주식회사 솔북,SOLBOOK,서영은,07046591519,"경기도 김포시 김포한강11로312, 216호 (운양동, 리앤포레2차)",88.003,10031497
9,SCU0017,1,02777,***,'24-ㅇ전단 민군상생 물품(2종) 구매,물품,SCU,해군 기동함대사령부,202402071030,GA542,오도유통,ODO,윤선숙,01050972520,제주특별자치도 제주시 구좌읍 김녕로129,88.414,3761340
56,SDQ0012,1,02782,***,"클램프, 수리용, 파이프용 등 9종 구매",물품,SDQ,해군제2수리창,202402071030,K9A22,오공상사,,김도연,01052181431,"경기도 평택시 안중읍 안현로서6길10, 305동 B08호",88.022,31345170
159,LGC0004,1,02770,***,"24년 학군후보생 군장품(명찰, 학년장) 구매",물품,LGC,육군학생군사학교,202402071030,G5C59,주식회사 해피코리아,HAPPYKOREA,곽양근,0522397570,울산광역시 울주군 온양읍 화산발리로627-0,88.002,34372200
98,HDM0004,1,02392,***,'24년 에이스가든 식자재 구매,물품,HDM,공군제17전투비행단,202402071030,J1935,파머스 미트,,조성겸,01075973832,"부산광역시 강서구 맥도강변길912-43, 별관 1층(대저2동)",82.995,616578600
3,SFH0011,2,02020,001,24-B-액화석유가스(LPG) 구매,물품,SFH,제9196부대,202402071030,J8BC6,대청가스,,김근영,032-836-6753,인천광역시 옹진군 대청면 대청리470-3,89.469,335525640
2379,SCF0104,1,02197,***,"(긴급) 밸브, 게이트형 등 27종",물품,SCF,해군군수사령부,202402071030,K9951,으뜸,,길이랑,07076129238,"세종특별자치시  보람동로14 (보람동, 호려울마을8단지), 807동 801호",87.996,102142280
43,SCF0031,2,00720,001,스크램블 에그 구매,물품,SCF,해군군수사령부,202402071030,LBF98,블루홀딩스 주식회사,,김경태,055-719-0430,"경상남도 창원시 마산회원구 율림교로6, 329호(양덕동)",88.09,7473
3,MCT0001,1,00804,***,24년 선수 공통피복 제작구매,물품,MCT,국군체육부대,202402071030,G2376,주식회사 린코리아,RYN KOREA,장현기,025016160,서울특별시 동대문구 답십리로64길75-0 (장안동) 화성빌딩 2층,57.921,136760000
10,LCK0003,1,02819,***,[일반-24-4] '24년 음식물쓰레기 위탁처리 용역,용역,LCK,수도방위사령부,202402071030,GA0A7,우리산업,Woori Industry,김순희,01062460327,경기도 여주시 흥천면 이여로1115-19,84.245,96527000
4,MHD0009,1,02240,***,방위사업 원가계산 외부용역(1차),용역,MHD,방위사업청(운영지원과),202402061500,A85E2,(재)동양경제연구원,DongYang Economy Research Institute,최홍석,0512942277,"부산광역시 강서구 유통단지1로41, 본관동 301호 (대저2동, 부산티플렉스)",,660000000
4,LKP0010,1,02487,***,'24년 지정폐기물처리용역(대구),용역,LKP,5군수지원사령부,202402061130,E0876,대덕정유(주)복수사업소,,한미자,041-753-1301,충청남도 금산군 복수면 다복로537-34(용진리),85.553,13726400
7,MCT0005,1,02267,***,24년 훈련장 관리(잔디/조경)용역,용역,MCT,국군체육부대,202402061130,A0637,주식회사 한울,Hanul Inc,윤정호,0559340145,경상남도 합천군 합천읍 계림2길27-44,88.466,736237000
5,LKP0013,1,02491,***,'24년 지정폐기물처리용역(김해),용역,LKP,5군수지원사령부,202402061130,L50C9,코어엔텍 주식회사,,송용석,0314881166,경기도 시흥시 소망공원로5 (정왕동),85.074,36732000
6,LKP0012,1,02490,***,'24년 지정폐기물처리용역(대전),용역,LKP,5군수지원사령부,202402061130,L50C9,코어엔텍 주식회사,,송용석,0314881166,경기도 시흥시 소망공원로5 (정왕동),84.297,58289000
4,LKP0011,1,02488,***,'24년 지정폐기물처리용역(장성),용역,LKP,5군수지원사령부,202402061130,B4022,씨이케이 주식회사,korea cottrell enviroment service,이상민,0616854148,전라남도 여수시 진달래길310-73 (월내동),84.96,24086718
21,SCG0002,1,02140,***,"등, 아군식별용 45EA",물품,SCG,해군본부,202402061100,LCC80,오성기획,,오병효,0425513683,충청남도 계룡시 서금암1길8호,88.136,18745397
48,UMM0026,1,02354,***,24-N-오수관거시설 민간위탁 관리용역,용역,UMM,국군재정관리단,202402061100,IC0B0,주식회사 리워터,,김인석,0269018358,"경기도 성남시 수정구 위례서일로18, 205호(창곡동)",85.543,276884800
659,UMM0024,1,01694,***,24-F- 디지털 공기자료 시험세트 구매(249004-F),물품,UMM,국군재정관리단,202402061100,B109A,상우기업주식회사,sangwoo,배상우,0313783395,경기도 화성시 풀무골로60번길4-6(중동),82.998,243424110
14,UMM0025,1,01440,***,(24F027-A) 음식물류 폐기물위탁처리용역,용역,UMM,국군재정관리단,202402061100,L14D8,태민환경,,전혜경,01053897169,"경기도 가평군 가평읍 보납로22, 2층 나호",84.539,90691140
346,UMM0020,1,01282,***,24-D-체력단련장 비료 구매(241005-F),물품,UMM,국군재정관리단,202402061100,C0914,(주)동건,DONG GUN CO.,윤영현,0332422612,강원특별자치도 동해시 전천로245-2 (북평동),98.854,157493000
136,UMM0021,1,01132,***,24-F-○○행사장 조경용역,용역,UMM,국군재정관리단,202402061100,A7368,주식회사 도남엘앤씨,DoNam E&C,이인숙,07075705900,"경기도 성남시 분당구 정자일로136 , 301동711호(정자동,정자역엠코헤리츠3단지)",88,73819156
7,LBA0003,1,02486,***,'24년 유류중대 급유시설 민간위탁 기술검사 용역,용역,LBA,제 2167부대,202402061030,B0534,주식회사 거산지엔에스,GEOSAN Global  and Service,이용순,0326575850,경기도 부천시 원미구 신흥로 106(심곡동),87.751,95979670
159,MDF0003,1,02893,***,24년 정비용 장비 구매사업(차체인양기),물품,MDF,국군지휘통신사령부,202402061030,K668A,금성상사,,강영실,01052181431,강원특별자치도 동해시 서동로721-6 (신흥동),88.027,32877590
1359,SCN0024,2,02621,***,의무물자(Corpuls AED Pad등 56종) 구매,물품,SCN,제7001부대,202402061030,M0485,에이치에스유통,,윤현수,01098668928,"대구광역시 달서구 갈밭남로17, 205동 1205호(대곡동, 수목원호정포레스트)",88.002,40792700
4,SCF0095,1,02594,001,24년 음식물류 폐기물 처리용역,용역,SCF,해군군수사령부,202402061030,J88F8,디엠환경,,김병진,010-9330-6728,경상남도 창원시 마산합포구 진북면 산단3길32-9,88.017,180.41
7,SCQ0009,1,02666,***,제설브러쉬 구매,물품,SCQ,제9911부대,202402061030,ED820,이즈컴넷,iscomnet,김창범,031-965-4380,경기도 연천군 청산면 학담로107번길12-2,96.686,3830000
4,SFD0002,1,02662,***,1/4분기 통합구매(티눈밴드 등 178품목)납품,물품,SFD,제9227부대,202402061030,H4032,송은메디칼,songeunmedical,박송이,0538111337,"경상북도 경산시 경청로226길2-0 (백천동),311호",88.236,53212490
4,SFM0008,1,02563,***,"조종화, 2형 제조",물품,SFM,제3170부대,202402061030,B12FD,주식회사 한신제화,"HANSHIN SHOES CO., LTD",이동옥,0314720482,"경기도 안양시 만안구 덕천로152번길25-0 (안양동), B동 621~624호",89.122,19547713
2,SFM0007,1,02502,***,알키드 프라이머 제조,물품,SFM,제3170부대,202402061030,D78FE,동서화인켐 주식회사,*,이영관,0553750010,경상남도 양산시 상북면 소토3길 8(),88.453,28099000
218,LCM0002,1,02646,***,’24년 프린터 임차 용역,용역,LCM,육군교육사령부,202402061030,M7334,제이컴퍼니,,정태교,07088040077,"대전광역시 중구 계백로1615번길34-0 (유천동, 현대아파트)",88.002,52979979
1359,SCN0024,1,02621,***,의무물자(Corpuls AED Pad등 56종) 구매,물품,SCN,제7001부대,202402061030,M0485,에이치에스유통,,윤현수,01098668928,"대구광역시 달서구 갈밭남로17, 205동 1205호(대곡동, 수목원호정포레스트)",88.002,40792700
1415,SCN0023,1,02620,***,의무물자(초음파젤 등 99종) 구매,물품,SCN,제7001부대,202402061030,A69F1,주식회사 성림,sung lim,이정훈,0334580900,강원특별자치도 철원군 동송읍 오지5길32-0,88,25005487
36,SCN0022,1,02619,***,의무물자(페노바정 등 27종) 구매,물품,SCN,제7001부대,202402061030,K0CAA,효성메디,,이은상,070-8098-8719,경기도 고양시 일산동구 중산로252-0 (중산동) 606호,97.421,37300000
122,SCI0001,1,02624,***,복사용지 등 137종 구매,물품,SCI,제9121부대,202402061030,K3014,달인시스템,,정영구,07078360027,"경상남도 창원시 진해구 안청로126 (청안동, 해인로즈빌아파트)",88.004,3670150
4,LCM0001,1,02615,***,'24년 연합훈련장비 운송용역,용역,LCM,육군교육사령부,202402061030,F1C4B,주식회사 케이지비이엔지,KGBeng,고민희,0325422672,"인천광역시 부평구 새벌로29, 209호 (청천동, 부평테크노타워)",88.615,5747816
3,SCQ0007,1,02342,***,24-평 폐기물(폐합성수지) 처리 용역,용역,SCQ,제9911부대,202402061030,JA094,티와이산업,,권칠범,0313545991,경기도 화성시 양감면 사격장길88-16,84.467,131085480
5,SCH0005,2,01181,***,24-1호 배추김치 등 7종 구매,물품,SCH,해군작전사령부,202402061030,KE886,주식회사청미각식품,,손병섭,0515142008,부산광역시 금정구 오륜대로70 (부곡동),88.488,71279736
1656,SCF0103,1,02651,***,특수봉인지 1종 구매,물품,SCF,해군군수사령부,202402061030,M4621,가온테크,,이종국,010-8398-7502,경기도 시흥시 구수미2길11-0 (미산동),87.995,78794202
366,SCF0098,1,02186,***,(긴급)메카니컬 씰 등 43종,물품,SCF,해군군수사령부,202402061030,M7015,에이스상사,,김일천,010-4387-7885,"부산광역시 사하구 다대로339, 1914호(장림동, 극동정림아파트)",88.076,72678980
935,SCF0099,1,02185,***,"(긴급)코어 조립체,유체 냉각기용 등 39종",물품,SCF,해군군수사령부,202402061030,KD5B6,소망상사,,최인숙,01062487950,"경기도 평택시 안중읍 안현로서6길10, 406-비10호(대원빌딩)",87.995,41559200
4818,SCF0102,1,02152,***,활성탄 등 5종 구매,물품,SCF,해군군수사령부,202402061030,A6A5C,주식회사 제 일,JEIL,노창헌,0315355851,경기도 포천시 중앙로75번길26 (신읍동),87.995,33705939
334,SCF0093,1,01843,***,(긴급) 회로 차단기 등 9종,물품,SCF,해군군수사령부,202402061030,GD2FE,영진글로벌,youngjin global,윤근영,01089941150,"경기도 광명시 하안로284, 1209동 13층 04호(하안동, 하안12단지고층주공아파트)",88.003,21897413
177,SCF0096,1,01097,***,안테나 조립체 등 1품목 구매,물품,SCF,해군군수사령부,202402061030,D5773,주식회사 인텔리안테크놀로지스,"Intellian Technologies, Inc.",성상엽,0313791000,경기도 평택시 진위면 진위산단로18-7(청호리 348-5),97.873,369950000
26,SCF0072,2,01015,001,치즈스틱 구매,물품,SCF,해군군수사령부,202402061030,FB41E,주식회사 류홀마트,new consulting,양미숙,055-546-0841,"경상남도 창원시 진해구 충무로23-0 (신흥동, 블루빌)",88.131,6177
19,SCF0090,1,01010,***,고순도 질소 가스 173BT 구매,물품,SCF,해군군수사령부,202402061030,I7FD4,대신가스주식회사,"Daishin Gas Co.,Ltd.",김영진,0316745777,경기도 안성시 양성면 도곡길36-30,88.067,15906000
9,SCF0091,1,01007,***,액체아르곤 가스 8BT 구매,물품,SCF,해군군수사령부,202402061030,KBFBB,합동종합가스,,백운소,055-345-3199,경상남도 김해시 진례면 고모로334,88.03,8514681
472,LHK0006,1,02636,***,24년 주거시설 청소/경비 용역,용역,LHK,제2군단,202402061030,E4116,성오보안공사주식회사,SUNGO,권경희,0539659116,대구광역시 동구 동호로3길 22(),88.001,765283240
21,LGC0003,1,02237,***,24년 학군장교 임관식 조립식 관람석 임차,용역,LGC,육군학생군사학교,202402051100,GB052,주식회사 스페이스락,Space Rock,이영근,0435336113,충청북도 진천군 덕산면 신척산단1로29,89.759,109861760
40,LHK0004,2,02087,***,24년 주거시설관리 물품(코일쿠션매트) 구매,물품,LHK,제2군단,202402051100,JDD54,광성산업,,염인자,033-253-3411,강원특별자치도 춘천시 후석로420번길7-0 (후평동) 538호,88.027,14552000
7,UHD0006,1,02560,***,'24년 음식물쓰레기 처리 용역,용역,UHD,공군 작사예하 방포사예하 제3여단,202402051100,GA0A7,우리산업,Woori Industry,김순희,01062460327,경기도 여주시 흥천면 이여로1115-19,84.326,117620880
3,MDD0022,1,02280,***,2024 국군수도병원 의료가스 7품목 구매,물품,MDD,국군수도병원,202402051100,K5325,단일에이피(주),,장세정,0315633349,경기도 구리시 동구릉로200번길30-0 (인창동),88.121,33582800
26,MCJ0002,1,02274,***,24년 DIDC 2센터 UPS 유지보수 용역,용역,MCJ,국방통합데이터센터,202402051100,JDD7B,뉴테크원,,김정희,0316302198,"경기도 화성시 동탄순환대로830,  419호 (영천동, 동탄SK V1 center)",87.779,17475424
25,MCJ0001,1,02036,***,24년 DIDC 1센터 UPS 유지보수 용역,용역,MCJ,국방통합데이터센터,202402051100,A2CB0,태일자동제어(주),TIAC,한연수,0622254721,광주광역시 광산구 신가매결길28(신창동),87.765,19446080
12,HCL0013,1,02363,***,24-생활계폐기물 위탁처리,용역,HCL,공군사관학교,202402051030,F4DBD,주식회사 케이엘,KL Engineering construction and healing,최창옥,0617412013,"전라남도 순천시 연향번영8길21, 2층 (연향동)",84.283,85462800
4,HDM0006,1,02447,***,'24년도 사업장 생활계폐기물 처리용역,용역,HDM,공군제17전투비행단,202402051030,A4114,리뉴에너지충북 주식회사,"jinjuindustry co.,ltd",송성진,0432147588,충청북도 청주시 청원구 북이면 신대석성로245-0,88.355,75630000
2,HDK0003,1,02518,***,24년 광성회관 음식물쓰레기 위탁처리 용역,용역,HDK,공군제11전투비행단,202402051030,I5380,주식회사 명성그린환경,myungsunggreen eco,김영규,053-954-5124,"대구광역시 북구 동변로96, 3층",89.577,23869300
280,SCL0009,1,02498,***,롤자석 테이프 등 454종 구매,물품,SCL,해군사관학교,202402051030,K958B,스타일현 주식회사,,김현주,07047723010,"경상남도 창원시 성산구 연덕로184번길28, 3동2층6호11(내동)",88,16798200
43,LFN0004,1,02404,***,24년 군사시설 가림간판 유지관리,용역,LFN,육군3사관학교,202402051030,H2067,주식회사 고주몽,kojumoung,강수지,0314035591,경기도 안산시 상록구 당골4길1-0 (사동) 1층,88.312,10436840
19,MCS0012,1,02530,***,24-폐기물(폐목재) 처리용역,용역,MCS,국방부계룡대근무지원단,202402051030,L6C74,(주)기목이엔씨,,하성태,0537160660,경상북도 경산시 압량읍 가일길20길25-26,88.016,11315910
28,SDF0011,1,02549,***,전동드라이버 등 2종,물품,SDF,제5738부대,202402051030,D90C1,다온종합상사,,김기범,0542742581,경상북도 포항시 남구 효성로88 (효자동) 302-904,88.823,2689800
283,SDF0010,1,02550,***,오피스 겔펜 등 794종,물품,SDF,제5738부대,202402051030,L37E3,엠제이(MJ)컴퍼니,,이미주,0552999797,경상남도 창원시 마산회원구 3·15대로587-0 (석전동) 2층,88.003,45763660
10,SCF0094,1,02514,***,정수기 임차(렌탈),용역,SCF,해군군수사령부,202402051030,HF48E,예광,yeagwang,이예진,0552537889,"경상남도 창원시 마산회원구 팔용로89, 104동 11층 1103호(합성동, 창원두산위브더센트럴 1단지)",88.056,8895870
78,SCL0011,1,02516,***,입시홍보물품(해사노트 등 3종) 구매,물품,SCL,해군사관학교,202402051030,H751B,진성,ZinSung,신진업,070-8870-0072,경상남도 창원시 의창구 대산면 봉강가술로519-0 번지,88.057,17312106
32,LCJ0010,1,02497,***,(24군책-용역004)청소관리 용역,용역,LCJ,종합보급창,202402051030,C0B69,브이이엔지 주식회사,"VENG.CO.,LTD",박점수,0448670681,세종특별자치시  장군면 산학리길16-5,90.213,29642710
11,MDQ0002,1,02281,***,24-00학교 영상장비 및 기타장비 유지보수 용역,용역,MDQ,국군의무학교,202402051030,BEA40,월드정보통신(주),WORLD IT CO.LTD,박만희,0424821472,대전광역시 서구 계룡로318 (갈마동) 월드빌딩 3층,88.019,9329074
16,MDQ0001,1,02275,***,'24-00학교 교육지원장비 유지보수 정비용역,용역,MDQ,국군의무학교,202402051030,08961,중앙통신 주식회사,Jung ang communication,한의동,0426390033,대전광역시 유성구 테크노2로 310-12(),88.124,22773200
71,LNH0002,2,02269,***,'24-1차 전산 및 ATCIS 운영용품 구매,물품,LNH,육군제7163부대,202402051000,K8686,청담기업,,임하영,01048920475,"경기도 고양시 일산동구 장백로194-0, 805호 804,805,806 중 F81호(장항동, 위너스21)",88.009,14416000
8,HDN0008,1,02347,***,24-노후 전기시설 개선공사 설계용역,용역,HDN,공군제18전투비행단,202402021300,A4626,선인엔지니어링,sunineng,이수영,0337420022,강원특별자치도 원주시 동진골1길9-2 (학성동),88.246,10664000
11,ELA0002,1,6143,***,보호의 포장재,물품,ELA,화력총괄계약팀,202402021100,FA750,롯데알미늄(주) 안산공장,,조현철,02-801-8277,경기도 안산시 단원구 원시동822,85.609,712795000
1036,MCN0005,1,02357,***,24년 전반기 청소 및 위생용품 구매,물품,MCN,국방부근무지원단,202402021100,LA9DA,디자인루브,,한명진,01055480543,서울특별시 마포구 망원로6길16 (망원동) 현대타운A동302호,88.003,48759298
2,HCF0008,1,02254,***,[부대지원과] '24년 한마음회관 김치,물품,HCF,공군군수사령부,202402021100,J0FEE,영농조합법인 팔공김치,,김태종,0539838030,대구광역시 동구 신평로58-3 (신평동),90.212,35000000
359,UMM0015,1,01248,***,24-D-체력단련장 모래 구매(241004-F),물품,UMM,국군재정관리단,202402021100,H628B,제일유통,jaeil dis.,김미영,01085350660,"대구광역시 수성구 지범로22길20-0 (지산동, 지산현대맨션)",87.998,115953978
29,UDA0003,1,02131,***,24년 음식물쓰레기 처리용역,용역,UDA,제3190부대,202402021100,L8AA7,오션환경,,김진태,010-9439-9299,경기도 광명시 범안로1035-0 (하안동),84.441,114560000
2,SCH0011,1,02030,***,IPTV방송 및 인터넷(Wi-Fi) 서비스 용역,용역,SCH,해군작전사령부,202402021030,CD27D,주식회사 케이티스카이라이프,ktskylife,최영범,0220033000,서울특별시 마포구 매봉산로75(상암동),85.879,227909242
2,LHG0001,1,02376,***,"(물-001)‘24년 군장품(명찰제작, 계급장 부착)",물품,LHG,제1862부대,202402021030,E50AC,청운,CHUNG UN,장은비,0807075541,강원특별자치도 철원군 김화읍 청양로88,91.924,17923490
28,SCP0007,1,02375,***,항공전문용 들것 등 4종,물품,SCP,제8385부대,202402021030,A4690,명진전기통신(주),myung jin,김진우,0335357351,강원특별자치도 동해시 봉오동길28-10(용정동),88,23291000
2,SCQ0006,1,02337,***,24-평 정밀점검 및 도장감리(00함 등) 용역,용역,SCQ,제9911부대,202402021030,HB0BE,주식회사 한국선박기술,"KmsEmec Co., Ltd.",오동섭,0553551350,경상남도 밀양시 삼랑진읍 용전산업단지길293-0,94.682,60344000
100,SCN0016,1,01956,***,24-체력단련장 배토용 모래(친모래) 구매,물품,SCN,제7001부대,202402021030,LB67B,예성,,이정석,01035041186,경상북도 구미시 백산로5길19 (송정동),88.033,22036740
251,SCN0020,1,02291,***,오수 펌프 등 57종 구매,물품,SCN,제7001부대,202402021030,LE757,하랑디엠,,윤미소,01072371770,경상남도 창원시 마산회원구 내서읍 호원로385-1,88.011,33109840
3,SFH0013,1,02370,***,24-B-폐기물(폐페인트) 처리용역,용역,SFH,제9196부대,202402021030,K5B1D,에이치환경,,이혁재,07041150801,"인천광역시 남동구 소래역남로16번길8-7, 1동 6층 602호(논현동, 소래씨티프라자)",88.446,51370000
101,LKS0011,1,02285,***,'24년 인재선발센터 방역 용역,용역,LKS,육군인사사령부,202402021030,L5A29,주식회사 백경,,이은진,01042897123,세종특별자치시  가름로232-0 (어진동)j A동 328호,88.017,5438570
1789,SCQ0008,1,02350,***,클립보드 등 678종 구매,물품,SCQ,제9911부대,202402021030,JDDB0,현진테크,,예현철,01053708160,"경기도 용인시 처인구 남사읍 한숲로123, 311동 701호",88.001,20202864
4,SCU0016,1,02325,***,'24-ㅇ전단 대형버스(45인승) 임차 용역,용역,SCU,해군 기동함대사령부,202402021030,HCC72,유한회사 일등고속관광,first tour,김현미,0647257979,제주특별자치도 제주시 노형로363 (노형동),88.425,1416000
5120,HDL0006,1,02316,***,24-01-005 전자교탁 등 7종 구매,물품,HDL,공군제16전투비행단,202402021030,LCAF6,더긋다,,심유리,01088588173,인천광역시 부평구 부평문화로72번길6 (부평동) 3층 일부,88.004,24994734
3,LNH0001,1,02270,***,'24-1차 전산 및 ATCIS 운영용품 구매(자산성),물품,LNH,육군제7163부대,202402021000,G2458,클릭바이 엠알오,clickbuy MRO,노영규,027196779,경기도 고양시 일산서구 고양대로706-13 (일산동),92.886,2033000
51,MCS0011,1,02212,***,월동준비자재(제설함 등 19종) 구매,물품,MCS,국방부계룡대근무지원단,202402011100,M3BD6,봄앤현,,이희주,01064184479,"충청남도 계룡시 엄사면 번영로113-32 (계룡파라디아), 106동 2303호",88.05,10095720
3,HCF0007,1,01764,***,'24년~'26년 육로화물 수송 용역,용역,HCF,공군군수사령부,202402011030,BD86B,주식회사 동방,DONGBANG,박창기,0221908066,서울특별시 중구 통일로2길16-0 (순화동) 3층,83.342,444261894
31,SCN0018,1,02246,***,24-진-15 00원 물탱크 청소용역,용역,SCN,제7001부대,202402011030,BB4E5,영진산업개발 주식회사,"YOUNG-JIN INDUSTRY D CO.,LTD.",김근수,0552711906,"경상남도 창원시 마산합포구 교동1길13-13 (진동면, 주택)",88.014,2649350
7,SDQ0009,1,02249,***,"교정기, 주파수용 등 4종 구매",물품,SDQ,해군제2수리창,202402011030,M2C79,대호유통,,박용훈,01033993191,경기도 평택시 안중읍 안현로서6길10-0 비13호(대원빌딩),88.07,4522881
29,LKF0010,1,02231,***,00부대 토양오염 정화공사 검증용역,용역,LKF,제6755부대,202402011030,C0377,재단법인 자연환경연구소,neri,최현정,0632127900,"전북특별자치도 전주시 덕진구 팔과정로20 (팔복동3가,지식산업센터 4층)",88.06,64527000
3,LKF0009,1,02229,001,24년 상병건강검진 전면취탁검사 용역(대구),용역,LKF,제6755부대,202402011030,IFDE4,다인병원,,황장회,03180141319,경기도 수원시 장안구 창룡대로159-0 (연무동),89.316,33440
3,LKF0008,1,02228,001,24년 상병건강검진 전면취탁검사 용역(경북),용역,LKF,제6755부대,202402011030,LCCE0,케이메디컬의원,,이상재,0415445353,"충청남도 아산시 탕정면 한들물빛6로16, 7층, 8층",88.357,32940
53,SDQ0007,1,02239,***,케이블 조립체 등 4종 구매,물품,SDQ,해군제2수리창,202402011030,IF51E,씨티원 경기지점,,김은아,07087953338,"경기도 평택시 중앙로29, 537호 (통복동, 은호빌딩)",88.062,21436123
52,SDQ0008,1,02244,***,스턴 씰 등 7종 구매,물품,SDQ,해군제2수리창,202402011030,L5A4D,유진소프트,,문호성,01066469878,"서울특별시 관악구 남부순환로1430 (신림동, 신림푸르지오) 1501",88.025,17507368
40,SCR0005,1,02205,***,Double-A 복사용지 등 130종 구매,물품,SCR,해군제3함대사령부,202402011030,J719B,동산 주식회사,,김진아,0612770357,전라남도 목포시 삼학로303-1 (용해동),88.049,5857730
4161,MCT0004,1,02211,***,남자축구부 훈련용품(골대) 구매,물품,MCT,국군체육부대,202402011030,L1DF1,보나오라,,이현옥,01087525746,"인천광역시 서구 청마로94, 101동 405호(당하동, 더캐슬)",88,9768800
32,DSS0001,1,02232,***,00부대 표창 내외지 제조 구매,물품,DSS,국군제1068부대,202402011030,LC519,신우,,반성숙,010-9038-8653,"경기도 남양주시 경춘로1015번길6, 101호(금곡동)",88.009,7004080
19,SFM0006,1,02192,***,24-S-폐합성수지 처리 용역,용역,SFM,제3170부대,202402011030,K155F,주식회사 대기산업,,신우승,0544347100,경상북도 김천시 남면 농남로997-28,88.101,53297244
151,SFM0005,1,02190,***,헤드랜턴 등 4품목 구매,물품,SFM,제3170부대,202402011030,M5A92,대형월드,,이선희,07082852302,"경상북도 포항시 북구 우창동로71, 102동 704호(우현동, 우현풍림아이원)",88,17577251
662,LDC0002,1,01815,***,교전훈련장비 수리부속 구매(24-1차),물품,LDC,육군과학화전투훈련단,202402011030,L08EE,한영,,윤성한,07046510998,"부산광역시 해운대구 중동2로34번길15, 101동 4904호 (중동, 롯데캐슬 스타)",88.004,85942350
297,SCF0085,1,01865,***,"(긴급)단말기,자료 처리용 1종",물품,SCF,해군군수사령부,202402011030,HC427,제일테크,JEILTECH,김문길,0512656997,부산광역시 사하구 다대로613-0 (다대동) 자유마트 220호,96.32,11511500
358,SCF0086,1,01864,***,"(긴급)스위치,리드식 등 42종",물품,SCF,해군군수사령부,202402011030,H5483,라온유통,ra-on company,김보명,01083312255,"대구광역시 달서구 상화북로162, 102동 1805호 (상인동, 상인역 모아엘가 파크뷰)",88.008,40570553
965,SCF0087,1,01772,***,"(긴급)튜브,금속제 등 40종",물품,SCF,해군군수사령부,202402011030,M1E67,일용상사,,권윤주,010-4611-6464,경상남도 창원시 의창구 북면 동곡로35-0 (창원무동휴먼빌아파트(2단지)) 205-804,88.987,58026220
12,SCF0084,1,01449,001,훈제연어(슬라이스) 구매,물품,SCF,해군군수사령부,202402011030,J1559,행복유통,,이윤영,055-546-0842,경상남도 창원시 진해구 태평로48번길2-0 (태평동)1층,88.122,9113
12,SCF0083,1,01443,001,훈제연어(덩어리/냉동) 구매,물품,SCF,해군군수사령부,202402011030,J9437,삼진유통,,이순남,01047532104,경상남도 창원시 마산회원구 양덕북10길23-0 (양덕중앙시장) 1층 2호,88.319,25754
24,HFD0002,1,01991,***,'24년 군성회관 식자재 구매,물품,HFD,공군제38전투비행전대,202402011030,KF9B3,주식회사 강산푸드앤덕,,정미경,0519719989,부산광역시 강서구 낙동남로622번길42-0 (녹산동),83.038,197663800
1,LFN0003,1,00802,***,'24년 충성대 신문 제작 용역,용역,LFN,육군3사관학교,202401311600,C4191,원컴,,서원오,053-424-9312,"대구광역시 중구 대봉로 238,  3층(대봉동)",96.244,40524000
10,MHD0005,1,00359,***,2024년 방위사업청 영상 콘텐츠 제작 및 홍보,용역,MHD,방위사업청(운영지원과),202401311500,C2A49,(주)믹스미디어,mixmedia,정연승,0234447983,"서울특별시 강남구 논현로168길32, 3층 (신사동, 유니드 빌딩)",,451000000
39,HDC0007,1,02168,***,24-3 컨테이너하우스(정비사작업용) 제조 구매,물품,HDC,공군제1전투비행단,202401311430,G6B79,주식회사 제이디텍,jdtech1101,여운채,0325646097,"인천광역시 서구 두루물로96번길14-0 (오류동,)",88.007,44720000
9,LDH0029,1,00969,***,총포 손잡이 구매,물품,LDH,육군종합정비창,202401311300,K2645,(주)경원R&D,,김옥숙,0513044211,부산광역시 사상구 낙동대로1292번길9-0 (삼락동),88.157,5649000
4,LDH0026,1,01375,***,(자재) 고무스폰지 등 30종 구매,물품,LDH,육군종합정비창,202401311300,BD105,선우상사,,도경호,051-319-3915,"부산광역시 사상구 괘감로 37, 산업용품상가 27-228(괘법동)",92.499,6755000
6,LDH0032,1,01326,***,총포 나사 구매,물품,LDH,육군종합정비창,202401311300,L16AC,환호테크,,서선희,0513283412,부산광역시 사상구 가야대로103번길10(감전동),89.252,1275500
2,LGP0011,1,01559,***,"24년 도하장비 외주정비 용역(서울, 인천, 경기권역)",용역,LGP,제1군수지원사령부,202401311100,E9F79,주식회사 룩스그린,LOOKSGREEN,김권호,0313668050,경기도 화성시 서신면 화남공단로114-13,87.837,167160000
17,MCN0004,1,02143,***,해군 하계 행사복 등 2종 제조 구매,물품,MCN,국방부근무지원단,202401311100,E5144,주식회사 나루지엠에스,narugms,조승현,025989154,"서울특별시 서초구 사임당로19길 40-8,  2층(서초동)",88.591,11537750
11,MCN0003,1,02139,***,’24년 산업안전관리 위탁 용역,용역,MCN,국방부근무지원단,202401311100,F2ADB,산업안전연구원주식회사,Industry Safety Institute,남궁준,02-487-1091,"서울특별시 구로구 공원로41-0 (구로동, 현대파크빌)",88.47,7347203
2,MCN0002,1,02137,***,’24년 산업보건관리 위탁 용역,용역,MCN,국방부근무지원단,202401311100,L5DE9,주식회사 보건관리전문기관벗,,김종숙,0313858140,"경기도 안양시 만안구 전파로44번길57, 701호(안양동 ,두산 명학아너비즈타워)",88.475,7097400
86,LCH0002,1,02130,***,3여단 취사식당 신축 지반조사용역(24-설-4),용역,LCH,특수전사령부,202401311100,I7224,주식회사 경안종합엔지니어링,KyeongAhn Engineering,안계숙,0337477643,"강원특별자치도 원주시 이화3길40-8, 101호 (단계동)",88.018,21210930
46,UMM0013,1,01803,***,24-F-전산장비 유지보수 용역,용역,UMM,국군재정관리단,202401311100,K1DBB,한국신재생에너지부울경협동조합,,반영현,0512448080,부산광역시 동구 조방로49번길29 (범일동),96.731,98724889
71,UMM0017,1,01521,***,(24G001-H)24~25년 음향장비 유지보수 용역,용역,UMM,국군재정관리단,202401311100,CB836,신아시스템 주식회사,SINASYSTEM Corp.,신장화,0552565125,"경상남도 창원시 의창구 읍성로 110,  신아빌101호(소답동)",85.535,365771860
3,UMM0009,1,00815,***,24-N-선저폐수 처리용역,용역,UMM,국군재정관리단,202401311100,BD677,수일종합환경 주식회사,"SOOIL MARINE SERVICE CO.,LTD.",서영완,051-463-5824,부산광역시 동구 중앙대로180번길 12-10(),80.534,248980000
246,UMM0012,1,00608,***,(24G009-A)24년 00사령부 방제용역,용역,UMM,국군재정관리단,202401311100,4105F,(주)세스코,CESCO,전찬혁,0215881119,서울특별시 강동구 상일로10길46-0 (상일동),85.75,195163280
81,UMM0008,1,00254,***,24-M-조경관리 용역,용역,UMM,국군재정관리단,202401311100,E0515,(주)에이치엠조경,hm jokyung,하예봉,0312826686,"경기도 용인시 기흥구 신구로55-0 (신갈동, 정훈빌딩) 212호",88.379,1215315115
402,MDG0003,1,01074,***,플라스틱들것 구매,물품,MDG,국군의무사령부,202401311100,J7EA5,서준 코퍼레이션,,박정호,07087123700,"경기도 파주시 노을빛로101-2, 101호 (문발동)",88.002,6725100
1,MDD0021,1,01324,***,2024년 전기설비 직무고시 정기점검 용역,용역,MDD,국군수도병원,202401311100,JDA1D,한국전기테스트(주),,김성군,025990280,서울특별시 강남구 논현로829 (신사동),88.838,13390000
107,LPF0014,1,02024,***,간부숙소 신축 관급자재(자동제어) 제조설치(207),물품,LPF,제51보병사단,202401311100,BA590,주식회사 주인정보시스템,"JUIN INFORMATION SYSTEM CO,.LTD",김근호,025543271,"서울특별시 강남구 논현로102길7(역삼동, 주인빌딩)",88.023,90003644
107,LPF0013,1,02022,***,간부숙소 신축 관급자재(자동제어) 제조설치(196),물품,LPF,제51보병사단,202401311100,D4D15,주식회사 삼현,SAM HYEU,김희주,0334523545,강원특별자치도 철원군 동송읍 금학로31-98,87.999,85622360
41,HCF0005,1,01553,***,[부대지원과]'24년 한마음회관 식자재,물품,HCF,공군군수사령부,202401311030,H9480,주식회사 제이브로,JBRO.co,장인상,0312852293,경기도 용인시 처인구 양지면 은이로20번길34,83.008,375064000
6,MCS0008,2,01156,***,24-폐기물(폐슬러지) 처리용역,용역,MCS,국방부계룡대근무지원단,202401311030,C5F51,(주)경기수질환경개발,kwed,김금수,0314210424,"경기도 안양시 동안구 흥안대로362, 1동 401호(평촌동)",88.335,18293800
5,SCK0016,1,02164,***,24-부후생 안보현장 견학 버스 임차용역,용역,SCK,해군교육사령부,202401311030,CF21E,주식회사 태산항공,"TAESAN TOUR CO., LTD.",이찬식,0552213119,경상남도 함안군 칠원읍 용산2길8-0,89.292,28539000
4,SFG0006,1,02040,***,24-K-의료폐기물 처리용역,용역,SFG,제9181부대,202401311030,H3E4B,신호ENV,SHINHOENV,최한석,0324411108,인천광역시 남동구 청능대로484번길28-30 (고잔동),89.744,7775000
36,LMH0002,1,02187,***,전반기 소방작동기능점검 용역(C001),용역,LMH,제7군단,202401311030,C645A,(주)화이어캅스경기북,FIRECOPS,김형찬,0318776119,경기도 의정부시 평화로168번길 11-4(호원동),88.025,15058000
6,SCN0017,1,02176,***,24-진-14 00전대 대기 자가측정용역,용역,SCN,제7001부대,202401311030,K1CDA,주식회사 한빛환경연구원,,주득식,055-714-7553,경상남도 창원시 의창구 창원대로18번길22-0 (팔용동),88.023,19639230
28,LKD0006,1,02086,***,24년 소방시설 작동점검 대행용역,용역,LKD,제32보병사단,202401311030,M0BDF,주식회사 케이에스소방,,이채운,0414141191,충청남도 천안시 서북구 노태산로86-0 (두정동) 은석빌딩 201호,88.058,16227623
16,LMB0001,1,01543,***,24년 음식물류 폐기물 처리용역,용역,LMB,제8278부대,202401311030,J472D,천성환경,,신정훈,0327155090,경기도 부천시 부일로326-0 (중동) 2층 1-(722)호,84.246,132781550
16,LMB0001,2,01543,***,24년 음식물류 폐기물 처리용역,용역,LMB,제8278부대,202401311030,J472D,천성환경,,신정훈,0327155090,경기도 부천시 부일로326-0 (중동) 2층 1-(722)호,84.246,132781550
2,MHD0006,1,00390,***,2024년 방위사업청 소식지 및 웹진 제작,용역,MHD,방위사업청(운영지원과),202401301500,B1E22,경성문화사,kyung sung media,박진태,0220901190,"서울특별시 영등포구 국회대로66길 11, 퍼스텍빌딩 1층(여의도동)",,126720000
2,LDH0023,1,01079,***,"(일장) 교량가설단정 소화기,화재진압용 등 2종 구매",물품,LDH,육군종합정비창,202401301300,A5923,청우전기시스템 주식회사,"CHOUNG WOO ELECTRIC SYSTEM CO., LTD",정미경,023350940,"서울특별시 서대문구 독립문공원길13, 제2층202호(현저동, 독립문극동아파트상가)",88.151,8911890
72,HDN0007,1,01957,***,죽변파견대 보수공사 설계용역,용역,HDN,공군제18전투비행단,202401301300,C032F,건축사사무소이건,architecture EGUN,김상홍,0542740171,"경상북도 포항시 남구 효자로62, A동 102호(효자동, 테라비아타 in 지곡)",88.001,12469100
5,HDN0005,1,01930,***,'24년 하수중계펌프장 및 관로 청소 용역,용역,HDN,공군제18전투비행단,202401301300,A4436,삼양산업개발(주),Sam Yang,김진묵,0336511436,강원특별자치도 강릉시 보래미하길80 (포남동),88.177,24058000
5,LDH0022,1,01099,***,"(일장) 교량가설단정 전동식,청소기용 1종 구매",물품,LDH,육군종합정비창,202401301300,H4339,주식회사보승글로벌,bosungglobal,위나영,07087065666,"경상남도 창원시 진해구 웅동로162-0, 105동 501호(두동, 청안해오름아파트)",88.344,27016600
5,LCP0011,1,02001,***,'24년 항공관제용 U/VHF 무전기 외주정비 용역,용역,LCP,육군항공사령부,202401301130,C4BAB,한양무선통신,HanYang radio communication,최영복,0552551400,경상남도 창원시 의창구 팔용로 399(),89.239,59146000
19,LKP0004,1,01848,***,'24년 일반폐기물처리용역(대전),용역,LKP,5군수지원사령부,202401301130,A3BDB,(주)동양환경,DongYang Environment,채상협,0429330450,대전광역시 대덕구 문평동로48번길 125(문평동),84.511,153312000
12,LKP0003,1,01847,***,'24년 일반폐기물처리용역(김해),용역,LKP,5군수지원사령부,202401301130,F4DBD,주식회사 케이엘,KL Engineering construction and healing,최창옥,0617412013,"전라남도 순천시 연향번영8길21, 2층 (연향동)",84.449,67814800
15,LKP0002,1,01846,***,'24년 일반폐기물처리용역(장성),용역,LKP,5군수지원사령부,202401301130,F5533,주식회사 에너지세종,"ECORBIT energy Sejong CO.,Ltd",윤명근,0448625123,세종특별자치시  전동면 솔티로341-0,84.308,110730670
18,LKP0001,1,01845,***,'24년 일반폐기물처리용역(대구),용역,LKP,5군수지원사령부,202401301130,K4B59,주식회사 아진기업,,박영균,0553422158,경상남도 김해시 한림면 김해대로1102-171,84.285,116965900
60,HCL0011,1,01942,***,'24년 생도식당 식자재,물품,HCL,공군사관학교,202401301100,BDF62,호미식품,gomi,장 세성,0328360537,인천광역시 옹진군 백령면 백령로280번길 7(),83.04,260131192
18,MCX0003,1,01963,***,00지역 하수관로 및 맨홀 준설용역,용역,MCX,자운대근무지원연대,202401301100,AC2E1,(유)주은건설,JUEUN CONSTRUCTION,강사길,0428223431,"대전광역시 유성구 문화원로119-0 (봉명동, 봉명시티빌) 210호",88.088,27274256
28,HCC0002,1,02042,***,전지조립체 등 9품목(004/005/006),물품,HCC,해군제1수리창,202401301100,LC6FF,디에이치유통,,단효빈,01057849957,강원특별자치도 동해시 동해대로5464 (평릉동) 203-33호,88.162,7277600
2,SFJ0002,1,01909,***,토스트기 등 2품목 구매 납품,물품,SFJ,제2112부대,202401301100,L61E9,주식회사 도토리,DOTORI Inc.,한덕기,0547278500,경상북도 포항시 남구 오천읍 하원로46번길19-8,98.863,1066120
32,MCX0001,1,01950,***,00회관 엘리베이터 인버터 교체,물품,MCX,자운대근무지원연대,202401301100,ID167,(주)태양전기조명이엔지,,윤상호,0426726262,대전광역시 서구 대덕대로408-0 (만년동)테크노월드1층20호,88.101,7492877
22,UAC0004,1,00957,***,24년 M콘텐츠 유지보수 용역,용역,UAC,국방출판지원단,202401301100,JF1C0,경동아이티 주식회사,,공대훈,0514422121,"부산광역시 사상구 새벽로131, 5동 2층 229,230호 (감전동, 부산산업용재상가)",88.207,37577497
243,MDG0002,1,01289,***,24년 의무장비(기구세척기 초음파형) 구매,물품,MDG,국군의무사령부,202401301100,H66E8,주식회사 오피테크메드,"HOITECH CO., LTD.",박종학,0263375300,"서울특별시 금천구 가산디지털2로14, 1001호(가산동, 대륭테크노타운12차)",96.2,23903000
2,HDL0005,1,01866,***,24년 음식물폐기물 처리용역,용역,HDL,공군제16전투비행단,202401301100,LB4C7,제1범수농장,,조환로,01028584353,경상북도 안동시 일직면 일직점곡로101-1,84.879,94761620
268,LDG0007,1,01736,***,24년 과학화경계시스템 외주정비 용역(임실),용역,LDG,육군 탄약지원사령부,202401301030,A882E,기대전기통신주식회사,"Ki Dae Electro mechanics Co.,Ltd.",김동일,0517231110,부산광역시 기장군 장안읍 길천길33-1,87.76,155176134
139,SDF0009,1,02019,***,메모홀더 등 925종,물품,SDF,제5738부대,202401301030,JFE22,다드림,,김영애,07040421380,경상북도 포항시 남구 새천년대로439-36 (대잠동),88.025,24798870
3,SDF0008,1,01902,***,아이겔 후드마스크 등 38종,물품,SDF,제5738부대,202401301030,K0F3F,주식회사 한서팜,,김수현,0317053342,"경기도 성남시 분당구 매화로48번길8-1, 102호 (야탑동)",88.075,8895500
143,SDF0007,1,01894,***,에어크리너 등 80종,물품,SDF,제5738부대,202401301030,M17BE,주식회사 비케이,,김민정,010-6393-7728,경상북도 포항시 북구 중앙상가1길6 (대흥동) 2층 202-13호,88,45729844
14,SDF0006,1,01890,***,지속적 피동운동기(CPM),물품,SDF,제5738부대,202401301030,K50BB,주식회사 칼라투,,김동국,07070792933,"경기도 고양시 덕양구 중앙로558번길16-16, 308-A호(행신동, 능곡종합프라자)",95.748,7964000
2246,MDW0003,1,01992,***,24년 생도피복(가방류) 구매,물품,MDW,국군간호사관학교,202401301030,IF97F,세움,,박다솔,0517962710,부산광역시 금정구 수림로62번길49-0 (장전동),88,34319140
265,SCF0082,1,01962,***,복사용지 A4 구매,물품,SCF,해군군수사령부,202401301030,KEA13,국일광고산업,,류민근,01035899191,경상남도 창원시 마산회원구 양덕북1길3 (양덕동),88.031,11670374
34,SCN0015,1,01891,***,24-00동 간부숙소 롤스크린 제조 설치,물품,SCN,제7001부대,202401301030,CB301,세창,sechang,김순정,0313195311,경기도 시흥시 군자로302번길 29(거모동),88.234,44469500
161,SCK0015,1,01982,***,마사토 등 2종 구매,물품,SCK,해군교육사령부,202401301030,L512D,경나라,,이미경,010-4515-9815,경상남도 창원시 마산회원구 회성남4길11-0 (회성동),88.019,18643030
114,SCL0007,1,01981,***,사관생도 교재(군사학개론 등 18종) 구매,물품,SCL,해군사관학교,202401301030,J517D,한빛정보시스템,,이영혁,01038464466,"경상남도 창원시 성산구 창원대로1209번길22 (성주동, 프리빌리지2차) 211-2304",90,38982750
95,HDK0001,1,01941,***,"24년 관사, 간부숙소 청소용역",용역,HDK,공군제11전투비행단,202401301030,HAC8D,주식회사 대길에스엔,daegil,최효숙,0536527482,대구광역시 동구 효목로5길87 (효목동) B1층,88.004,79538590
87,MDK0004,2,01844,***,24년 국직 00사 본근대 등 내진보강설계 검증용역,용역,MDK,국군수송사령부,202401301030,K7810,주식회사 한뉴엔지니어링,,김진수,07041772015,경기도 안양시 동안구 엘에스로136 (호계동) 금정역2차 SK V1 A동 814~815호,88.161,11560550
69,SCL0006,1,01972,***,'24년 교육시설 청소 용역,용역,SCL,해군사관학교,202401301030,G9624,주식회사 자광개발,JA GWANG SERVICE.,김홍성,07077663648,"경상남도 창원시 의창구 의안로49번길30-0 (북동) 비동 219,222호",88.038,22861280
19,SCK0014,1,01969,***,전기소작기 사단용 1대 구매,물품,SCK,해군교육사령부,202401301030,I8FF2,주식회사 한스메디칼,HANS MEDICAL co.,한재희,0313463093,경기도 군포시 고산로148번길17-0 (당정동) 318호,88.145,3802030
2223,UAZ0006,1,01929,***,24년 연간 통합 장서구입(수정),물품,UAZ,합동군사대학교,202401301030,L45C1,미라클소프트,,김상진,01032733736,"인천광역시 서구 원당대로840번길21-0 (당하동, 풍림아이원아파트) 820동 1001호",90,37922387
64,SCH0010,1,02014,***,24-2호 감자수제비 등 84종 구매,물품,SCH,해군작전사령부,202401301030,KF9B3,주식회사 강산푸드앤덕,,정미경,0519719989,부산광역시 강서구 낙동남로622번길42-0 (녹산동),83.003,499645300
225,SCF0080,1,01424,***,"(긴급)연결기 조립체,전기용 등 6종",물품,SCF,해군군수사령부,202401301030,K0A71,해리넷,,한현주,01035270246,"대구광역시 중구 남산로13길17,  102동 1105호 (남산동, 보성황실아파트)",87.999,7857635
326,SCF0079,1,01412,***,(긴급) 에어 컴프레서 등 2종,물품,SCF,해군군수사령부,202401301030,H89F5,동해종합상사,Donghae Corporation,김남현,01033009438,"강원특별자치도 동해시 효자로572-1 (쇄운동), 102동 806호",91.422,9240000
751,SCF0078,1,01408,***,(긴급) 디스크 드라이브 장치 등 39종,물품,SCF,해군군수사령부,202401301030,K6017,뉴썬컴퍼니,,유인선,01030991348,"서울특별시 관악구 관악로285, 107-1706 (봉천동, 성현동아아파트)",87.999,94493570
26,SCF0076,1,01293,001,오이피클(슬라이스),물품,SCF,해군군수사령부,202401301030,D7C93,농협김치영업소,nonghyupkimchiyoungoupso,박영미,0555447669,"경상남도 창원시 진해구 명제로484번길14, 1층 (제덕동)",88.036,6508
2,SCF0077,1,00040,***,'24년 청수 수송 용역,용역,SCF,해군군수사령부,202401301030,D2D5D,인천항운주식회사,INCHEON HARBOUR SHIPPING,구본명,032-884-3691,인천광역시 중구 연안부두로17-2 (항동7가),88.223,43840500
272,LDG0014,1,01751,***,24년 과학화경계시스템 외주정비 용역(영동),용역,LDG,육군 탄약지원사령부,202401301030,HB911,주식회사 디케이앤트,"DK A.N.T. Co., Ltd.",양동국,024597571,"서울특별시 송파구 송파대로20길4, 302호 (문정동, 헤브론빌딩)",87.745,148946446
275,LDG0013,1,01750,***,24년 과학화경계시스템 외주정비 용역(충주),용역,LDG,육군 탄약지원사령부,202401301030,IE079,주식회사 한강아이씨티(ICT),,우보희,07073358100,전라남도 목포시 대양산단로149번길24 (대양동),87.784,124565074
273,LDG0012,1,01749,***,24년 과학화경계시스템 외주정비 용역(제천),용역,LDG,육군 탄약지원사령부,202401301030,08063,주식회사 유진인프라코어,yujin infracore co.ltd,주경선,0323619001,"인천광역시 남동구 함박뫼로347번길162, 404호 (남촌동)",87.745,171086583
274,LDG0011,1,01748,***,24년 과학화경계시스템 외주정비 용역(천안),용역,LDG,육군 탄약지원사령부,202401301030,F8088,주식회사 엠비아테크,ambiatech,김화선,07075108333,"인천광역시 미추홀구 석바위로58-1, 10층 1019호 (주안동)",87.746,136232368
284,LDG0010,1,01747,***,24년 과학화경계시스템 외주정비 용역(대전),용역,LDG,육군 탄약지원사령부,202401301030,J2443,(주)광희테크윈,,김광화,0635431925,전북특별자치도 김제시 봉남면 신호1길9-0,87.75,123833617
286,LDG0009,1,01740,***,24년 과학화경계시스템 외주정비 용역(세종),용역,LDG,육군 탄약지원사령부,202401301030,C6788,(주)이서,Yseo Co. Ltd.,이희순,0448645301,"세종특별자치시  한누리대로312-0, 714호 (나성동, 노블비지니스타운)",87.746,141793898
268,LDG0008,1,01739,***,24년 과학화경계시스템 외주정비 용역(창원),용역,LDG,육군 탄약지원사령부,202401301030,CCDF7,이주씨스템(주),"LEEJOO SYSTEM CO., LTD.",이복균,028133361,"서울특별시 영등포구 가마산로90길22, 2층",87.747,117668230
37,UAB0009,1,01704,***,국군복지단 예하시설 공기질측정 위탁용역,용역,UAB,국군복지단,202401291700,BD17F,동명환경과학원 주식회사,dongmyong.eng,김지효,0625280064,전라남도 담양군 담양읍 삼거리길11,88.095,40899000
310,UAB0014,1,01817,***,국군복지단 복지시설 정밀안전점검 위탁용역,용역,UAB,국군복지단,202401291700,I1BB7,주식회사 이안구조기술사건축사사무소,EANENG,이강길,0432372722,충청북도 청주시 흥덕구 가로수로1164번길7-2 (강서동),88.013,47044047
200,UAB0012,1,01805,***,국군복지단 밀리토피아시티 B동 정밀안전점검 용역,용역,UAB,국군복지단,202401291700,JB742,베스트구조기술사사무소(주),,최선희,0322127459,"경기도 부천시 원미구 길주로284, 1012호(중동, 신중동역헤리움메트로타워)",88,31447360
192,UAB0015,1,01820,***,국군복지단 밀리토피아시티 A동 정밀안전점검 용역,용역,UAB,국군복지단,202401291700,K6AC4,서현엔지니어링 주식회사,,박정민,025406336,"서울특별시 강남구 압구정로2길35, 603호 (신사동)",88.003,38490927
21,UAB0016,1,01835,***,국군복지단 서귀포호텔 정밀안전점검 용역,용역,UAB,국군복지단,202401291700,L60FC,주식회사 제일안전기술원,,고형철,0647226399,"제주특별자치도 제주시 월산남길98-2, 2층(노형동)",88.043,21401450
13,MHD0002,1,00279,***,2024년 방위사업청 온라인 홍보,용역,MHD,방위사업청(운영지원과),202401291500,C40CE,주식회사 에이아이웹 (AIWEB),AIWEB CORP.,임성기,0234822004,"서울특별시 금천구 가산디지털1로 168, B동 312호(가산동, 우림라이언스1차)",,314400000
3,MCL0001,1,01788,***,2024년 재외무관부 한국인 행정원 세무 용역,용역,MCL,국방정보본부,202401291500,LB534,세무법인 연우,,권우혁,02-2038-4265,"서울특별시 영등포구 선유로246, 301호(양평동4가, 코틴빌딩)",88.016,6258834
9,LDH0027,1,01839,***,24년 폐수처리시설 청소 용역,용역,LDH,육군종합정비창,202401291330,K9A50,주식회사더케이건설,,김현태,0552980821,경상남도 창원시 의창구 북면 감계로156번길15-0,88.078,56364840
15,LDH0028,1,01849,***,24년 폐수처리장 활성탄여과기 여재교체용역,용역,LDH,육군종합정비창,202401291330,BAD3A,위누리건설주식회사,kyungrim,정원영,0557620878,경상남도 의령군 의령읍 벽화로568,88.026,56548000
17,LMP0003,1,01692,***,'24년 음식물류 폐기물 처리 용역,용역,LMP,제3보병사단,202401291100,H133F,주식회사 원진축산,wonjin,김진각,03180113688,경기도 이천시 장호원읍 나래천로509번길234-92,80.52,478787320
75,LKG0007,1,01821,***,'24년 2~3월 영내자증식 구매(프로틴바 등 2종),물품,LKG,육군제53보병사단,202401291100,IABA8,아름상사,armsangsa,이지윤,024080045,"서울특별시 송파구 양산로12 지하1층 108호 (거여동,세신거여훼밀리타운)",88.046,39723430
3,LFR0002,1,01700,001,24년 기계화학교 음식물쓰레기 처리용역,용역,LFR,육군기계화학교,202401291030,JB3D7,다복농장,,곽선우,061-453-0248,전라남도 무안군 현경면 성자동길79-36,84.572,36896200
57,SDQ0006,1,01871,***,캠스위치 등 9종 구매,물품,SDQ,해군제2수리창,202401291030,KD5B6,소망상사,,최인숙,01062487950,"경기도 평택시 안중읍 안현로서6길10, 406-비10호(대원빌딩)",88.033,15257570
2,UHC0003,1,02003,001,"병사식당 취사연료(LPG) 구매(평택,안성)",물품,UHC,공군 작사예하 방포사예하 제2여단,202401291030,EB378,평화에너지,phenergy@daum.net,이주형,01067881645,경기도 화성시 장안면 3.1만세로558-0,89.164,39511199
2,UHC0001,1,01976,001,병사식당 취사연련(LPG) 구매(천안),물품,UHC,공군 작사예하 방포사예하 제2여단,202401291030,K36E4,알뜰가스,,윤일웅,0416681919,충청남도 서산시 양대5길88-0 (양대동),88.784,33432553
9,SCH0009,1,01774,***,24-욕-전기안전관리 대행 용역,용역,SCH,해군작전사령부,202401291030,I00F0,주식회사 헤세드전기기술,corpreson hessed electric,안두환,0553552606,경상남도 밀양시 시청서길35 (내이동),88.142,9417605
12,SCH0008,1,01775,***,24-부-전기안전관리 대행 용역,용역,SCH,해군작전사령부,202401291030,C6F26,(주)극동전력안전공단,kukdong,조붕래,051-892-5052,부산광역시 부산진구 개금본동로36-0 (개금동) 현대아파트상가 402호,88.156,4236880
37,SDQ0005,1,01869,***,"합판, 시공용 등 5종 구매",물품,SDQ,해군제2수리창,202401291030,L7450,동해유통,,최승종,01062487950,"경기도 평택시 안중읍 안현로서6길10, 403-디3호(대원빌딩)",88.042,5871540
59,SDQ0004,1,01863,***,"펌프, 냉각계통, 엔진용 등 44종 구매",물품,SDQ,해군제2수리창,202401291030,K6A21,소망산업,,김영선,010-6483-6096,경기도 평택시 중앙2로13 (평택동) 602-1호-287,88.022,70358530
3,MDK0003,2,01672,***,24년 군 전용철도 폐침목 처리용역,용역,MDK,국군수송사령부,202401291030,K4C8C,최강산업,,강영국,01058860078,경상남도 창원시 마산합포구 진북면 진북신촌로161-13,89.513,17478667
62,LQP0001,1,01766,***,24년 소방시설 점검 용역,용역,LQP,제1891부대,202401291030,H33D6,주식회사대한소방,dhfire,장세연,0318759199,"경기도 양주시 평화로1222, D동(산북동)",88.052,54355280
6,SCR0004,1,01974,***,24년 0함대 소방시설 작동기능 및 정밀점검 용역,용역,SCR,해군제3함대사령부,202401291030,JB325,바른소방주식회사,,김재훈,0616822119,"전라남도 여수시 흥국로58, 2층(학동)",88.041,29130761
3,SCQ0005,1,01808,***,24-평 00단련장 폐기물(음식물류) 처리용역,용역,SCQ,제9911부대,202401291030,BF24A,(유)청명,chung myung,정정진,0313552887,경기도 화성시 무송동154-3,88.979,3685757
2,MHD0003,1,00286,***,2024년 방위사업청 종합홍보,용역,MHD,방위사업청(운영지원과),202401261500,H698E,주식회사 디앤씨컴퍼니,D&C company,김준성,0428264370,"대전광역시 동구 선화로187,3층 (삼성동)",,230000000
2,MDD0019,1,01679,***,2024 본조달 의무장비(원심분리기 소형탁상용) 구매,물품,MDD,국군수도병원,202401261500,H0DBE,한일사이언스,Hanil Science,유영재,0325053177,"인천광역시 동구 방축로37번길30 (송현동), 인천산업용품유통센터 8동 222호",95.161,2530000
3,MHD0007,1,00977,***,고속상륙정(LSF-II) Batch-II 사업분석,용역,MHD,방위사업청(운영지원과),202401261500,CB4AB,한성대학교 산학협력단,hansung industry-university cooperation foundation,이정훈,027604218,서울특별시 성북구 삼선교로16길116-0 (삼선동2가),,62964000
6,HDN0004,1,00877,***,'24년 오폐수처리시설 관리용역,용역,HDN,공군제18전투비행단,202401261300,BB989,(주)녹색,green,이주철,0337664607,강원특별자치도 원주시 반곡길168-2 (반곡동) (2층),88.901,146917900
5653,SCF0073,1,00855,***,"(긴급)레버클램프 등 1,233종",물품,SCF,해군군수사령부,202401261300,M378B,무안마켓,,김은미,010-2506-9610,전라남도 무안군 삼향읍 중등포길35-35,87.996,43386798
4,LDH0021,1,00874,***,"K200 디스크,클러치,차량용 등 2종구매",물품,LDH,육군종합정비창,202401261300,DC147,DGI산업,DGI.CO,백지윤,0519042500,"부산광역시 동래구 차밭골로21번길36, 1층 (온천동)",91.775,8970000
2,LCP0004,1,01284,***,24년 레이더경보수신기(RWR) SW 지원셋 외주정비 용역,용역,LCP,육군항공사령부,202401261130,C4BAB,한양무선통신,HanYang radio communication,최영복,0552551400,경상남도 창원시 의창구 팔용로 399(),88.072,18000000
5,LCP0010,1,01442,***,24년 항공기 유도장비(VOR) 외주정비 용역,용역,LCP,육군항공사령부,202401261130,C4BAB,한양무선통신,HanYang radio communication,최영복,0552551400,경상남도 창원시 의창구 팔용로 399(),88.119,31087000
99,LCP0007,1,01418,***,24년 통신 감시장비 외주정비 용역,용역,LCP,육군항공사령부,202401261130,FFECD,신우정보통신 주식회사,SWITC,심원용,0314016008,"경기도 안산시 단원구 화정천동로102(고잔동, 2층)",88.657,98170660
4,LCP0005,1,01411,***,24년 이동식 항공기상관측장비(TACMET) 외주정비 용역,용역,LCP,육군항공사령부,202401261130,ID1BE,주식회사 진성이엔지,,위재복,0317437771,"경기도 성남시 중원구 사기막골로99, B동 1102호 , 1103호(상대원동, 센트럴비즈타워 2차)",88.432,27184520
80,LNQ0082,1,48178,***,105밀리 곡사포(2차) 관급자재(크레인),물품,LNQ,제17보병사단,202401261100,G1B9B,프로엔지니어링,PRO ENGINEERING,현성덕,0313574163,"경기도 화성시 송산면 송산포도로651,1동",87.995,37205467
3,LHK0002,1,01729,***,24년 사업장 비배출시설계 폐기물 위탁처리 용역(춘천,용역,LHK,제2군단,202401261100,HD1AD,동원실업,dongwon,최광섭,0332577121,강원특별자치도 춘천시 칠전동산 32,88.972,22331000
349,SFJ0001,1,01681,***,갈퀴 등 114품목 구매 납품,물품,SFJ,제2112부대,202401261100,KD4C7,지나하우스,,곽은경,0544514451,경상북도 구미시 송동로80-0 (도량동) 1층 102호,88.006,28353246
2,SFC0002,1,01111,***,24-해병-안보견학 전세버스 임차 용역,용역,SFC,제9691부대,202401261100,C75CB,파라다이스관광(주),,천송죽,0542753800,경상북도 포항시 남구 송림로 27(),98.403,52126000
32,UMM0007,1,01406,***,(23F071-G)24년 스마트 훈련병관리체계 유지보수용역,용역,UMM,국군재정관리단,202401261100,C980F,씨지에스아이티(주),CGSIT,최규식,0226328730,"서울특별시 금천구 가산디지털1로1-0 (가산동, 더루벤스밸리) 1208호",87.776,96784225
4,UMM0006,1,00468,***,(24G007-A )의료기관 세탁 위탁처리 용역,용역,UMM,국군재정관리단,202401261100,J7D6A,주식회사 수진기업,,지은영,0313662047,경기도 화성시 양감면 사격장길88-28,86.007,330304516
98,MDR0001,1,01062,***,CCTV시스템 유지보수 용역,용역,MDR,제9965부대,202401261100,C272A,(주)로드반,Lord Barn,김형준,03180395404,"경기도 성남시 분당구 쇳골로71 (금곡동,반스타운)",87.773,37085000
18,MDG0001,1,00827,***,24년 VoIP교환기 유지보수용역,용역,MDG,국군의무사령부,202401261100,05315,주식회사 진엔지니어링,JINENG,정진석,028973985,경기도 광명시 장절로3번길15-0 (노온사동),87.797,39643677
16,LQH0005,1,01229,***,24년 음식물 쓰레기 처리 용역,용역,LQH,제3697부대,202401261100,M61B0,부자농장,,김승규,01052124800,경기도 연천군 미산면 동이리274-1 (마동로127번길 130-33),85.025,82999160
3,LGP0007,1,01252,***,24년 공사감독 차량 임대차 계약,용역,LGP,제1군수지원사령부,202401261100,B2427,주식회사 레드캡투어,redcaptour,인유성,0427142392,"서울특별시 중구 을지로100, 비동 19층(을지로2가, 파인에비뉴)",87.776,48981600
5,ELA0001,1,6144,***,침투성 보호의,물품,ELA,화력총괄계약팀,202401261100,0112F,에스지생활안전 주식회사,SG Safety Corporation,성정현,07049928690,경기도 평택시 신평로28(유천동),85.503,42670000000
5,UMM0815,1,63426,***,(23F297-B) 육군 근조화환 지원 용역,용역,UMM,국군재정관리단,202401261100,CA647,(주)삼신상사,samsin,전상학,0312227490,경기도 화성시 정남면 만년로98번길47,98.609,237000000
4,HCF0001,1,00833,***,'24년~'26년 육로여객 수송 용역,용역,HCF,공군군수사령부,202401261030,C43AB,(주)대진고속관광,DAEJINTOUR,전대진,0533230025,대구광역시 북구 칠곡중앙대로 620(읍내동),88.227,107372300
2,LKS0009,1,01271,***,'24년 체력단련장 운영용 주류 구매(충청권),물품,LKS,육군인사사령부,202401261030,G9758,유한회사 대한주류상사,daehan,김진수,0418538999,충청남도 공주시 소학동길79-10 (소학동),98.669,59583320
303,LFC0010,1,01730,***,24-1차 교육재료비 구매,물품,LFC,육군훈련소,202401261030,M5364,아도니스팩토리,,김지연,070-8098-0406,충청남도 천안시 서북구 차돌고개5길37-0 (쌍용동) 1동 102호,88.004,43785469
29,SCN0014,1,01727,***,24-의무장비(근전도계) 구매,물품,SCN,제7001부대,202401261030,IADD4,케이메드,K med,김성기,025754001,"서울특별시 송파구 충민로66, Y-8086호(문정동, 가든파이브라이프)",88.448,34927000
69,SCN0013,1,01726,***,24-의무장비(견인치료기 경요추용) 구매,물품,SCN,제7001부대,202401261030,H71D4,디앤에스,DNS,강다겸,01048001352,"전라남도 광양시 광장로112-11, 102동 308호(중동, 태영아파트)",88.005,14421330
508,SCN0012,1,01725,***,24-의무장비(혈액응고측정기) 구매,물품,SCN,제7001부대,202401261030,L42F8,무지개마켓,,진선영,07076091823,"경기도 고양시 덕양구 통일로374, 103동 1802호(신원동, 신원마을1단지 우남퍼스트빌)",88.004,37835380
7,SDF0005,1,01724,***,24-항-02 음식물류 폐기물처리용역,용역,SDF,제5738부대,202401261030,G823E,주식회사유공개발,YO GONG GAE BAL,안도영,0542448628,경상북도 포항시 남구 송도로35-1 (송도동),88.122,45734000
15,SFM0004,1,01629,***,24-S-폐목재 처리 용역,용역,SFM,제3170부대,202401261030,I9C80,주식회사 대호리텍,"co,ltb Daehoritek",구본근,0543387773,경상북도 영천시 임고면 신선로562,88.082,29678008
6,LNS0006,1,01686,***,24년 입소 장병 명찰제작 및 계급장 루프테이프 부착,물품,LNS,제55보병사단,202401261030,HEB7D,루이,Loui,김영식,0315097728,"경기도 안산시 상록구 정재로5길3-0 (부곡동), 2층",88.726,25824960
45,SCN0011,1,01634,***,일회용 샤워타올 등 14종 구매,물품,SCN,제7001부대,202401261030,H4339,주식회사보승글로벌,bosungglobal,위나영,07087065666,"경상남도 창원시 진해구 웅동로162-0, 105동 501호(두동, 청안해오름아파트)",88.013,3030900
447,LNS0005,1,01670,***,24년 예비군훈련장 제초 용역,용역,LNS,제55보병사단,202401261030,FBAF5,주식회사 성우건설조경,sungwoo construsation,이상열,0316726900,경기도 안성시 진안로538-0 (금광면),88.001,31836100
3,SFH0009,1,01582,***,24-B-오.폐수처리시설 위탁관리 용역(도서지역),용역,SFH,제9196부대,202401261030,C75F7,주식회사 한길자연환경,Hangil environment Engineering Corp.,강진무,0325540996,"인천광역시 계양구 계산천서로44, 청구빌딩 4층",88.383,139656000
2,SFH0007,1,01465,***,’24년 백령도·대청도 부식류 민간위탁배송 용역,용역,SFH,제9196부대,202401261030,IF359,주식회사 옹진물산,,곽창열,0328364677,인천광역시 옹진군 백령면 사곶로122번길11-0,98.03,690000000
5,SFH0006,1,01463,***,24-B-폐기물(일반폐기물)처리용역(도서지역),용역,SFH,제9196부대,202401261030,DA7B3,인성코퍼레이션 주식회사,INSUNG ENVIRONMENT,추성호,0325557971,"인천광역시 중구 서해대로93번길14-1, 3층(항동7가)",80.761,531651000
7,SFH0005,1,01454,***,"24-B-폐기물(폐합성수지, 폐목재) 처리용역(도서지역)",용역,SFH,제9196부대,202401261030,ID549,주식회사 신승에너지,,이상봉,0313563630,"경기도 화성시 남양읍 매바위로570-10, 1층",80.536,219932230
1145,SDF0004,1,01475,***,24-항-09 군 숙소 청소용역,용역,SDF,제5738부대,202401261030,G9C38,주식회사 티아이컨설팅,ticonsulting,장애정,07048494877,"서울특별시 광진구 천호대로604, 2층 (능동, 진현빌딩)",87.996,111901610
33,SCP0006,1,01321,***,파인애플 등 261종 구매,물품,SCP,제8385부대,202401261030,M468D,(주)혜성식품,,고치성,0312136621,경기도 수원시 영통구 신원로250번길58-0 (영통동),83.013,531454000
38,SCP0005,1,01313,***,오리고기 등 32종 구매,물품,SCP,제8385부대,202401261030,K4C4F,이엠이컴퍼니,,성원민,01023624072,서울특별시 금천구 가산디지털1로171 (가산동) 3층 306-19,83.008,264437258
18,SCF0074,1,01180,001,토스트소스 구매,물품,SCF,해군군수사령부,202401261030,ID6DF,백곰유통,,홍한표,01087766646,"경상남도 통영시 중앙로34 (도천동, 만복도천비치맨션2차)1층8호",88.218,6309
30,SCF0066,1,01177,001,연근조림 구매,물품,SCF,해군군수사령부,202401261030,J8F16,에코,,윤종화,010-6388-1441,경상남도 창원시 진해구 여좌로123번길18 (여좌동),88.011,7158
20,SCF0069,1,01175,001,우엉조림 구매,물품,SCF,해군군수사령부,202401261030,D819A,연우상사,,황지환,055-546-2572,경상남도 창원시 진해구 여좌로123번길18-0 (여좌동),88.08,8135
16,SCF0068,1,01173,001,모듬수제소시지 구매,물품,SCF,해군군수사령부,202401261030,L50F3,송림축산,,김미애,0555521779,"경상남도 창원시 진해구 동진로138, 지하층 100-1호(덕산동)",88.073,8351
39,SCF0067,1,01169,001,감자고로케 구매,물품,SCF,해군군수사령부,202401261030,LB6A3,로아푸드,,강이경,07040621714,"경상남도 창원시 진해구 용원중로25번길6-19 (용원동), 101호",88.024,5371
26,SCF0070,1,01025,001,포장순대(슬라이스) 구매,물품,SCF,해군군수사령부,202401261030,K4AB9,주식회사 푸드앤하우스,,김형석,01021205255,경상남도 양산시 평산회야로9-2(평산동),88.032,3717
22,SCF0071,1,01019,001,크림파스타소스 구매,물품,SCF,해군군수사령부,202401261030,J1559,행복유통,,이윤영,055-546-0842,경상남도 창원시 진해구 태평로48번길2-0 (태평동)1층,88.131,6492
10,SCF0064,1,00897,001,재첩국 구매,물품,SCF,해군군수사령부,202401261030,K4AB9,주식회사 푸드앤하우스,,김형석,01021205255,경상남도 양산시 평산회야로9-2(평산동),88.044,3047
37,SCF0062,1,00895,001,요거트푸딩 구매,물품,SCF,해군군수사령부,202401261030,G1EEC,지(g)-마트,G-mart,송낙천,0555523355,"경상남도 창원시 진해구 조천북로62 105(경화동,하이존상가 105~107)",88.064,698
28,SCF0061,1,00891,001,양송이스프 구매,물품,SCF,해군군수사령부,202401261030,K3F17,건천유통,,박필란,01093392838,경상남도 합천군 삼가면 삼가중앙길26,88.287,6203
11,SCF0060,1,00887,001,쌈무 구매,물품,SCF,해군군수사령부,202401261030,M5110,태산,,김소영,01021205255,경상남도 양산시 덕계로80-0 (덕계동),88.081,5811
40,SCF0063,1,00880,001,해쉬포테이토 구매,물품,SCF,해군군수사령부,202401261030,L50F3,송림축산,,김미애,0555521779,"경상남도 창원시 진해구 동진로138, 지하층 100-1호(덕산동)",87.995,8611
27,SCF0059,1,00879,001,스위트콘 구매,물품,SCF,해군군수사령부,202401261030,D7C93,농협김치영업소,nonghyupkimchiyoungoupso,박영미,0555447669,"경상남도 창원시 진해구 명제로484번길14, 1층 (제덕동)",88.056,1584
22,SCF0058,1,00873,001,생우동 구매,물품,SCF,해군군수사령부,202401261030,L7026,영진식자재,,권영희,010-9331-7380,경상남도 창원시 진해구 조천북로62-0 (경화동) 101호,88.114,567
38,SCF0057,1,00871,001,생수(소) 구매,물품,SCF,해군군수사령부,202401261030,L7026,영진식자재,,권영희,010-9331-7380,경상남도 창원시 진해구 조천북로62-0 (경화동) 101호,88.002,172
17,SCF0056,1,00869,001,새우튀김 구매,물품,SCF,해군군수사령부,202401261030,L7026,영진식자재,,권영희,010-9331-7380,경상남도 창원시 진해구 조천북로62-0 (경화동) 101호,88.683,6446
43,SCF0055,1,00867,001,뼈발골닭다리정육 구매,물품,SCF,해군군수사령부,202401261030,LB6A3,로아푸드,,강이경,07040621714,"경상남도 창원시 진해구 용원중로25번길6-19 (용원동), 101호",88.021,13409
19,SCF0044,1,00816,001,까나리액젓 구매,물품,SCF,해군군수사령부,202401261030,J9437,삼진유통,,이순남,01047532104,경상남도 창원시 마산회원구 양덕북10길23-0 (양덕중앙시장) 1층 2호,88.095,5027
32,SCF0052,1,00814,001,베이컨 구매,물품,SCF,해군군수사령부,202401261030,LB6A3,로아푸드,,강이경,07040621714,"경상남도 창원시 진해구 용원중로25번길6-19 (용원동), 101호",88.01,11229
23,SCF0054,1,00813,001,바나나우유 구매,물품,SCF,해군군수사령부,202401261030,J8F16,에코,,윤종화,010-6388-1441,경상남도 창원시 진해구 여좌로123번길18 (여좌동),88.057,996.2
15,SCF0045,1,00811,001,모듬콩조림 구매,물품,SCF,해군군수사령부,202401261030,FB41E,주식회사 류홀마트,new consulting,양미숙,055-546-0841,"경상남도 창원시 진해구 충무로23-0 (신흥동, 블루빌)",88.064,5788
14,SCF0046,1,00808,001,명이절임 구매,물품,SCF,해군군수사령부,202401261030,K5B94,핸드메이드 초대점,,강명신,010-8000-0811,경상남도 창원시 진해구 진해대로762 (석동) 1층 127,88.406,6416
16,SCF0047,1,00793,001,매실농축액 구매,물품,SCF,해군군수사령부,202401261030,L7026,영진식자재,,권영희,010-9331-7380,경상남도 창원시 진해구 조천북로62-0 (경화동) 101호,88.005,7410
25,SCF0049,1,00792,001,맛술 구매,물품,SCF,해군군수사령부,202401261030,HCFDE,영농조합법인 초현,chohyun,이상조,07088290890,경상남도 김해시 김해대로2576번길68-0 (어방동),88.064,5844
25,SCF0053,1,00786,001,떡국떡 구매,물품,SCF,해군군수사령부,202401261030,J9437,삼진유통,,이순남,01047532104,경상남도 창원시 마산회원구 양덕북10길23-0 (양덕중앙시장) 1층 2호,88.096,4184
16,SCF0051,1,00785,001,땅콩조림 구매,물품,SCF,해군군수사령부,202401261030,M597F,거제축산물급식센터 주식회사,,이정미,0556339393,경상남도 거제시 수양로210 (양정동),88.027,6455
30,SCF0050,1,00779,001,단호박샐러드 구매,물품,SCF,해군군수사령부,202401261030,K2A3A,일이푸드,,정명화,0557614113,경상남도 진주시 명석면 나불로333,88.821,6025
10,SCF0040,1,00755,001,냉동피홍합 구매,물품,SCF,해군군수사령부,202401261030,K4AB9,주식회사 푸드앤하우스,,김형석,01021205255,경상남도 양산시 평산회야로9-2(평산동),88.695,2842
32,SCF0038,1,00750,001,냉동유부슬라이스 구매,물품,SCF,해군군수사령부,202401261030,FB41E,주식회사 류홀마트,new consulting,양미숙,055-546-0841,"경상남도 창원시 진해구 충무로23-0 (신흥동, 블루빌)",88.029,11405
24,SCF0037,1,00749,001,냉동새우 구매,물품,SCF,해군군수사령부,202401261030,LB1CA,진해식자재마트,,박종열,0555527091,경상남도 창원시 진해구 조천북로76-0 (경화동),88.15,9360
28,SCF0036,1,00745,001,깐메추리알 구매,물품,SCF,해군군수사령부,202401261030,IF555,류홀마트(합포점),,최정임,055-221-6798,경상남도 창원시 마산합포구 문화동로1-0 (월포동),88.056,5593
23,SCF0035,1,00731,001,고구마샐러드 구매,물품,SCF,해군군수사령부,202401261030,K3F17,건천유통,,박필란,01093392838,경상남도 합천군 삼가면 삼가중앙길26,88.01,5917
29,SCF0034,1,00728,001,계란지단채 구매,물품,SCF,해군군수사령부,202401261030,M5110,태산,,김소영,01021205255,경상남도 양산시 덕계로80-0 (덕계동),88,8191
20,SCF0033,1,00727,001,게맛살 구매,물품,SCF,해군군수사령부,202401261030,M54D7,키즈앤하우스,,조용호,01042223890,경상남도 양산시 덕계로80-0 (덕계동),88.292,2380
15,SCF0032,1,00724,001,감자수제비 구매,물품,SCF,해군군수사령부,202401261030,FB41E,주식회사 류홀마트,new consulting,양미숙,055-546-0841,"경상남도 창원시 진해구 충무로23-0 (신흥동, 블루빌)",88.023,2065
22,SCF0042,1,00717,001,깐풍기 구매,물품,SCF,해군군수사령부,202401261030,K4AB9,주식회사 푸드앤하우스,,김형석,01021205255,경상남도 양산시 평산회야로9-2(평산동),88.543,4570
2,SCF0075,1,00601,001,"24-00창 일반폐기물(폐P/S BALL, 폐주물사) 처리 용역",용역,SCF,해군군수사령부,202401261030,EC57B,남양산업,Namyang co,강양수,0555476111,경상남도 창원시 진해구 남영로 534-5(),84.501,91130
5124,MCR0005,1,01057,***,전산운영용품 빔프로젝트 램프 구매,물품,MCR,국방대학교,202401261030,LAE89,호호유통,,권남경,01025493845,"경상남도 창원시 진해구 안청로126-0 (청안동, 해인로즈빌아파트) 101동 105호",87.995,18265199
2,LQG0007,1,01444,***,(육성) 예비군훈련 병력수송버스 임차 용역(1권역),용역,LQG,육군 52보병사단,202401261030,BD325,신동아고속관광(주),"Shindongatour Co., Ltd",성흥수,024415522,서울특별시 강동구 아리수로93길33-9 (강일동) 402호,96.755,202272000
16,LGO0002,1,01155,001,24년 음식물처리 계약(용역),용역,LGO,제20기갑여단,202401261030,L14D8,태민환경,,전혜경,01053897169,"경기도 가평군 가평읍 보납로22, 2층 나호",84.254,163.64
120,LDC0001,1,01151,001,24년 즉석조리식품(민수용 작전식량) 구매,물품,LDC,육군과학화전투훈련단,202401261030,IE3D1,주식회사 제이에프,,진주,01090320950,"충청북도 청주시 청원구 율봉로159번길73-1, 301호(율량동, 스톰비오피스센터)",83.048,3977.76
8,LCK0001,1,01193,***,[육성지원금-24-1]버스 배차예약 앱 개발 용역,용역,LCK,수도방위사령부,202401261030,I42E4,주식회사 이오앱스,eo communication,안태용,0324266386,인천광역시 연수구 송도과학로32-0 (송도동) 송도테크노파크IT센터 S동1501호,88.372,30949600
4,LBB0003,2,00401,001,24년 신정 경축특식(초코조각케이크+치즈조각케이크),물품,LBB,육군제7789부대,202401261030,FB947,동광푸드,DONG KWANG FOOD,이민숙,0334589972,강원특별자치도 철원군 김화읍 외골길33-41(가동),87.995,3872.99
2,HDC0005,1,00952,***,24-용-2 음식물폐기물 처리용역,용역,HDC,공군제1전투비행단,202401261030,JB3D7,다복농장,,곽선우,061-453-0248,전라남도 무안군 현경면 성자동길79-36,89.64,104823000
3,HDC0004,1,00945,***,24-용-1 생활폐기물 처리용역,용역,HDC,공군제1전투비행단,202401261030,GB088,(주)조선우드,chosunwood,선연담,0622626777,광주광역시 광산구 하남산단5번로99-11 (장덕동),84.278,81865010
5707,HCM0012,1,01566,***,24-01-012 구두솔 등 5품목 구매,물품,HCM,공군교육사령부,202401261030,M62F8,행복한세상,,정영숙,01091773885,대구광역시 남구 중앙대로22길67-1 (봉덕동) 201호,87.995,209148787
40,HCM0010,1,01517,***,24-01-003 금속명찰 등 4품목 제조 구매,물품,HCM,공군교육사령부,202401261030,HC2F7,믿음상사,MIDUMSANGSA,신미경,01050504717,경기도 남양주시 별내면 청학로68번길23-0 (청학주공아파트)308동 1401호,88.001,113071460
95,HCL0010,1,01395,***,24-002 24-1학기 (국내·국외)교과서,물품,HCL,공군사관학교,202401261030,M10E2,엔피비유통,,김후관,01062644720,"충청북도 제천시 의병대로55-8 (명동), 203-1호(명동)",90.005,138527010
17,MDD0004,3,00866,***,2024 1분기 의약품 595품목 구매,물품,MDD,국군수도병원,202401251700,FD7D5,주식회사 위캔케어,WICANCARE,이경복,023032700,"서울특별시 동대문구 약령동길127 (제기동), 위캔빌딩",83.008,1029834296
3,LDH0020,2,00704,001,폐유성폐인트(액상) 위탁처리용역,용역,LDH,육군종합정비창,202401251330,F07E9,에이스환경,ACE,이정민,0553265188,경상남도 김해시 번화1로44번길31-0 (대청동) 508호,88.128,857640
10,HDF0006,1,01215,***,24-공-0비 음식물쓰레기 처리용역,용역,HDF,공군 제8전투비행단,202401251100,I549D,(주)푸른농장,GREEN FARM,이관영,0337332238,강원특별자치도 춘천시 동면 소양강로304-12,84.412,157700000
188,HCR0002,1,01241,***,24-공-1 대규모 보수공사 설계용역,용역,HCR,공군제15특수임무비행단,202401251100,K6BAB,건축사사무소 정건축,,이승우,031-889-5032,"경기도 용인시 기흥구 흥덕2로87번길17, 305호(영덕동)",88.019,63651150
5,HDL0004,1,01302,***,24년 예성 작은도서관 위탁운영 용역,용역,HDL,공군제16전투비행단,202401251100,L1AD3,다온,,권혜정,010-4915-0254,"경상북도 예천군 유천면 예성로358, 108동 404호(공군 충효마을)",96.729,36946455
4,LGM0002,1,01495,***,'24년 전반기 소방시설점검 용역,용역,LGM,제11기동사단,202401251100,M4DE9,주식회사 조은이앤씨,,한영애,0334355119,강원특별자치도 홍천군 홍천읍 갈마로7길22-13,88.025,14275524
17,MCN0001,1,01494,***,카본 필터 설치납품,물품,MCN,국방부근무지원단,202401251100,C226D,크린테크 코리아 주식회사,"CLEAN TECH KOREA Co., Ltd.",정성호,0317618261,경기도 광주시 초월읍 용수길197,88.012,26160300
32,MCS0009,1,01374,***,(지구병원-001) 의약품 2차 8종 구매,물품,MCS,국방부계룡대근무지원단,202401251100,LF3F4,a4u메디칼,,유희진,042-719-1157,"대전광역시 유성구 온천동로65번길39, 114호, 116호(봉명동, 노블레스투)",88.129,24808880
10,HDG0002,1,01278,***,<24-5> 사업장 일반폐기물 위탁처리 용역,용역,HDG,공군제10전투비행단,202401251100,E5D87,성우개발,SungWoo,서대원,031-865-4002,경기도 양주시 은현면 은현로457번길40-12,88.282,74414860
24,HDG0001,1,01277,***,<24-4> 사업장 음식물류폐기물 위탁처리 용역,용역,HDG,공군제10전투비행단,202401251100,KE86B,대명기업,,김용석,01094697196,경기도 수원시 권선구 매송고색로804번길451-0 (고색동),88.041,64644058
31,MDD0016,1,01571,***,2024년 00병원 구충구서 방제 용역,용역,MDD,국군수도병원,202401251100,DCAE7,주식회사 케어원,,김호영,025535200,"서울특별시 강남구 역삼로148, 3층 (역삼동, 굿잡빌딩)",87.964,15400548
1132,MDD0013,1,01519,***,2024년 국군수도병원 병리장비소모품(13) 구매,물품,MDD,국군수도병원,202401251100,KBADB,케이컴퍼니,,김영미,07076129238,대전광역시 중구 선화서로88 (선화동),87.995,37093146
13,LCN0003,1,01127,***,24년 생도 증식(떡 만두 등 213개 품목) 구매,물품,LCN,육군사관학교,202401251100,LC232,인서유통,,송은정,01094239309,"경기도 수원시 영통구 광교중앙로248번길7-3 (하동) 4층 443호(하동, 우연법전프라자)",88.046,121884117
58,MDN0002,1,01034,***,휴대용핵종분석기 구매,물품,MDN,국군화생방방호사령부,202401251030,M1844,스타랜드,,김형순,01030218352,"경기도 고양시 덕양구 유산길17번길61-0 (내유동, 모닝빌) 101동301호",88.099,37406070
4,LIK0003,1,01269,001,'24년 춘천지역 음식물류 폐기물 위탁처리 용역,용역,LIK,제2군수지원여단,202401251030,H1C17,그린시스템,Greensystem,남정훈,0332643700,강원특별자치도 춘천시 신동면 김유정로1609-0,88.242,176
4,LIK0004,1,01281,001,'24년 가평지역 음식물류 폐기물 위탁처리 용역,용역,LIK,제2군수지원여단,202401251030,L14D8,태민환경,,전혜경,01053897169,"경기도 가평군 가평읍 보납로22, 2층 나호",88.14,175.76
107,SCL0005,1,01235,***,사관생도 교재(군사전략론 등 56종) 구매,물품,SCL,해군사관학교,202401251030,L4CDD,창대유통,,이은숙,07047907822,경상남도 창원시 마산회원구 내서읍 광려천북로198-2  1층,90,37070182
72,MCR0004,1,01106,***,간부숙소 내부청소 용역,용역,MCR,국방대학교,202401251030,K55D6,연주통운,,신연주,042-635-8000,대전광역시 유성구 원계산로194-1 (계산동),88.005,26142270
7,HDQ0002,1,01400,***,24-작은도서관 위탁운영 용역,용역,HDQ,제20전투비행단,202401251030,M6634,주식회사 한국인재개발원,,천양자,023831892,"충청남도 아산시 삼동로40, 301-354호(모종동)",89.418,34193400
526,SCQ0003,1,01548,***,24-평 안보교육시설 청소용역,용역,SCQ,제9911부대,202401251030,M050C,주식회사 은상컴퍼니,,최은미,07041097450,"경기도 안산시 단원구 고잔2길45, 7층 701-376호(고잔동, 코스모프라자)",90,48120850
3,SFM0002,1,01337,***,분말소화기 등 2품목 제조,물품,SFM,제3170부대,202401251030,IAD7D,씨더블유소방산업 주식회사,"CW FIRE INDUSTRY CO.,LTD",김진영,0435360119,충청북도 음성군 대소면 산내로107번길81-21,88.258,22952412
7,SCK0012,1,01445,***,조리실습재료(감자전분 등 195종) 구매,물품,SCK,해군교육사령부,202401251030,LBF98,블루홀딩스 주식회사,,김경태,055-719-0430,"경상남도 창원시 마산회원구 율림교로6, 329호(양덕동)",88.745,53683422
113,SCL0004,1,01223,***,사관생도 교재(유체역학 등 49종) 구매,물품,SCL,해군사관학교,202401251030,KB865,용마학생문고,,오영탁,055-247-5256,경상남도 창원시 마산합포구 허당로48 (산호동),90.004,28672119
152,SFM0001,1,01112,***,셔터형 자물쇠 구매,물품,SFM,제3170부대,202401251030,M72A7,무한상사,,박일봉,0547273320,"경상북도 포항시 북구 침촌지구로10-0 (장성동, 장성 푸르지오) 108동 1604호",88,76640820
47,SDQ0003,1,01483,***,"수신기-송신기, 유압제어용 3개 구매",물품,SDQ,해군제2수리창,202401251030,L7B1C,이서환경,,최선경,01024078993,"경기도 평택시 지제동삭3로11, 107동 304호(세교동, 평택지제역자이)",88.029,26133692
24,SDQ0002,1,01482,***,"베어링, 롤러식, 스러스트형 1개 구매",물품,SDQ,해군제2수리창,202401251030,K7E87,휴이,,이명교,07043231705,경기도 평택시 중앙2로13 (평택동) 602-1-310,88.069,43044750
5,LCG0005,1,01578,***,[24-육-10] 수사통합시스템 SW유지보수,용역,LCG,육군본부,202401251030,KFB9E,은서유통,,윤운태,01024075879,충청남도 보령시 남포면 봉덕삼현길305-136,88.427,8651160
2,SCQ0004,1,01576,***,24-평 토양누출검사 용역(도서포함),용역,SCQ,제9911부대,202401251030,HCA9E,재단법인 대경환경연구소,Foundation Daegyeong environment research institute,안교원,0549722599,경상북도 칠곡군 동명면 봉암1길27-1,88.61,3186000
2,SCR0003,1,01511,***,24년 0함대 전기안전관리대행 용역,용역,SCR,해군제3함대사령부,202401251030,HE98F,대한전기안전관리(주),dae han jen gi,최낙현,0612829117,전라남도 목포시 백년대로337번길11-0 (상동) 비파3차@상가304호,98.84,57270400
4,LCT0001,1,01486,***,24년 음식물 폐기물 처리 용역,용역,LCT,육군포병학교,202401251030,HAF52,무경지엔씨 주식회사,,김진호,0626526227,"광주광역시 동구 남문로686, 4층(학동)",88.049,36960000
28,HDF0007,1,01382,***,건설폐기물처리용역 [미결수 수용시설 신축],용역,HDF,공군 제8전투비행단,202401251030,A463C,상지환경산업(주),"SANGJI ENUIRONMENT INDUSTRIAL.CO.,LTD.",지영희,0334359953,강원특별자치도 홍천군 홍천읍 옥류동길123-6,88.147,38904900
56,LCN0004,1,01000,***,제80기 졸업 및 임관식 행사 임차 용역,용역,LCN,육군사관학교,202401251030,ICF43,주식회사뉴하나회,,임재덕,0314931162,"경기도 안산시 상록구 당골4길1 (사동),3층",88.015,66333630
3,SCR0002,1,01159,***,24년 0함대사령부 승강기 유지관리 용역,용역,SCR,해군제3함대사령부,202401251030,EC4F4,(유)한성엘시티엘리베이터,hansung elcity elevator,한상훈,0612427372,전라남도 목포시 삼학로231번길22-0 (산정동),89.772,19752000
8,SCQ0002,1,01162,***,24-평 오폐수처리시설 수질검사 용역,용역,SCQ,제9911부대,202401251030,E5389,주식회사 지엔피,GNP Co. Ltd,노시준,0324720738,인천광역시 연수구 송도과학로56-0 (송도동) 15층 1501호,88.235,11720000
5,SDF0003,1,01312,***,24-항-06 오폐수처리시설 및 중계펌프장 위탁관리용역,용역,SDF,제5738부대,202401251030,B40C3,(주)성진환경건설,SUNGJIN,유경원,0543322273,경상북도 영천시 고경면 청정길118-41,88.555,33926940
6,SCN0007,1,01311,***,24-진-13 컬러 잉크젯 프린터(복합기)  임차용역,용역,SCN,제7001부대,202401251030,G485D,케이알정보통신,Korea Republic Information Communication Company,이동민,055-649-1119,"경상남도 창원시 마산합포구 회원천북길545(산호동, 무학맨션) 502호",89.711,6349825
43,LGC0002,1,01308,***,"24년 장교후보생 군장품(계급장, 제조부착) 구매",물품,LGC,육군학생군사학교,202401251030,0192F,주식회사 흥선,HEUNGSUNCOLTD,김용기,0314943365,"경기도 안산시 단원구 만해로169번길28, 603블럭 11-1호 (신길동, 반월공단)",88.103,37218280
8,MCS0010,1,01580,***,24-폐기물(폐합성섬유) 처리용역,용역,MCS,국방부계룡대근무지원단,202401251030,F5533,주식회사 에너지세종,"ECORBIT energy Sejong CO.,Ltd",윤명근,0448625123,세종특별자치시  전동면 솔티로341-0,88.187,14546200
14,MDK0002,1,01577,***,'24년 일반 화물 수송 용역,용역,MDK,국군수송사령부,202401251030,I6714,주식회사 한국비히클,"HANKUK VEHICLES CO., LTD.",윤성웅,0414250093,충청남도 아산시 둔포면 아산호로1082번길16-16,89.041,25286100
67,MCT0003,1,01467,***,야구부 훈련용품(언더랩 등 48종)구매,물품,MCT,국군체육부대,202401251030,JEBE3,조이스툴,,이나은,0222784433,"서울특별시 서대문구 포방터2길24, 201호(홍은동)",95.457,17050000
2984,MCT0002,1,01468,***,야구부 훈련용품(유니폼 상의 등 18종) 구매,물품,MCT,국군체육부대,202401251030,L4131,우팸,,장정훈,01090950143,"경기도 안산시 단원구 와개1안길12, 202호(와동, 리더캐슬)",88,68397447
13,MDN0001,1,01033,***,방사능측정셋(중성자 측정기) 구매,물품,MDN,국군화생방방호사령부,202401251030,KA267,주식회사 성우소방안전,,강지훈,0313072521,경기도 수원시 권선구 매송고색로515 (오목천동) 지하1층,90.795,28600000
4,HCS0022,5,54830,***,공군 제00비행단 병사식당 민간위탁 운영,용역,HCS,제3훈련비행단,202401241600,C6195,주식회사 풀무원푸드앤컬처,"Pulmuone Food & Culture Co.,Ltd",이동훈,0234007790,서울특별시 송파구 송파대로34길29(송파동),0,29688750000
1,LNS0001,1,00844,001,"24년 예비군 도시락 제조ㆍ납품(1권역, 야탑)",물품,LNS,제55보병사단,202401191600,G44BF,(주)기락,girak,송옥섭,0315724737,경기도 남양주시 별내면 송산로넉바위길6,100,8000
1,LNS0003,1,00857,001,"24년 예비군 도시락 제조ㆍ납품(3권역, 운학)",물품,LNS,제55보병사단,202401191600,HC3FA,주식회사 비에스에프앤씨,bsfood,문석수,00016443137,경기도 용인시 기흥구 용인향교로20번길26-0 (언남동),100,8000
36,HCC0001,1,01228,***,에폭시 코팅키트 등 3품목(002),물품,HCC,해군제1수리창,202401191500,L8B5E,씨에스상사,,김효식,01052181431,"강원특별자치도 동해시 부곡6길6,(부곡동)",88.012,4372010
3,LKT0009,1,00915,***,24년 직할대 음식물쓰레기 처리용역,용역,LKT,제1989부대,202401191330,G9F21,케이씨네트웍스주식회사,kcnetworks,김원상,0623667272,광주광역시 광산구 상무대로507-11 (우산동),85.563,88916385
45,UMM0814,1,60060,***,24-F-온나라체계 유지보수,용역,UMM,국군재정관리단,202401191100,I4D33,주식회사 이상시스템,Esang,이인석,027823142,"서울특별시 영등포구 의사당대로1길11, 1409호(여의도동)",88.083,98757600
13,LFK0001,1,00966,***,"24년 1분기(2,3월) 조리병 실습재료 구매",물품,LFK,육군종합군수학교,202401191100,LCF43,선진유통,,오승임,0426226897,대전광역시 대덕구 동춘당로52번길14-0 (송촌동) 1층,88.118,42510622
13,LFK0001,2,00966,***,"24년 1분기(2,3월) 조리병 실습재료 구매",물품,LFK,육군종합군수학교,202401191100,LCF43,선진유통,,오승임,0426226897,대전광역시 대덕구 동춘당로52번길14-0 (송촌동) 1층,88.118,42510622
12,UMM0005,1,00221,***,(24F001-A) 음식물쓰레기 수거 및 위탁처리 용역,용역,UMM,국군재정관리단,202401191100,J9557,두미르환경,,김나경,01053897169,강원특별자치도 춘천시 동면 소양강로398-0,81.129,235285360
5,UMM0813,1,67885,***,24-M-전세버스 수송용역,용역,UMM,국군재정관리단,202401191100,C6951,희성고속관광(주),"HEESUNG TOURIST CO.LTD,",송정애,0535225800,대구광역시 달서구 성당로199-1 (성당동),87.561,262900000
4,SCF0043,1,01008,***,24-보-승강기 유지관리용역,용역,SCF,해군군수사령부,202401191030,I5D70,성원엘리베이터 주식회사,SUNGWON ELEVATOR,김도현,0552766119,경상남도 창원시 의창구 무역로581번길43-0 (팔용동) 동림빌딩 302호,88.037,2710400
15,LPF0008,1,00939,***,토양오염복원 재해예방기술(24-11),용역,LPF,제51보병사단,202401191030,LE87C,태영기술안전지도사사무소,,김병섭,010-6290-7233,"경기도 용인시 기흥구 서천로201번길31, 1동 10층 1026호(농서동, 이너매스허브시티)",88.002,5357300
6,SDL0002,1,01066,***,24-00아파트 승강기 유지관리용역,용역,SDL,재경근무지원대대,202401191030,C240F,원엘리베이터 (주),won elevator,장인원,025768701,"서울특별시 서초구 청계산로189, 501호 (신원동, 내곡드림시티2차)",88.609,27147740
8,MCR0003,1,01022,***,교육생 생활관 침구류 세탁 용역,용역,MCR,국방대학교,202401191030,IC2DC,원크린,,조병두,042-826-2620,대전광역시 동구 산내로1315번길20-0 (낭월동),88.125,37057500
29,SCQ0001,1,01006,***,24-평 실내공기질 측정용역(도서포함),용역,SCQ,제9911부대,202401191030,D35EE,주식회사 한국환경안전연구소,korea research environment testing institute,이정식,0432377824,충청북도 청주시 서원구 남이면 양촌3길7-30,88.133,26901800
9,SDL0001,1,00954,***,24-00대대 승강기유지관리용역,용역,SDL,재경근무지원대대,202401191030,C7775,한림승강기(주),HANLIM ELEVATOR,최봉근,0226335258,"서울특별시 영등포구 선유로 146, 이앤씨드림타워 1210호(양평동3가)",88.339,16420800
22,LHM0002,1,00948,***,23-신-25 직할대 교량신축 등 2건(201호)(건설폐기물),용역,LHM,제15보병사단,202401191030,01005,(주)대한환경산업,daehan envir.ind.co.Ltd.,임학동,0337318846,강원특별자치도 원주시 호저면 호매곡1길201-27,88.118,87939200
21,LHM0001,1,00950,***,23-신-21 00부대 정비고 등 신축(168호)(건설폐기물),용역,LHM,제15보병사단,202401191030,A45A7,합자회사 금강개발,kumkangdv,성갑상,0337472680,강원특별자치도 원주시 지정면 질마재로 24-11(),88.229,24719530
12,LHQ0001,1,00870,***,'24년 FS 연습 전산장비 단기 임차,용역,LHQ,제2작전사령부,202401181430,FBD7D,瞳暎동영미디어,Dongyoungmedia,박소연,0552968379,"경상남도 창원시 의창구 차룡로48번길44, 창원스마트업타워 제9층 제에프904호(팔용동)",89.902,11892869
124,LFN0001,1,00719,***,24-1학기 생도교과서(국내서)구매,물품,LFN,육군3사관학교,202401181400,M5FE0,도개,,류범열,01048986359,"경상북도 구미시 선기로3길54, 204동 1102호(남통동, 금오산어울림)",90.003,129540730
2,UAZ0004,1,00933,***,오수처리시설 수질관리용역(수정),용역,UAZ,합동군사대학교,202401181330,H3172,덕은환경건설,Deokun environment construction,이재환,031-631-1721,경기도 이천시 진상미로2232번길9 (고담동),88.711,15382820
3,UMM0003,1,00690,***,24-N-브리핑 등 8건 통합 금융리스,물품,UMM,국군재정관리단,202401181100,M501B,미래에셋캐피탈(주),,이만희,027879295,"서울특별시 중구 을지로5길26, 6층 (수하동, 미래에셋센터원 웨스트타워)",97.282,21683319190
4,HDQ0001,1,00754,***,24-생활폐기물 위탁처리 용역,용역,HDQ,제20전투비행단,202401181030,KBF19,미르종합환경주식회사,,이민형,0416661143,충청남도 서산시 팔봉면 팔봉2로194-94,84.361,94997563
2,SCR0001,1,00863,***,24년 0함대 음식물 위탁처리용역,용역,SCR,해군제3함대사령부,202401181030,K65A8,황견농장,,이주헌,01087316523,전라남도 강진군 성전면 송계로534-64,88.684,69505000
7,HDF0001,1,00898,***,24년 오수처리시설관리용역,용역,HDF,공군 제8전투비행단,202401181030,I3C36,(주)도림환경,dolim environment,임영배,0336487577,"강원특별자치도 강릉시 연곡면 동해대로4100-18 , 제1호",88.075,31891360
957,SCK0010,1,00893,***,COVID-19 AG TEST 구매,물품,SCK,해군교육사령부,202401181030,J6A9B,메이,,이월매,01088316799,"인천광역시 계양구 동양로100 (동양동), 305동 1501호",88.001,9018860
205,SCK0011,1,00902,***,복사용지 A4 280박스 구매,물품,SCK,해군교육사령부,202401181030,KC0C1,강림,,이재혁,01098159393,경상남도 창원시 마산회원구 양덕북5길96 (양덕동),88.001,8708301
35,LFA0001,2,00862,***,24-1차 간편식 활용 작전식량 구매,물품,LFA,제2신속대응사단,202401181030,G4C84,주식회사 늘본푸드,cherrybro Busan sole distributor,조태광,0519737340,부산광역시 강서구 공항로1207번길32-0 (대저1동),88.076,65035000
35,LFA0001,1,00862,***,24-1차 간편식 활용 작전식량 구매,물품,LFA,제2신속대응사단,202401181030,G4C84,주식회사 늘본푸드,cherrybro Busan sole distributor,조태광,0519737340,부산광역시 강서구 공항로1207번길32-0 (대저1동),88.076,65035000
2,LGH0001,1,00773,***,상무대 오수처리 탈수슬러지 처리,용역,LGH,육군상무대근무지원단,202401181030,D939A,금호실업,kumho,김효정,010-2686-4622,전라남도 나주시 산포면 내기리영산로 6175-77,88.179,41494588
16,SCF0029,1,00670,001,미소된장 구매,물품,SCF,해군군수사령부,202401181030,K5B94,핸드메이드 초대점,,강명신,010-8000-0811,경상남도 창원시 진해구 진해대로762 (석동) 1층 127,88.022,3345
16,SCF0029,2,00670,001,미소된장 구매,물품,SCF,해군군수사령부,202401181030,K5B94,핸드메이드 초대점,,강명신,010-8000-0811,경상남도 창원시 진해구 진해대로762 (석동) 1층 127,88.022,3345
9,SCF0028,1,00666,001,야채 고기말이 구매,물품,SCF,해군군수사령부,202401181030,HCFDE,영농조합법인 초현,chohyun,이상조,07088290890,경상남도 김해시 김해대로2576번길68-0 (어방동),88.27,4939
19,SCF0027,1,00665,001,견과류 구매,물품,SCF,해군군수사령부,202401181030,K4AB9,주식회사 푸드앤하우스,,김형석,01021205255,경상남도 양산시 평산회야로9-2(평산동),88.075,519
38,SCF0026,1,00660,001,컵밥 구매,물품,SCF,해군군수사령부,202401181030,IF555,류홀마트(합포점),,최정임,055-221-6798,경상남도 창원시 마산합포구 문화동로1-0 (월포동),88.185,2539
33,SCF0025,1,00655,001,꿔바로우 구매,물품,SCF,해군군수사령부,202401181030,D7C93,농협김치영업소,nonghyupkimchiyoungoupso,박영미,0555447669,"경상남도 창원시 진해구 명제로484번길14, 1층 (제덕동)",88.169,12259
22,SCF0023,1,00653,001,소고기스프 구매,물품,SCF,해군군수사령부,202401181030,K3F17,건천유통,,박필란,01093392838,경상남도 합천군 삼가면 삼가중앙길26,88.106,6576
12,SCF0022,1,00650,001,오리훈제슬라이스 구매,물품,SCF,해군군수사령부,202401181030,J1559,행복유통,,이윤영,055-546-0842,경상남도 창원시 진해구 태평로48번길2-0 (태평동)1층,88.032,12887
37,SCF0024,1,00643,001,떠먹는 발효유 구매,물품,SCF,해군군수사령부,202401181030,KA620,오케이팜,,오세옥,0556073058,경상남도 창원시 진해구 안청남로6번길8-1 (안골동) 1층,88.048,519.9
28,SCF0021,1,00636,001,요구르트 구매,물품,SCF,해군군수사령부,202401181030,J1559,행복유통,,이윤영,055-546-0842,경상남도 창원시 진해구 태평로48번길2-0 (태평동)1층,88.097,116.5
19,SCF0030,1,00628,001,콩나물 구매,물품,SCF,해군군수사령부,202401181030,ID6DF,백곰유통,,홍한표,01087766646,"경상남도 통영시 중앙로34 (도천동, 만복도천비치맨션2차)1층8호",88.025,2703
2,LCJ0008,1,00892,***,미래로아파트 위탁관리 용역,용역,LCJ,종합보급창,202401181030,F52B9,공우이엔씨 주식회사,KONGWOO ENC Corporation,이한기,0262760252,"서울특별시 영등포구 여의대방로43라길6-0 (신길동, 신길프라자3층)",99.378,235201276
5,HDN0002,2,00721,***,'24년 생활(폐합성수지류) 폐기물 처리,용역,HDN,공군제18전투비행단,202401171300,K374C,주식회사 다원에코,,김민정,0336487884,강원특별자치도 강릉시 과학단지로21번길59 (대전동),88.646,39168160
7,HDP0003,2,00490,***,24년 음식물쓰레기 위탁처리 용역,용역,HDP,공군제19전투비행단,202401171100,IF68F,솔밭농장,,이익수,010-6327-0180,충청북도 청주시 청원구 내수읍 은곡1길53,97.308,111500000
749,MFK0002,1,00809,***,24년 프린트 임차 용역,용역,MFK,제9912부대,202401171100,M29CE,아이온,,백종엽,01044648098,경기도 군포시 공단로140번길46-0 (당정동)1016호,88.003,13164690
89,MFK0001,1,00810,***,24년 무인감시기지(CCTV) 유지보수 용역,용역,MFK,제9912부대,202401171100,08683,안세정보통신(주),ANSEI INC,방윤배,0315511865,경기도 구리시 수택천로33번길25(수택동) 4층,88.024,14170205
3,UAC0003,1,00821,001,24년 지정폐기물(기름걸레 등) 위탁처리 용역,용역,UAC,국방출판지원단,202401171100,L50C9,코어엔텍 주식회사,,송용석,0314881166,경기도 시흥시 소망공원로5 (정왕동),88.941,1054000
122,LFH0003,1,00812,***,교육생 숙소 신축 관급(자동제어),물품,LFH,육군부사관학교,202401171100,B2E43,현대계장공업(주),"Hyundai Instrumentation Ind. Co.,Ltd",박종성,027324440,서울특별시 마포구 성산로 154(),88.006,113507190
93,LGP0003,1,00535,001,24-1차 경축특식 제로콜라  구매,물품,LGP,제1군수지원사령부,202401171100,I4744,푸른,PUREUN FOOD,고승정,07077788187,"경기도 성남시 분당구 성남대로916번길11, 4층 4-22호 (야탑동, 글라스타워)",88.007,587.99
2,LGP0004,1,00534,001,24-1차 경축특식 우유생크림빵 제조,물품,LGP,제1군수지원사령부,202401171100,J9FA9,주식회사 온세까세로,,박성언,0337330358,강원특별자치도 원주시 상지대길83-0 (우산동) 상지대학교 벤처창업관 103호,88.311,2218
8,LGP0005,1,00533,001,24-1차 경축특식 떠먹는 티라미수 제조,물품,LGP,제1군수지원사령부,202401171100,D9378,(주)조이푸드,JOYFOOD.CO.LTD,김영식,0317313557,"경기도 성남시 중원구 사기막골로105번길25, 611호 (중앙인더스피아2차, 상대원동)",88.6,2637.32
5,LGP0006,1,00532,001,24-1차 경축특식 냉동슈 제조,물품,LGP,제1군수지원사령부,202401171100,FB947,동광푸드,DONG KWANG FOOD,이민숙,0334589972,강원특별자치도 철원군 김화읍 외골길33-41(가동),88.002,2639.99
122,LFH0003,2,00812,***,교육생 숙소 신축 관급(자동제어),물품,LFH,육군부사관학교,202401171100,B2E43,현대계장공업(주),"Hyundai Instrumentation Ind. Co.,Ltd",박종성,027324440,서울특별시 마포구 성산로 154(),88.006,113507190
27,LQH0001,1,00619,***,219여단 취사식당 신축 관급 자동제어,물품,LQH,제3697부대,202401171030,B26A9,세종일렉트릭 주식회사,"SEJONG ELECTRIC Co.,Ltd",김복환,0319499992,경기도 파주시 조리읍 통일로 1-34(),88.196,107621800
6,SCN0006,1,00841,***,24-진 이동장병숙소 세탁물 세탁용역,용역,SCN,제7001부대,202401171030,M7480,크린토피아 코인워시 사천삼정그린코아점,,조대광,055-854-7258,"경상남도 사천시 사남면 항공로162, 143동 1층 123호(삼정그린코아 포레스트 단지내 상가)",89.278,40000000
8,SCN0005,1,00840,***,24-진 00회관 세탁물 세탁용역,용역,SCN,제7001부대,202401171030,M6476,런드리샤워,,정영지,055-385-8338,"경상남도 양산시 물금읍 버들3길18, 1층",91.105,19157600
2,LCG0001,2,00686,***,[24-육-5] 육군지 포장 및 발송 용역,용역,LCG,육군본부,202401171030,KFC3C,가람인포테크,,이은경,01049324266,충청남도 공주시 성산4길10-1 (옥룡동),98.555,18260000
16,SCK0009,1,00819,***,24-00사 임목폐목재 처리용역,용역,SCK,해군교육사령부,202401171030,K8A33,주식회사 아시아그린,,장정현,0559929814,경상남도 함안군 군북면 현포로152-0,88.053,21892360
130,LBA0001,1,00783,***,‘24년 경축특식(설날) 닭다리 등 구매,물품,LBA,제 2167부대,202401171030,KFB5B,서준코퍼레이션,,윤진영,01088577664,"강원특별자치도 원주시 문막읍 귀문로1269-16, 1층 우측",88.06,40125000
123,LBA0002,1,00784,***,‘24년 경축특식(설날) 빵류 2종 구매,물품,LBA,제 2167부대,202401171030,L29CD,주식회사 백두상사,,하정매,01020411089,경기도 용인시 수지구 현암로153 (죽전동) 704호-마04호,88.054,60722256
10,LDH0011,1,00617,001,24년 폐합성수지 위탁처리 용역,용역,LDH,육군종합정비창,202401161330,JCAD2,주식회사엘킹덤,,김인혜,0553132230,경상남도 창원시 의창구 대산면 유등로332번길86-20,84.279,313705
12,LDH0019,1,00700,001,24년 폐합성수지(FRP) 위탁처리용역,용역,LDH,육군종합정비창,202401161330,LA743,(주)진주스틸,,오경두,0555844863,경상남도 함안군 법수면 강주1길100-48,88.163,1105522
3,LDH0018,1,00696,001,24년 폐유기용제/폐유 위탁처리용역,용역,LDH,육군종합정비창,202401161330,F07E9,에이스환경,ACE,이정민,0553265188,경상남도 김해시 번화1로44번길31-0 (대청동) 508호,88.564,431920
6,HDN0001,1,00732,***,'24년도 음식물류 폐기물 처리용역,용역,HDN,공군제18전투비행단,202401161300,LB3AD,강릉청소용역,,홍현기,01020024578,"강원특별자치도 강릉시 강변로670번길16-0, 가동 1호(두산동)",88.014,73090000
5,LMU0001,1,00553,001,`24-1차 부대조달 경축특식(설날) 계약,물품,LMU,제7군수지원단,202401161100,D9378,(주)조이푸드,JOYFOOD.CO.LTD,김영식,0317313557,"경기도 성남시 중원구 사기막골로105번길25, 611호 (중앙인더스피아2차, 상대원동)",88.121,2596
10,UAC0001,1,00699,001,24년 일반폐기물(폐목재 등) 위탁처리,용역,UAC,국방출판지원단,202401161100,C40FB,계룡우드 주식회사,"Gyeryongwood.co,ltd.",박웅현,0417330102,충청남도 논산시 연산면 연산사계3길 79-3(),88.785,139610
4,LFH0002,1,00718,***,교육생 숙소 신축 관급자재 (타일),물품,LFH,육군부사관학교,202401161100,KAFC6,주식회사 마도세라믹스,,김태연,0313554742,경기도 화성시 마도면 화성로785번길32,95.247,50573000
8,LFH0001,2,00697,***,교육생숙소신축 관급 진공온수보일러,물품,LFH,육군부사관학교,202401161100,D84D3,주식회사 동광보일러,"DONGKWANG BOILER CO., LTD.",박정연,0262588989,충청남도 아산시 수장로67-0 (배미동),94.039,47600000
8,LFH0001,1,00697,***,교육생숙소신축 관급 진공온수보일러,물품,LFH,육군부사관학교,202401161100,D84D3,주식회사 동광보일러,"DONGKWANG BOILER CO., LTD.",박정연,0262588989,충청남도 아산시 수장로67-0 (배미동),94.039,47600000
1518,UMM0004,1,00319,***,(246003-D)교과서(24년 1학기) 구매,물품,UMM,국군재정관리단,202401161100,K3F7C,비전상사,,장미영,01097628462,"경기도 남양주시 별내5로81 (별내동, 남양주 별내 스위첸)3104-2604",90.001,215573400
41,SCF0522,1,54706,001,돼지목심(냉동) 구매,물품,SCF,해군군수사령부,202401161030,L7026,영진식자재,,권영희,010-9331-7380,경상남도 창원시 진해구 조천북로62-0 (경화동) 101호,88.02,13870
17,MDW0002,1,00698,***,24년 전산장비 유지보수,용역,MDW,국군간호사관학교,202401161030,A3CDD,(주)알파아이엔씨,ALPHA I&C,이태영,0426227350,대전광역시 대덕구 오정로78번길114 2층 (오정동),95.806,48312000
252,MCR0001,1,00716,***,안보현안분석 및 린사포럼 발간 용역,용역,MCR,국방대학교,202401161030,FA5E3,그레이스,grace,양혜경,0222710111,서울특별시 중구 마른내로72 인현상가 511호(인현동2가),88,16590600
6,SCU0014,1,00767,002,'24년 제주지역 액화석유가스(LPG) 구매,물품,SCU,해군 기동함대사령부,202401161030,C25A0,주식회사 천마,cheonma,김영진,0647523151,제주특별자치도 제주시 애월읍 평화로2700,85.656,1132
6,SCU0014,1,00767,001,'24년 제주지역 액화석유가스(LPG) 구매,물품,SCU,해군 기동함대사령부,202401161030,C25A0,주식회사 천마,cheonma,김영진,0647523151,제주특별자치도 제주시 애월읍 평화로2700,85.275,1140
40,SCF0019,1,00703,001,소갈비(냉동/갈비탕용) 구매,물품,SCF,해군군수사령부,202401161030,L50F3,송림축산,,김미애,0555521779,"경상남도 창원시 진해구 동진로138, 지하층 100-1호(덕산동)",88.002,15813
41,SCF0018,1,00695,001,냉동 수육용 삼겹살 구매,물품,SCF,해군군수사령부,202401161030,HC6D5,주식회사 원양에프엔지 농업회사법인,wonyang,심세진,0552712845,경상남도 창원시 마산합포구 진전면 팔의사로511-97,88.005,16421
36,SCF0017,1,00606,001,소갈비순살(냉동/슬라이스) 구매,물품,SCF,해군군수사령부,202401161030,G1EEC,지(g)-마트,G-mart,송낙천,0555523355,"경상남도 창원시 진해구 조천북로62 105(경화동,하이존상가 105~107)",88.017,28890
49,SCF0015,1,00574,001,차돌박이(냉동/슬라이스) 구매,물품,SCF,해군군수사령부,202401161030,L50F3,송림축산,,김미애,0555521779,"경상남도 창원시 진해구 동진로138, 지하층 100-1호(덕산동)",88.019,18086
48,SCF0014,1,00570,001,LA 갈비(냉동) 구매,물품,SCF,해군군수사령부,202401161030,J1559,행복유통,,이윤영,055-546-0842,경상남도 창원시 진해구 태평로48번길2-0 (태평동)1층,88.012,26904
9,SCF0013,1,00565,001,모둠해물 구매,물품,SCF,해군군수사령부,202401161030,J1559,행복유통,,이윤영,055-546-0842,경상남도 창원시 진해구 태평로48번길2-0 (태평동)1층,88.016,7159.5
48,SCF0012,1,00561,001,대패삼겹살(냉동) 구매,물품,SCF,해군군수사령부,202401161030,KA620,오케이팜,,오세옥,0556073058,경상남도 창원시 진해구 안청남로6번길8-1 (안골동) 1층,88.156,10664
16,SCF0020,1,00479,001,씻어나온쌀 구매,물품,SCF,해군군수사령부,202401161030,IF555,류홀마트(합포점),,최정임,055-221-6798,경상남도 창원시 마산합포구 문화동로1-0 (월포동),88.121,18062
31,SCF0010,1,00253,001,비엔나소시지 구매,물품,SCF,해군군수사령부,202401161030,K4AB9,주식회사 푸드앤하우스,,김형석,01021205255,경상남도 양산시 평산회야로9-2(평산동),88.003,8760
25,SCF0009,1,00247,001,체다 슬라이스치즈 구매,물품,SCF,해군군수사령부,202401161030,D819A,연우상사,,황지환,055-546-2572,경상남도 창원시 진해구 여좌로123번길18-0 (여좌동),88.086,6315
32,SCF0008,1,00245,001,포장족발(슬라이스) 구매,물품,SCF,해군군수사령부,202401161030,K4AB9,주식회사 푸드앤하우스,,김형석,01021205255,경상남도 양산시 평산회야로9-2(평산동),88.034,7095
34,SCF0007,1,00241,001,순살햄 구매,물품,SCF,해군군수사령부,202401161030,M54D7,키즈앤하우스,,조용호,01042223890,경상남도 양산시 덕계로80-0 (덕계동),88.074,11465
20,LQG0001,1,00582,001,24년 음식물류 폐기물 위탁처리 용역,용역,LQG,육군 52보병사단,202401161030,J472D,천성환경,,신정훈,0327155090,경기도 부천시 부일로326-0 (중동) 2층 1-(722)호,84.374,142.45
16,LNF0002,1,00537,***,'24년 음식물쓰레기 처리용역,용역,LNF,제1보병사단,202401161030,M61B0,부자농장,,김승규,01052124800,경기도 연천군 미산면 동이리274-1 (마동로127번길 130-33),80.501,635520980
5,LMR0008,1,00683,***,주거시설 액화석유가스(LPG)공급 (5년),물품,LMR,제5군단사령부,202401161030,M7421,철원가스,,한재형,033-452-0082,강원특별자치도 철원군 갈말읍 갈말로366,83.517,725475413
16,LMR0007,1,00682,***,24년 음식물쓰레기 위탁처리 용역,용역,LMR,제5군단사령부,202401161030,L8982,사계절환경,,최원희,010-3299-6480,"경기도 안산시 단원구 광덕2로50-3, 316호 (초지동)",84.283,138124850
108,LBB0002,1,00396,001,24년 경축특식(설날)(음료(아메리카노+우유)),물품,LBB,육군제7789부대,202401161030,IF096,웰루츠,,조영중,031-322-5328,경기도 용인시 처인구 모현읍 포은대로896-0,82.999,1994.83
61,LBB0001,1,00352,001,24-1차 민수용 작전식량 구매,물품,LBB,육군제7789부대,202401161030,JC1D3,아라푸드,,박귀희,0513239653,부산광역시 사상구 새벽시장로103번길35 (감전동),83.076,4510
2,HDC0002,1,00571,***,23-용-3 광주권 임대프린터 용역,용역,HDC,공군제1전투비행단,202401161030,EF011,(주)우정오에이,woojung oa,양근선,062-352-2110,광주광역시 서구 내방로350번길2-0 (화정동) 2층,89.208,43428000
5,HCL0008,1,00384,***,'24년 간부식당 식자재,물품,HCL,공군사관학교,202401161030,D392C,주식회사푸드라인,foodline,박수식,0432761100,충청북도 청주시 흥덕구 덕암로113번길 32(),88.829,72493245
28,SCF0520,1,67687,001,카스타드 구매,물품,SCF,해군군수사령부,202401161030,J1559,행복유통,,이윤영,055-546-0842,경상남도 창원시 진해구 태평로48번길2-0 (태평동)1층,88.022,303.6
21,SCF0519,1,67669,001,단무지 구매,물품,SCF,해군군수사령부,202401161030,L7026,영진식자재,,권영희,010-9331-7380,경상남도 창원시 진해구 조천북로62-0 (경화동) 101호,90.114,5710
46,SCF0526,1,54909,001,돼지등갈비(냉동) 구매,물품,SCF,해군군수사령부,202401161030,I3EA4,더클래식,THE CLASSIC,임은미,055-337-2535,경상남도 김해시 칠산로307-14 (화목동),88.113,9764.7
35,SCF0524,1,54890,001,돼지등뼈(냉동) 구매,물품,SCF,해군군수사령부,202401161030,H295B,주식회사 금오식품,keumofood,문기윤,0555521723,경상남도 창원시 진해구 명제로484번길14(제덕동),88.014,3442
49,SCF0525,1,54882,001,돼지삼겹살(냉동)  구매,물품,SCF,해군군수사령부,202401161030,L9CA8,제일F&B,,김성준,01093190959,"경상남도 창원시 의창구 북면 월계길9번길9-2, 1동 B호",88.006,10512
50,SCF0521,1,54722,001,LA 돼지갈비(냉동) 구매,물품,SCF,해군군수사령부,202401161030,J1559,행복유통,,이윤영,055-546-0842,경상남도 창원시 진해구 태평로48번길2-0 (태평동)1층,88.138,11283
10,LDH0004,1,00630,001,24년 폐목재 위탁처리용역,용역,LDH,육군종합정비창,202401151330,L8B8C,(주)일진건설환경,,박태후,0553439919,경상남도 김해시 한림면 김해대로1031번길49-0,89.222,88000
8,LDH0007,1,00646,001,24년 고무패드류 위탁처리 용역,용역,LDH,육군종합정비창,202401151330,JCAD2,주식회사엘킹덤,,김인혜,0553132230,경상남도 창원시 의창구 대산면 유등로332번길86-20,88.025,584615
10,LDH0006,1,00641,001,24년 폐합성고무 위탁처리 용역,용역,LDH,육군종합정비창,202401151330,K2389,진성산업주식회사,,박진석,0558545007,경상남도 사천시 축동면 관동마을길5-0,88.188,318505
7,LDH0017,1,00680,***,24년 수질 TMS측정기기 유지관리용역,용역,LDH,육군종합정비창,202401151330,K6D41,주식회사 이앤티코리아(E&T KOREA inc),,정용,0527007790,울산광역시 울주군 청량읍 화창9길11,88.345,46239600
7,UMM0812,1,61759,***,24-M-음식물류 폐기물 위탁처리 용역,용역,UMM,국군재정관리단,202401151100,D8A50,원진기업(주),"Wonjin Business Co., Ltd.",이상수,0542919660,경상북도 포항시 남구 오천읍 정몽주로624번길 10(),80.733,330378980
97,LKG0003,1,00661,***,'24년 1~2월 천일염 구매,물품,LKG,육군제53보병사단,202401151100,K4AB9,주식회사 푸드앤하우스,,김형석,01021205255,경상남도 양산시 평산회야로9-2(평산동),88.001,21674200
46,LCJ0002,1,00605,***,파병부대 전투복 등 2품목 제조,물품,LCJ,종합보급창,202401151100,F8F2B,매쉬미디어(주),"Mash Media Co., Ltd",김문선,07088316061,서울특별시 마포구 양화로183-0 (동교동) 효성홍익인간오피스텔 14층 1412호,88.055,129373231
3163,LCJ0001,1,00599,***,파병부대 반팔티 등 5품목 구매,물품,LCJ,종합보급창,202401151100,J3C61,프로컴퍼니,,이석희,01024990092,"경기도 의왕시 장안중앙로42, 104동 502호(삼동, 의왕역 푸르지오 라포레)",87.996,127183860
5,SCU0012,1,00664,***,24-ㅇ전단 렌탈프린터 임차 용역,용역,SCU,해군 기동함대사령부,202401151030,L09D9,제주 사무기기렌탈,,한정희,064-743-2611,제주특별자치도 제주시 성지로46-0 (일도일동),89.682,12980000
9,SCH0002,2,00299,***,24-진 0전단 승강기 유지보수 용역,용역,SCH,해군작전사령부,202401151030,GA51E,주식회사 대동엘리베이터,"DAE DONG ELEVATOR CO.,LTD.",추상태,0552327532,경상남도 창원시 마산회원구 합포로292-0 (양덕동),88.134,10300095
620,MDK0001,1,00579,***,24년 취사장 및 식당 방역 방제용역,용역,MDK,국군수송사령부,202401151030,EF65B,대한방역공사,daehan,이서준,053-764-2623,대구광역시 수성구 지산동1268-24,88.006,31562240
7,LKT0003,1,00462,***,24년 직할대 생활폐기물 처리용역,용역,LKT,제1989부대,202401121330,B6532,초당환경유한회사,chodang environment,박영남,0629441488,전라남도 장성군 삼서면 옥산길9,84.382,111162400
8,LDH0002,1,00591,001,24년 폐수처리오니/광재 위탁처리용역,용역,LDH,육군종합정비창,202401121330,H34CF,(주)도호네트웍스,DOHONetworks,이현철,0553725545,경상남도 양산시 하북면 신평남부길109-0,95.15,195800
473,UMM0002,1,00294,***,24-M-얼음정수기 임차 용역,용역,UMM,국군재정관리단,202401121100,HBE36,제이씨드림,JC Dream,김현구,01093675349,울산광역시 울주군 온양읍 남창로944-2,87.76,201152990
4,UHD0001,1,00475,***,'24년 간부식당 식자재 계약,물품,UHD,공군 작사예하 방포사예하 제3여단,202401121100,L8BB1,명과,,조철,01086436494,서울특별시 송파구 법원로4길5-0 (문정동) 1047,91.871,55120000
5,SFG0003,1,00398,***,24년 청룡회관 식자재(감자 등 119종) 구매,물품,SFG,제9181부대,202401121030,GA2CF,에이치케이푸드,에이치케이푸드,정흥기,01049799558,"경기도 용인시 수지구 진산로108(풍덕천동, 진산마을삼성6차아파트)",88.25,72725800
16,SCH0206,2,67736,***,24-진 음식물류 폐기물 처리 용역,용역,SCH,해군작전사령부,202401121030,E2F27,누리바이오텍주식회사,bedel,김유정,055-635-5853,경상남도 거제시 피솔길 193(),88.501,48841074
11,LFC0005,1,00540,***,U기반 훈련병관리체계 유지보수 용역,용역,LFC,육군훈련소,202401121030,B6D3B,(주)다큐멘테크,DOCUMENTECH,임지연,025661805,"경기도 하남시 미사강변한강로155, 1동 314호(망월동, 지식산업센터)",88.211,18246120
6,LKS0001,1,00530,***,'24년 기록관리장비 유지보수 용역,용역,LKS,육군인사사령부,202401121030,EF559,주식회사 산돌비엠티,"SANDOL BMT Co., Ltd.",김은아,023251225,"서울특별시 마포구 양화로3길 82, 국민빌딩 2층(합정동 426-21 국민빌딩 2층)",98.171,42174000
15,HCG0051,1,60737,***,24-항공관제 분석체계 유지보수 용역,용역,HCG,공군본부,202401111600,F57CE,주식회사 글로벌메타,Global Engineering & Construction,김부원,07050677629,서울특별시 관악구 남부순환로1808 (봉천동) 1414호,87.844,28282000
3522,UMM0811,1,61806,***,24-F-공본지역 임대프린터 용역,용역,UMM,국군재정관리단,202401111100,L2C9F,구자다,,구자혜,01099269890,"인천광역시 강화군 강화읍 남문로41, 102동 1002호(남산리.미래지향아파트)",87.746,67081610
148,UMM0001,1,00291,***,(23F265-A)24년 ~ 26년 정수기 임차용역,용역,UMM,국군재정관리단,202401111100,KF15B,로템컴퍼니,,최우준,01024361862,"서울특별시 양천구 오목로23길38, 102호(신정동, 중앙빌라)",87.745,187607590
54,HDL0001,1,00324,***,24년 예성회관 식자재 구매,물품,HDL,공군제16전투비행단,202401111100,I4744,푸른,PUREUN FOOD,고승정,07077788187,"경기도 성남시 분당구 성남대로916번길11, 4층 4-22호 (야탑동, 글라스타워)",83.011,350370719
21,SCF0518,1,54676,001,살치살(냉동/스테이크용) 구매,물품,SCF,해군군수사령부,202401111030,M5110,태산,,김소영,01021205255,경상남도 양산시 덕계로80-0 (덕계동),88.212,24940
28,SFD0001,1,00453,***,'24 ~ '29년 간부숙소 정수기 임차용역,용역,SFD,제9227부대,202401111030,J57A6,태성전지,,이재성,0553457927,경상북도 포항시 남구 청림서길10번길16 (청림동),88.001,92788560
10,SCF0002,1,00408,***,'24년 국외항공특송 수송용역,용역,SCF,해군군수사령부,202401111030,L9F46,(주)성강로지스틱스,,김재근,024669911,"서울특별시 중구 서소문로116, 1302호, 1303호 (서소문동)",88.223,39358000
13,LKF0004,1,00421,***,00부대 사업장 생활폐기물 처리 용역,용역,LKF,제6755부대,202401111030,F57A8,주식회사 정원,Jeongwon,고득용,0545541232,경상북도 문경시 신기공단1길22-21 (신기동),84.355,114859630
18,SCF0517,1,54699,001,살치살(냉동/덩어리) 구매,물품,SCF,해군군수사령부,202401111030,J7AB3,유진축산,,김무형,0555452900,경상남도 창원시 진해구 석동로34번길12 (석동),87.999,20848
31,SCF0515,1,54692,001,부챗살(냉동/덩어리) 구매,물품,SCF,해군군수사령부,202401111030,HC6D5,주식회사 원양에프엔지 농업회사법인,wonyang,심세진,0552712845,경상남도 창원시 마산합포구 진전면 팔의사로511-97,88,20717
32,SCF0516,1,54682,001,부챗살(냉동/스테이크용) 구매,물품,SCF,해군군수사령부,202401111030,L7026,영진식자재,,권영희,010-9331-7380,경상남도 창원시 진해구 조천북로62-0 (경화동) 101호,88.017,20880
2,UMM0804,2,61768,***,(23F272-I) 24년 수료신병 수송용역,용역,UMM,국군재정관리단,202401101100,BB97F,(주)코리아나고속관광,"koreana traver service co.,ltd",곽연숙,0425247400,"대전광역시 서구 동서대로 1078, 승일빌딩2층 201(변동)",98.507,201850000
3,HDL0002,1,00340,***,24년 예성회관 식자재 구매(김치류),물품,HDL,공군제16전투비행단,202401101100,H48F3,농업회사법인 비에스푸드 주식회사,BSF,심재일,0415815200,충청남도 천안시 서북구 성환읍 대홍4길69-6,90.534,32690000
7,HDL0003,1,00349,***,24년 체력단련장 액화석유가스(LPG) 구매,물품,HDL,공군제16전투비행단,202401101100,HFC8F,천일산소,chunil  sanso,김정숙,054-275-1005,경상북도 포항시 남구 해동로118-0 (해도동),88.126,21041412
81,LFC0003,1,00385,***,24년 2~3월 경쟁계약 품목(부식류) 구매,물품,LFC,육군훈련소,202401101100,K0D99,주식회사 와겐,,이소희,0535832811,"대구광역시 달서구 성서로229, 310호(갈산동, 성서지식산업센터)",88.004,152810485
25,LFC0001,1,00376,***,24년 설날 경축특식 훈제닭다리 제조구매,물품,LFC,육군훈련소,202401101100,LDC14,농업회사법인주식회사대화농산,,최태은,0312168952,경기도 수원시 영통구 법조로25-0 (하동) SK VIEW LAKE A동 3716호,87.996,38448960
3,UMM0801,2,62118,***,(23F296-I) 24년 전투지휘훈련 병력수송용역,용역,UMM,국군재정관리단,202401101100,C6CD1,(주)대원고속관광,daewon tour.co,김동현,0422425050,"대전광역시 중구 태평로44번길27, 309호(유천동, 현암에버드림)",88.349,107700520
3,SCP0004,1,00317,***,24-오폐수처리시설 위탁관리 용역,용역,SCP,제8385부대,202401101030,A43E1,케이엠네이쳐주식회사,"KM NATURE CO.,LTD",정복녀,0336617914,강원특별자치도 강릉시 주문진읍 농공단지길28-75,88.032,168236936
43,LPF0003,2,00399,***,정비고 등 건설폐기물처리 용역 (23-216),용역,LPF,제51보병사단,202401101030,DB509,동우이엔이 주식회사,DONGWOO EandE Corporation,김희진,0316824115,경기도 평택시 현덕로 529-10(현덕면),88.054,10793700
14,LFC0004,1,00374,***,24년 인터넷 및 모바일 홈페이지 유지보수 용역,용역,LFC,육군훈련소,202401101030,C3A87,주식회사 케이티엔티,KTNT,오성근,0425240030,대전광역시 유성구 장대로95 (장대동) KT유성빌딩 3층,88.142,12682829
11,SDQ0001,1,00370,***,'24-00창 대기오염 방지시설 검사용역,용역,SDQ,해군제2수리창,202401101030,LCCD7,주식회사 드림포이엔,,하준명,0314202156,"경기도 안양시 만안구 덕천로152번길25, 비동 2005호(안양동, 안양아이에스 BIZ타워센트럴)",88.132,27336100
22,LPF0002,1,00364,***,재해예방기술지도 시설(23-184),용역,LPF,제51보병사단,202401101030,C21F7,정원도시안전진단 주식회사,JCSAFE,문현주,0328890675,"인천광역시 연수구 인천타워대로323 에이동 2202호(송도동, 송도 센트로드)",88.019,12966360
23,LPF0001,1,00355,***,재해예방기술지도 시설(23-172),용역,LPF,제51보병사단,202401101030,J2348,주식회사 한국미래안전,,이인숙,0315420456,"경기도 포천시 가산면 선마로155, 201호(마산리)",88.453,12900000
4,MHD0099,1,53456,***,무기체계 개발시험평가 역할 재정립에 관한 연구,용역,MHD,방위사업청(운영지원과),202401091500,CB4AB,한성대학교 산학협력단,hansung industry-university cooperation foundation,이정훈,027604218,서울특별시 성북구 삼선교로16길116-0 (삼선동2가),,60632000
31,UAZ0001,1,00236,***,도서관 24년 정기간행물 구매,물품,UAZ,합동군사대학교,202401091300,JE8D0,데쎄오,,임지현,01051180265,"경기도 오산시 수목원로577-15 (세교동, 세마역 에듀파크)",87.592,9593380
59,HDP0002,1,00249,***,'24년 간부식당 2개소 식자재 구매,물품,HDP,공군제19전투비행단,202401091100,JED52,주식회사 아름상사,,박정석,0313764700,경기도 화성시 동탄광역환승로63 (오산동),83.002,720207860
12,LCH0001,1,00323,***,24년 대보수 실시설계용역(1-1공구),용역,LCH,특수전사령부,202401091100,J3F48,타임종합건축사사무소,,서재증,0325630740,"인천광역시 서구 파랑로495, 1동 4층 403호(청라동, 에이스하이테크시티청라)",88.074,21538480
8,HDP0001,1,00250,***,'24년 간부식당 2개소 김치 구매,물품,HDP,공군제19전투비행단,202401091100,4675F,(주)동심,dongsim Co.Ltd,김미애,0438510043,충청북도 충주시 중앙탑면 감노로2315,88.068,100372918
4,SCP0002,1,00275,***,24-포 음식물류폐기물 처리 용역,용역,SCP,제8385부대,202401091030,D8A50,원진기업(주),"Wonjin Business Co., Ltd.",이상수,0542919660,경상북도 포항시 남구 오천읍 정몽주로624번길 10(),84.32,84742280
2,SCN0004,1,00321,***,24-진 체단장 매립지 발생가스 측정용역,용역,SCN,제7001부대,202401091030,G2329,주식회사 에코텍코리아,,박상조,0552478088,경상남도 창원시 의창구 차상로68-0 (팔용동),88.496,4150000
25,SCN0002,1,00246,***,24-진 체단장 매립지 토양오염도 검사용역,용역,SCN,제7001부대,202401091030,JEFC7,재단법인 테라환경연구원,,김종민,0314299979,"경기도 군포시 고산로166, 102동 1104호(당정동, 에스케이벤티움)",88,24830000
11,SCH0003,1,00300,***,24-부 00회관 승강기 유지보수 용역,용역,SCH,해군작전사령부,202401091030,E39E7,한국승강기블루(주),"Korea Elevator Blue Co.,Ltd",백승훈,0513375114,부산광역시 북구 금곡대로104번길10 (덕천동),88.213,2280000
6,SCH0001,1,00298,***,24-부 00기지 오/폐수처리시설 관리 용역,용역,SCH,해군작전사령부,202401091030,A951E,(주)대한환경이엔지,daehanengineering co.ltd,정태운,0515062828,부산광역시 동래구 여고북로73번길 37(온천동),88.186,42022635
322,HCM0008,1,00310,***,24-01-002 금속명찰 등 4품목,물품,HCM,공군교육사령부,202401091030,GC76B,백야테크,BaekyaTedh,권경자,07078180818,경상남도 창원시 의창구 명서로77번길22-9 (명서동),88.009,66496900
6,SCN0001,1,00237,***,24-진 체단장 매립지 침출수 수질분석 용역,용역,SCN,제7001부대,202401091030,FB395,주식회사디엠이테크,DMETECH,송영일,0613756857,전라남도 화순군 화순읍 정곡로55-5,88.21,8871000
4,SCP0003,1,00278,***,24-동 음식물류폐기물 처리 용역,용역,SCP,제8385부대,202401091030,J9557,두미르환경,,김나경,01053897169,강원특별자치도 춘천시 동면 소양강로398-0,84.268,122541870
63,UMM0800,1,54798,***,24-D-계룡지역 조경관리 용역,용역,UMM,국군재정관리단,202401081100,DF36B,진솔조경(주),JINSOL,김옥희,0312629881,경기도 용인시 수지구 풍덕천로139번길 10-5(),88.251,1709520000
2,SFC0001,1,00252,***,24-덕-의료폐기물 처리 용역,용역,SFC,제9691부대,202401081100,DAB5B,주식회사 이에스지한일위생,HANIL,이길용,029534511,"경기도 안산시 상록구 선진6길44, 107호(사동)",88.128,1756000
6,SCL0001,1,00223,***,'24년 음식물쓰레기 처리 용역,용역,SCL,해군사관학교,202401081030,K5076,아이맥스 환경 주식회사,,김무성,01093156168,경상남도 김해시 한림면 김해대로927번길66-41,88.341,28041980
4,HDK0040,1,56836,***,공군 제11전투비행단 병사식당 급식 민간위탁 용역,용역,HDK,공군제11전투비행단,202401081000,C6195,주식회사 풀무원푸드앤컬처,"Pulmuone Food & Culture Co.,Ltd",이동훈,0234007790,서울특별시 송파구 송파대로34길29(송파동),0,41583360000
31,UMM0794,1,60076,***,24-F-행정지원체계 통합유지보수 용역,용역,UMM,국군재정관리단,202401051100,EEA86,청남정보통신 주식회사,chungnam information,박규대,0424718874,"대전광역시 서구 월평서로25번길42, 2층(월평동)",87.843,130820000
5,SCH0204,1,62294,***,24-부 일반폐기물 처리 용역,용역,SCH,해군작전사령부,202401051030,IA75E,주식회사 이레산업,ire-industry,박점미,0519711662,부산광역시 남구 양지골로79  비이동 (감만동),84.369,90942500
67,MDK0070,1,67601,***,24년 정보화장비 통합 유지보수,용역,MDK,국군수송사령부,202401051030,BE71D,(주)인컴에스엔,incomsn,강인식,0314794100,"경기도 안양시 동안구 엘에스로 76(호계동, 안양 국제 유통단지)디오밸리 413호",88.017,76484190
8,SCN0195,1,67532,***,24-진-05 정수슬러지 폐기물 처리용역,용역,SCN,제7001부대,202401051030,CEBE9,주식회사 중앙교역,JUNGANGKYOYEUK,최성옥,0555516565,경상남도 창원시 진해구 남영로552번길16-0 (남양동),92.119,41454559
15,LGC0065,1,67778,***,24년 사관후보생 이발용역,용역,LGC,육군학생군사학교,202401051030,J68B5,대경헬스케어,,이호근,01094532444,"충청북도 청주시 흥덕구 강내면 궁현2길22-5 , 2동 104호",88,67867749
35,UMM0795,1,55567,***,(23F275-A) 대기오염 측정용역(특정물질),용역,UMM,국군재정관리단,202401041100,CEA29,주식회사에스텍코리아,S-TECH KOREA,전인기,0314102312,경기도 안산시 단원구 광덕4로180-0 (고잔동) 부원프라자 202호,87.882,176880880
62,UMM0807,1,67511,***,(23G056)24년 합동전파관리시스템 유지보수 용역,용역,UMM,국군재정관리단,202401041100,11099,株式會社 錦湖이.티.시,Kumho E.T.C,김두현,0553252111,"경상남도 김해시 칠산로291번길16-5, 2층(화목동)",87.754,138383000
72,UMM0805,1,67142,***,(23G053-H) 24년 정보통신장비 통합유지보수용역,용역,UMM,국군재정관리단,202401041100,B9FD4,(주)두손씨에스티,"DOOSONCST CO., LTD.",최수경,0260119999,서울특별시 금천구 벚꽃로234 에이스하이엔드6차 1001호,83.213,487383800
10,UMM0796,1,66287,***,(23F295-A) 24년 상병건강검진 부분위탁용역,용역,UMM,국군재정관리단,202401041100,GAFE5,신촌연세병원,SHINCHON YONSEI HOSPITAL,김영진,027180181,서울특별시 마포구 서강로110-0 (신수동),87.847,178000000
2939,UMM0793,1,62005,***,24-F-프린터 임차 용역,용역,UMM,국군재정관리단,202401041100,I3629,까치밥,withbob,김병준,01038859150,경상남도 산청군 신안면 중촌갈전로912-37,87.745,114486556
99,UMM0792,1,61790,***,24-F-임대프린터 용역,용역,UMM,국군재정관리단,202401041100,L3AF7,엠제이컴퍼니,,유수환,0539838053,"대구광역시 동구 신암남로50, 107동 1101호(신암동, 신암건영캐스빌)",87.751,110605001
25,SCK0008,1,00212,***,24-사이버 침해대응 모의훈련체계 유지보수 용역,용역,SCK,해군교육사령부,202401041030,J1AD6,에코비엠 주식회사,"Eco BM Co., Ltd.",김영순,0617240885,"전라남도 순천시 덕월길22, 제상가동 제지하층(덕월동)",88.007,32836666
4,LKT0143,1,66655,***,24년 전기안전관리대행 용역(광주),용역,LKT,제1989부대,202401041030,H28B2,주식회사 신흥전기안전관리,"Sinhung Co., Inc. electrical safety management",박정구,0626033315,"광주광역시 서구 매월2로53, 비-5동 236호 (매월동, 산업용재유통센터)",88.327,15273710
12,LKT0142,1,66651,***,24년 전기안전관리대행 용역(전남),용역,LKT,제1989부대,202401041030,L4535,대광전기시스템,,전해석,01036385470,전라남도 화순군 한천면 학포로1741-8,88.496,52054000
11,MCN0085,1,67409,***,'24년 의약품 구매(연간단가계약),물품,MCN,국방부근무지원단,202401041030,HC8AA,제이메디케어,Jmedicare,정지혜,07050883007,경기도 구리시 안골로44-1 (교문동) 다건씨티 203호,88.26,86547200
244,MCN0083,1,67380,***,'24년 대기배출시설 소모품 구매(연간단가계약),물품,MCN,국방부근무지원단,202401041030,K519A,에이스건설산업,,김진욱,01097270975,인천광역시 서구 경명대로706번길16-0 301호 (공촌동),88,46641180
17,HDP0055,1,66415,***,(24-용역-01) 24년 오폐수처리장 관리용역,용역,HDP,공군제19전투비행단,202401031100,CEF2C,호암엔지니어링(주),"HOAM ENGINEERING CO., LTD",윤기상,0438465424,충청북도 충주시 금대2길49-4 2층 (칠금동),88.102,351164910
73,HDP0057,1,66546,***,(24-임차-01) 24년 프린터 임차 계약,용역,HDP,공군제19전투비행단,202401031100,J9B89,주식회사 씨엔기업,,최남규,07047723555,충청북도 충주시 남산13길12 (교현동),88.011,35476200
31,LGM0026,1,66306,***,'24년 군 주거시설 전기안전관리 위탁 관리 용역(경기,용역,LGM,제11기동사단,202401031100,E3BA7,주식회사 씨에스,CS Co.Ltd,박찬석,07087937244,"경기도 여주시 여주남로320, 2층(연라동)",88,22360460
10,LGM0025,1,66263,***,'24년 군 주거시설 전기안전관리 위탁 관리 용역(강원,용역,LGM,제11기동사단,202401031100,L1D81,주식회사 에스지전력,,채희윤,033-813-0940,강원도 원주시 흥업면 대안은행정길43-1,88.263,21887293
12,UMM0797,1,66772,***,(23F271-A) 음식물류  폐기물  위탁처리 용역,용역,UMM,국군재정관리단,202401031100,L8AA7,오션환경,,김진태,010-9439-9299,경기도 광명시 범안로1035-0 (하안동),80.61,389606970
32,UMM0799,1,61176,***,(23F274-I) 24년 대기오염 측정용역(일반물질),용역,UMM,국군재정관리단,202401031100,L9950,주식회사 이안환경,,김수성,0552886001,경상남도 창원시 의창구 창이대로15번길24-0 (팔용동) 6층,87.754,126324000
6,UMM0783,2,54876,***,(23F262-I) 24년 오수처리시설 위탁관리 용역,용역,UMM,국군재정관리단,202401031100,D40FE,청해ENV주식회사,CHUNGHAE ENVIRONMENT COMPANY,이병관,0319463695,"경기도 파주시 가나무로143, 3층 (금릉동, 파주메트로프라자1)",88.066,170680640
30,UMM0757,2,52547,***,(23F266-I) '24년 전자유도카트 위탁관리 용역,용역,UMM,국군재정관리단,202401031100,A12D8,주식회사 신한교역히타치골프카트한국총판,"SHIN HAN TRADING CO., LTD.",송덕순,0537569300,대구광역시 수성구 국채보상로1087-1 (만촌동),97.305,79200000
8,MCR0073,1,63740,***,'24년 통합사이버교육시스템 유지보수 용역,용역,MCR,국방대학교,202401031030,D9CC4,주식회사 명품시스템,Myoung Poom System,이명아,0425240164,대전광역시 서구 계룡로408-0 (갈마동),87.795,20624764
95,LBA0126,1,66153,***,'23-3차 천일염 구매,물품,LBA,제 2167부대,202401031030,H4F56,케이지메디텍주식회사,"KGMeditech co.,LTD",강병식,07043521111,"경기도 이천시 신둔면 이장로311번길400-94, 에이동 2층",88.005,31408850
164,SCQ0154,2,54928,***,수영장자동청소기 등 16종 구매,물품,SCQ,제9911부대,202401031030,EF2CA,대광종합상사,DaKang a general trading company,김정현,0336539838,강원특별자치도 강릉시 경강로2496,89.484,25489200
33,HCL0005,1,00051,***,24년 간부식당 식자재 구매,물품,HCL,공군사관학교,202401031030,D3B5E,미가온,MIGAON,변정순,0319438200,경기도 파주시 장명산길174-20 (오도동),83.327,351974920
36,SFN0082,1,65544,***,24-Y-무인감시장비 유지보수용역,용역,SFN,연평부대,202401031030,HB34F,주식회사 썬플라워즈,SUNFLOWERs.co.ltd,김종석,07075280972,"인천광역시 서구 가석로30, 광양프런티어밸리 3차 301호 (가좌동)",87.85,194724895
40,SFD0105,1,60452,***,24-P-AV/방송 및 광다중화장비 외주정비 용역,용역,SFD,제9227부대,202401031030,10219,진명전력 주식회사,"JIN MING ELECTRICITY CO., LTD.",배장수,0539447600,경상북도 문경시 산양면 산양공단1길19-90,87.787,103158840
3,SCR0090,2,61362,***,24년 배추김치(포기절단) 등 10종 구매,물품,SCR,해군제3함대사령부,202401031030,J47CB,현진식품 영농조합법인,,정재웅,0614539877,전라남도 무안군 망운면 조금나루길22,88.989,53896000
31,MDS0030,1,66867,***,교육단 증개축 GHP 실외기 설치납품,물품,MDS,제3707부대,202401031030,E1986,(주)비케이에너지,BKenergy,이복경,0318377674,경기도 의정부시 민락로387-0 (낙양동),88.039,60496000
61,HCL0004,1,00209,***,24-항의원 훈련센터 청소 용역,용역,HCL,공군사관학교,202401021630,HE9E3,주식회사 아주산업관리,AJUSAN,지온규,0432662526,"충청북도 청주시 서원구 사북로87, 1층(사직동)",88.077,30302910
33,UMM0789,1,58245,***,"24-F-천궁, 발칸 교육훈련장비 유지보수",용역,UMM,국군재정관리단,202401021100,BD192,경안이엔지(주),"KyungAhn ENG.,Ltd.",금동중,024524927,"서울특별시 광진구 아차산로78길110-0 (광장동, 리버힐오피스텔) 310",87.756,68156590
36,SFC0179,2,60734,***,24-덕-오폐수처리 시설 위탁 관리 용역,용역,SFC,제9691부대,202401021100,C999F,주식회사 자연환경산업,nature environment,장진명,0312836411,"경기도 용인시 기흥구 어정로139, D-201 (중동,라비스타상가)",88.055,16955280
4,LGT0109,2,60364,***,00부대 토양오염 정밀조사 용역(S-105),용역,LGT,제2307부대,202401021030,C2445,강원대학교산학협력단,KNU-Industry Cooperation Foundation,장철성,0332508295,강원특별자치도 춘천시 강원대학길1 (효자동),88.133,16850000
2,SFN0077,1,65438,***,24-Y-오폐수처리시설 관리용역,용역,SFN,연평부대,202401021030,C75F7,주식회사 한길자연환경,Hangil environment Engineering Corp.,강진무,0325540996,"인천광역시 계양구 계산천서로44, 청구빌딩 4층",90.324,87780000
7,SCN0194,1,65581,***,24-진-04 00원 의료 폐기물 처리용역,용역,SCN,제7001부대,202401021030,I7E28,주식회사 청신산업,chungshin co,전미경,0555870340,경상남도 함안군 칠원읍 용산5길29-74,88.621,24242000
987,LMH0052,1,65791,***,24년 복지회관 청소용역(C082),용역,LMH,제7군단,202401021030,JEC13,성우종합관리 주식회사,,박성우,0557481225,"경상남도 진주시 에나로142, 5층(충무공동, 솔레어빌딩)",88.002,32485600
30,SFN0078,1,65466,***,24-Y-방송시스템 유지보수용역,용역,SFN,연평부대,202401021030,K9BF9,주식회사 준서전력,,김혜선,0328860520,"인천광역시 옹진군 영흥면 영흥로482-6 ,102호",88.005,28048800
20,SFN0079,1,65483,***,24-Y-통신전자장비 유지보수용역,용역,SFN,연평부대,202401021030,IFBCE,(주)두굿이엔지,,전미연,0325611324,인천광역시 서구 고산후로121번길25-0 (원당동) 제일프라자 501-3호,88.057,31135320
2,SCN0193,1,65508,***,24-체단장 액화석유가스(LPG) 구매,물품,SCN,제7001부대,202401021030,G27FF,진해산소 일사가스,jinhaeox,노진섭,0555465562,경상남도 창원시 진해구 행암동30-4,88.187,20790450
